version https://git-lfs.github.com/spec/v1
oid sha256:a739decf45b406fb0ec0a0126b38628cf04b8317ceab9a982d7c1f931dd99707
size 7361
