aspect,aspect_vecs,cluster_main_vecs
日,"[ 4.370e-02 -1.890e-02  7.941e-01  1.764e-01  2.917e-01 -4.000e-04
 -1.330e-02 -1.200e-02 -5.050e-02 -6.236e-01  3.200e-02 -8.960e-02
 -1.169e-01 -1.980e-02 -6.036e-01 -6.240e-02 -1.702e-01  7.300e-02
 -8.970e-02  1.810e-02 -7.070e-02 -2.090e-02  6.130e-02  8.340e-02
 -6.660e-02  9.600e-02 -1.102e-01 -3.070e-02  1.152e-01  1.120e-01
 -3.750e-02  1.950e-02 -3.030e-02  7.410e-02 -6.400e-03 -2.320e-02
 -3.550e-02 -1.340e-02  8.000e-03  8.520e-02 -3.590e-02 -1.056e-01
 -8.810e-02 -1.320e-02  9.130e-02  3.694e-01  8.910e-02 -4.080e-02
 -4.880e-02 -5.330e-02 -4.910e-02  3.440e-02 -1.805e-01 -5.980e-02
 -1.210e-02 -1.852e-01 -3.360e-02 -7.600e-02  4.600e-03 -7.580e-02
  1.980e-02  3.870e-02 -9.330e-02 -1.008e-01  8.000e-02  1.759e-01
 -3.850e-02 -2.040e-02 -1.097e-01 -7.750e-02 -2.670e-02 -3.970e-02
  4.690e-02 -1.374e-01 -1.507e-01 -2.112e-01  9.700e-02 -1.056e-01
 -3.840e-02  1.009e-01 -6.040e-02  6.040e-02 -7.440e-02 -5.100e-03
  9.960e-02 -2.970e-02 -8.920e-02  6.020e-02 -1.223e-01 -2.190e-02
  1.886e-01 -6.960e-02  7.450e-02  5.770e-02 -1.510e-01 -6.720e-02
 -3.857e-01  1.410e-02 -2.083e-01 -1.350e-02 -5.890e-02 -1.080e-01
  4.520e-02  1.253e-01 -3.400e-02  4.061e-01 -4.316e-01 -1.510e-01
  5.710e-02 -4.580e-02 -2.779e-01  4.330e-01  1.117e-01  2.700e-03
 -7.070e-02  8.400e-02 -9.230e-02  2.060e-01  7.630e-02  3.700e-03
 -9.530e-02  3.280e-02 -1.970e-02 -1.363e-01 -9.900e-03 -1.510e-02
  6.770e-02  5.890e-02  5.993e-01 -8.430e-02 -1.052e-01 -1.360e-02
  1.342e-01 -2.170e-02 -3.770e-02 -4.739e-01 -1.562e-01  7.960e-02
 -5.760e-02  4.580e-02 -2.190e-02 -1.016e-01 -1.229e-01 -3.360e-02
  6.566e-01  5.830e-02 -1.532e-01  1.617e-01  1.275e-01 -1.213e-01
 -6.590e-02 -1.114e-01 -3.540e-02  1.546e-01  1.675e-01 -5.190e-02
  1.068e-01  7.400e-03 -8.390e-02 -7.480e-02  7.830e-02  2.108e-01
 -1.300e-02  3.239e-01  3.960e-02  9.200e-03 -2.286e-01 -3.520e-02
 -3.330e-02  3.190e-02 -2.930e-02 -1.650e-01 -2.830e-02 -2.400e-03
  5.820e-02 -8.550e-02 -5.290e-02 -1.145e-01  4.150e-02 -1.754e-01
  8.110e-02  5.290e-02 -7.087e-01  3.326e-01 -1.215e-01 -1.140e-02
 -1.451e-01  4.319e-01  7.120e-02 -1.474e-01 -2.480e-02 -5.630e-02
  1.930e-01  3.580e-02 -4.802e-01 -3.660e-02 -1.790e-02  1.257e-01
 -3.430e-02 -1.609e-01 -4.550e-02  1.225e-01 -5.000e-02  5.300e-02
 -1.486e-01 -1.644e-01 -5.760e-02  1.844e-01 -2.540e-02 -6.910e-02
  1.048e-01 -1.463e-01  9.390e-02 -6.210e-02  5.623e-01 -2.441e-01
  1.705e-01 -6.065e-01 -4.200e-03  2.180e-02  1.526e-01  4.290e-02
 -1.346e-01 -4.020e-02  2.570e-02 -2.250e-01 -1.758e-01 -2.470e-02
  3.890e-02  1.412e-01  4.430e-02 -3.297e-01  3.800e-03 -2.330e-02
  7.250e-02 -5.840e-02  1.331e-01  3.450e-02 -2.840e-02  1.994e-01
 -7.800e-03 -1.300e-03  1.830e-02 -4.648e-01  6.990e-02  1.456e-01
 -2.340e-02 -1.910e-02 -2.070e-01 -6.072e-01 -4.990e-02 -2.053e-01
  8.980e-02 -5.590e-02 -1.200e-03 -6.800e-02  1.289e-01 -1.288e-01
  7.730e-02  7.120e-02 -1.121e-01  5.780e-02  9.810e-02 -2.518e-01
  5.820e-02  4.338e-01 -9.490e-02 -1.600e-03  5.670e-02  4.080e-02
 -4.740e-02 -2.840e-02 -1.500e-03 -1.056e-01  2.210e-02 -1.120e-02
  1.305e-01  8.540e-02  1.345e-01  2.570e-02  2.208e-01  1.132e-01
 -2.380e-02  5.660e-02  4.500e-03 -7.470e-02  2.910e-02  6.510e-02
  2.600e-02  3.850e-02  7.790e-02  4.990e-02 -1.192e-01 -7.190e-02
 -2.979e-01  1.600e-02 -1.015e-01  2.472e-01 -1.300e-03 -9.600e-02]","[-0.06612857  0.03081428  0.53901428  0.12942857  0.01934286  0.00377143
  0.00938571 -0.05847143 -0.18921429 -0.24851428  0.15144286 -0.00507143
 -0.13774286 -0.02754286 -0.28962857  0.08087143 -0.07235714 -0.06614286
 -0.14051429 -0.05984286  0.05527143  0.07201429  0.00865714 -0.04927143
 -0.00818571 -0.07175715  0.00474286  0.11208571  0.10734286  0.00692857
 -0.10064286 -0.09727143 -0.05884286 -0.05555714 -0.00495714 -0.04681428
 -0.04981429 -0.01597143  0.05818572  0.09271429 -0.05415714  0.03662857
  0.01565714 -0.01691429 -0.01391429  0.12872857 -0.06445714  0.0089
  0.05894286  0.03094286 -0.02395714 -0.01794286  0.01055714  0.0337
 -0.08387143 -0.12561428  0.00431428 -0.12012857  0.01548572  0.02494286
 -0.00558571 -0.03247143 -0.05628572  0.02682857  0.11195714 -0.01432857
  0.0083     -0.01047143 -0.0173      0.14628571 -0.04768571  0.10057143
  0.02801429 -0.04192857 -0.04844286 -0.06785714  0.00845714  0.00522857
 -0.00091428  0.15044286 -0.00198571  0.02702857 -0.05632857 -0.08511428
 -0.04122857  0.03458571 -0.07242857  0.01522857  0.0016     -0.06511428
 -0.0348     -0.10154286 -0.06702857  0.08692857 -0.06064286 -0.09681428
 -0.29121429  0.02914286  0.04544286  0.02512857 -0.02531429  0.11414286
  0.02337143  0.0151     -0.08091429  0.35204285 -0.02254285 -0.11804286
  0.06405714  0.00432857 -0.23704286  0.15594285  0.10321428 -0.00598571
  0.03221429  0.02172857  0.05025714  0.06858571  0.12978571 -0.04667143
  0.03717143 -0.03535715  0.12855715  0.01567143 -0.08394286  0.0083
 -0.03654286  0.01197143  0.2987      0.01375714 -0.07595714 -0.09062857
  0.14178571 -0.10117143  0.03505714 -0.38878571  0.05724286  0.10604285
 -0.1115      0.09158572 -0.06781428  0.00572857 -0.00918571  0.06881429
  0.397       0.05874286 -0.08355714 -0.10887143 -0.02232857 -0.0972
 -0.04722857 -0.08647143  0.10445714 -0.05435714  0.23004286 -0.10092857
  0.07982857  0.03097143 -0.04381428  0.0323      0.00655714  0.04631428
  0.01677143  0.06588571  0.10512857  0.10038571 -0.14184286 -0.08217143
 -0.00432857 -0.01478571 -0.04847143  0.02232857 -0.05332857  0.01991429
 -0.08462857  0.07264285 -0.04861429 -0.04802857  0.02874286  0.04318572
 -0.03004286 -0.08277143 -0.3935      0.14982858  0.00164286 -0.02667143
  0.00352857  0.34631429 -0.02281429 -0.09978572  0.00442857 -0.03678571
  0.19982857  0.01981428 -0.03997143 -0.02395714  0.07705714  0.12654286
 -0.03924285  0.11172857 -0.04315714  0.0949      0.03791429  0.06867143
  0.05637143 -0.0774      0.08111429 -0.01865714  0.01302857 -0.04487143
 -0.05421429  0.03427143 -0.13472857 -0.01475715  0.26387143 -0.1001
  0.08594286 -0.5851     -0.04802857 -0.0277      0.04038572 -0.01638571
  0.05771429 -0.04572857 -0.03718571 -0.06532857 -0.02055714  0.07892857
  0.05125714  0.01994286  0.04947143 -0.21437143 -0.23125714 -0.01145714
  0.05435714 -0.03654286 -0.12938572  0.04261429  0.00798571 -0.01057143
  0.02504286 -0.0094     -0.02731429 -0.26928571  0.1317     -0.07732857
 -0.12711428  0.03981429 -0.21002857 -0.44562856  0.02787143 -0.36571428
 -0.06528571  0.07675714  0.04492857  0.04452857 -0.00837143 -0.01098572
  0.01198571  0.00604286 -0.16278572 -0.0295      0.05147143 -0.08675714
 -0.02144286  0.13938571 -0.06138571 -0.03221429 -0.03531428  0.01808571
  0.0051     -0.07687143  0.06778571  0.06115714  0.02805715 -0.0533
  0.02722857 -0.04044286 -0.0628      0.03937143  0.29331428 -0.01501429
 -0.01885714 -0.01934285  0.01038571 -0.06501429 -0.02312857  0.01634286
  0.00505714  0.11022857 -0.04364286  0.02618571 -0.12935714  0.18515714
 -0.13315714  0.0351      0.0275      0.12352857 -0.02        0.0449    ]"
コース,"[ 0.025  -0.1171  0.1518  0.0199  0.0575  0.009  -0.0652  0.109  -0.1111
  0.0043  0.0641  0.1052 -0.0407 -0.0306 -0.0418  0.1042  0.0816 -0.0406
 -0.0247 -0.145   0.023   0.0302 -0.0232 -0.0306  0.1371  0.0409 -0.2446
  0.0586 -0.0482  0.0867  0.1014  0.041   0.032   0.0608 -0.0757 -0.0179
  0.1721 -0.1039  0.0928 -0.0137 -0.0403 -0.0101 -0.0069 -0.075  -0.0945
 -0.1226 -0.0046  0.0948  0.0437  0.0569 -0.0712 -0.0845  0.0273 -0.0307
 -0.1504  0.0176 -0.0042 -0.1154  0.0283  0.1773  0.018  -0.1608  0.0405
  0.0016  0.0811  0.0533  0.0661 -0.1123 -0.1646  0.039   0.1032  0.149
  0.0311  0.0061  0.1871 -0.0657 -0.0418 -0.1236 -0.1725 -0.0441 -0.0455
  0.1306 -0.0483 -0.1748 -0.052  -0.0471  0.1742  0.1077  0.0428  0.0519
 -0.1078  0.0739  0.0043  0.0646  0.1164 -0.0633 -0.0717  0.0194  0.0709
  0.0763 -0.0876  0.1056  0.1021  0.1069 -0.0437 -0.007  -0.0433  0.0625
  0.0422 -0.0266 -0.2354 -0.0515  0.0275 -0.046   0.0328  0.1443 -0.0688
 -0.0783  0.1304 -0.0872 -0.026  -0.1714 -0.048  -0.0005  0.0125 -0.0284
  0.1016  0.0859  0.0746  0.0488  0.1326  0.0559 -0.0159 -0.0586 -0.0475
  0.0159 -0.1677  0.0131  0.0367 -0.0588 -0.187   0.1161  0.1066  0.098
  0.1406  0.0079 -0.0109  0.0499 -0.092   0.1024  0.148  -0.0172  0.0932
  0.0561  0.1839 -0.1348  0.0253  0.0724 -0.0198 -0.0264  0.0748 -0.0313
 -0.1303 -0.0737 -0.0479 -0.0204 -0.169   0.1272  0.1086 -0.089  -0.0945
  0.1157 -0.0231 -0.0339  0.1605  0.1321 -0.1547 -0.1407 -0.0168 -0.0107
  0.0938 -0.065  -0.0247  0.1188 -0.0861  0.0077  0.0284  0.1214  0.0235
 -0.044   0.1384  0.0625  0.204   0.0634 -0.0164 -0.0571  0.0494 -0.0057
  0.0011  0.1722  0.005   0.0542 -0.1278  0.0141  0.0151 -0.0223 -0.0414
  0.0147  0.0996  0.0401 -0.0579 -0.0795  0.0935  0.0877  0.0976 -0.0356
 -0.0673 -0.35    0.0441 -0.0591 -0.0323  0.0369 -0.035   0.0279  0.034
  0.0383 -0.0468  0.0574  0.0444  0.0006  0.0384 -0.055  -0.0807 -0.0899
 -0.0517 -0.0413 -0.122   0.0713  0.0233  0.0878  0.0045 -0.0125  0.0162
 -0.1649  0.0838 -0.1416 -0.1122 -0.0952  0.0315 -0.2489 -0.0041 -0.1783
  0.0346  0.1617 -0.0804  0.0705  0.0018  0.0593  0.0122  0.0182 -0.0704
 -0.0543  0.0804  0.0477 -0.1414 -0.0446  0.1977  0.0534 -0.2072 -0.0263
 -0.0011 -0.075   0.0086  0.0557  0.0678 -0.0451 -0.058  -0.0639 -0.0594
  0.1999 -0.0414 -0.0621 -0.0043  0.1403 -0.1681  0.1624  0.0761  0.0337
  0.1323  0.0483 -0.0659  0.0201 -0.0878  0.1123 -0.0636 -0.112  -0.0817
 -0.0907  0.0717 -0.0607]","[-2.73333366e-03 -8.11666681e-03  1.19083334e-01 -6.46666678e-03
  4.48666664e-02 -2.15499991e-02 -2.69833329e-02  2.23499993e-02
 -8.49500007e-02  5.92833346e-02  8.76166659e-02  5.06666679e-02
 -5.28666682e-02  3.28999994e-02 -1.07766666e-01  5.96666674e-02
  2.72333339e-02  4.01666605e-03 -7.83500013e-02 -8.36499992e-02
  7.96166677e-02 -2.37166663e-02 -6.35999998e-02 -2.96166685e-02
  3.90833326e-02  5.47166668e-02  1.46833343e-02  1.08800001e-01
 -9.37333337e-02 -9.91666732e-03  1.66166670e-02 -2.38500011e-02
 -7.32166651e-02  2.64333319e-02  2.06666676e-02  5.11500007e-02
  5.43333329e-02 -2.38666659e-02  2.05000024e-03 -3.09999995e-02
 -7.46666725e-03 -6.88333375e-03 -1.29833333e-02  3.86333313e-02
 -2.03833318e-02 -8.82000004e-02  9.50000365e-04  7.11666824e-03
  3.41499994e-02 -3.40833326e-02 -7.84999877e-03 -5.09999918e-03
  1.86999999e-02  1.40833333e-02 -8.09333309e-02  3.23833333e-02
  4.22166660e-02 -3.85166664e-02  1.85666676e-02  2.81500007e-02
 -2.96666667e-02 -6.59499982e-02 -1.46666672e-02  1.96833336e-02
  7.08500016e-02 -1.61499996e-02 -9.03333351e-03 -2.68666673e-02
 -4.40166662e-02  5.51333344e-02  6.82500017e-02  1.21016669e-01
  5.12499999e-02 -7.30666647e-02 -1.22666688e-02 -9.95166674e-02
 -3.20166685e-02  1.24833330e-02 -8.24166660e-02  1.01666649e-03
 -7.33332553e-04  5.97333331e-02 -7.55000021e-03 -5.63833325e-02
 -1.40666682e-02  2.15166671e-02 -1.27833340e-02  3.71166668e-02
  1.63666691e-02 -4.99166680e-02 -6.86666711e-03  2.55166665e-02
  7.16666708e-03  7.14333337e-02  5.87500002e-02 -4.41666599e-03
 -9.76166675e-02  2.57499997e-02  5.06666669e-02 -1.05999986e-02
  2.66499993e-02  1.12500001e-01  4.68500008e-02  6.48333443e-03
  2.08000007e-02  1.43183334e-01 -1.04999977e-03 -1.49833330e-02
 -1.14666658e-02  2.26333324e-02 -4.72500012e-02  1.19050001e-01
  2.24333327e-02 -1.35500003e-02  3.15333332e-02  6.20833328e-02
 -5.96333335e-02 -1.06999998e-02  5.56499995e-02 -2.55000002e-02
 -5.72000006e-02 -5.23333189e-03 -3.17000014e-02  2.52833343e-02
 -2.32000007e-02  7.53333404e-03 -2.43000001e-02  3.01833337e-02
  1.60333335e-02 -2.97166674e-02  6.07833331e-02  5.02833333e-02
  3.76666705e-03  7.24999964e-03  1.97500003e-02  3.70500007e-02
 -4.74999876e-03  4.35666667e-02  2.92333332e-02  1.12333332e-02
 -5.94000020e-02  5.19999992e-02  5.27166667e-02  3.84333323e-02
  1.31083331e-01  3.23666660e-02  7.73333292e-03 -1.22333328e-02
 -2.84500004e-02  3.43833330e-02  6.31166672e-02  2.32000003e-02
  8.88500009e-02  1.98499995e-02  1.10550000e-01 -9.13833330e-02
  2.24833332e-02  9.11666763e-03 -4.05833342e-02 -2.89333357e-02
  9.83333432e-03 -2.84666674e-02 -4.46666678e-02 -1.34833334e-01
 -1.42833333e-02  5.25833328e-02 -4.73500000e-02 -4.99999896e-03
  2.97666658e-02 -4.91833333e-02  2.75833346e-02  6.24499990e-02
 -1.20000045e-03 -9.66166661e-02 -1.62333321e-02 -4.61000012e-02
 -7.41833312e-02 -2.22166659e-02 -2.02500001e-02 -2.36500011e-02
 -7.39999942e-03 -2.42166662e-02  8.81666814e-03  5.13500006e-02
 -7.41833327e-02  5.22999984e-02  7.28333353e-03  5.60999997e-02
 -5.25166661e-02  7.56666747e-03  2.29666666e-02 -2.76999998e-02
  7.96999989e-02  4.40833337e-02  3.53999998e-02 -8.01666779e-03
  9.17666657e-02  2.76833328e-02 -3.08500000e-02  4.09666665e-02
 -4.12500009e-02  4.25000011e-02 -1.65166677e-02  1.22499999e-02
 -1.61500002e-02  3.86666675e-03 -2.40499990e-02  1.65666676e-02
  8.64666676e-02  7.40000078e-03 -2.90666680e-02  4.58333318e-02
  4.72000002e-02  2.20500001e-02  7.87500000e-02 -5.35833336e-02
  6.73333369e-03 -3.47450003e-01  4.55833338e-02 -1.30166657e-02
 -3.92833337e-02  5.23666664e-02 -1.66999998e-02  3.38166656e-02
  1.99166664e-02 -5.16333343e-02  5.04833320e-02  3.11333329e-02
  3.92000005e-02  1.16667574e-04  3.29166666e-02  1.20166667e-02
 -1.12700000e-01 -4.72500002e-02 -2.98333339e-02  5.33332427e-04
 -1.47933333e-01  3.38000003e-02  1.15166662e-02  1.84500009e-02
 -1.51666657e-03 -8.23333316e-03  2.02999995e-02 -1.38433335e-01
  2.37833336e-02 -6.22499992e-02 -2.27999995e-02 -1.04966669e-01
 -2.15499992e-02 -1.23316668e-01 -4.21666781e-03 -1.91800003e-01
  3.21166674e-02  5.03666668e-02  2.83333318e-03  1.89833335e-02
  3.89833346e-02  6.60166677e-02  2.62000014e-02  2.49999948e-03
 -1.89666670e-02 -6.87499985e-02  4.85166664e-02  2.86999991e-02
 -1.85499989e-02 -1.47333332e-02  1.66383334e-01  5.34999960e-03
 -2.05500017e-02  3.72833321e-02  2.92166667e-02 -8.80000001e-02
  4.50333323e-02  2.80499992e-02 -3.19999984e-03 -2.87333336e-02
 -3.06166671e-02 -2.92999993e-02 -4.75000003e-02  1.51833333e-02
  2.28166674e-02 -2.32333330e-02 -5.88499998e-02  1.07883336e-01
  5.21833335e-02 -2.20499979e-02 -2.61166664e-02  5.21833338e-02
  1.03500009e-02  2.56999998e-02 -4.34333341e-02  2.18166662e-02
 -8.38333365e-02 -4.51333344e-02 -2.66666679e-02 -8.31166683e-02
  4.52333329e-02 -4.62499987e-02  6.99999960e-03 -4.11999987e-02]"
子供,"[ 5.063e-01 -1.776e-01  1.734e-01  4.550e-02  2.040e-02  1.497e-01
  1.368e-01 -1.529e-01 -5.970e-02  7.700e-02  8.320e-02 -7.700e-02
 -3.060e-02  3.789e-01 -4.429e-01 -1.767e-01 -7.490e-02 -2.990e-02
 -1.005e-01  3.019e-01  5.980e-02  1.896e-01 -3.009e-01 -8.140e-02
  1.769e-01  2.900e-03  4.900e-02 -6.000e-02 -1.100e-01  2.313e-01
  1.056e-01  2.334e-01 -3.217e-01 -1.118e-01  1.208e-01 -1.300e-03
  2.168e-01  2.283e-01 -2.100e-02  7.970e-02 -1.000e-03  1.224e-01
 -7.070e-02  2.039e-01  3.230e-01 -8.670e-02  4.780e-02  2.040e-02
 -3.620e-02  6.440e-02  9.740e-02  1.229e-01 -5.640e-02  5.760e-02
  2.138e-01  9.520e-02  1.190e-02 -1.678e-01 -2.100e-03 -6.130e-02
 -1.250e-02 -1.010e-02 -2.214e-01  9.010e-02  1.405e-01 -1.042e-01
  2.790e-02 -2.130e-01 -1.107e-01  1.130e-02 -1.116e-01 -1.270e-02
  8.210e-02  2.133e-01 -1.339e-01 -2.964e-01 -1.636e-01  1.299e-01
 -1.910e-02 -7.900e-03 -3.700e-02  6.780e-02 -1.875e-01  6.260e-02
  7.780e-02 -1.748e-01 -1.360e-01 -2.780e-02  1.560e-02 -7.100e-03
  2.000e-04  2.446e-01  5.600e-03 -3.200e-03  6.260e-02  1.911e-01
 -2.969e-01  7.080e-02 -1.119e-01  7.350e-02 -1.915e-01  3.901e-01
  8.320e-02 -1.653e-01  4.250e-02  5.842e-01 -2.480e-02  5.700e-02
  1.820e-01 -1.991e-01 -3.160e-02 -3.480e-02 -1.340e-02  6.520e-02
  1.210e-02 -1.804e-01 -6.620e-02 -7.980e-02 -6.980e-02 -5.000e-02
 -3.360e-02  3.980e-02  1.452e-01 -1.418e-01 -1.001e-01  1.218e-01
 -2.872e-01 -6.260e-02 -2.131e-01  8.310e-02  4.390e-02 -1.154e-01
  1.840e-02 -2.242e-01  6.810e-02  1.780e-02  1.047e-01 -2.720e-02
 -1.690e-02  4.400e-02 -2.300e-02 -2.700e-02  4.400e-02  5.150e-02
  2.604e-01 -1.880e-02 -1.054e-01 -1.290e-02  1.355e-01  1.646e-01
 -2.250e-02 -6.410e-02  2.300e-02  5.000e-04  7.740e-02 -7.880e-02
 -1.020e-02  7.070e-02  2.935e-01 -1.074e-01 -4.410e-02 -3.020e-02
 -1.600e-02  4.293e-01 -6.150e-02 -1.056e-01 -2.399e-01 -2.901e-01
 -1.111e-01  9.700e-03  1.868e-01  2.180e-02 -4.490e-02  1.658e-01
  3.090e-02 -1.344e-01 -6.170e-02  3.550e-02  1.380e-01  1.310e-01
 -1.411e-01  2.510e-01 -6.560e-02 -8.660e-02 -5.850e-02 -8.680e-02
 -4.740e-02 -2.330e-02 -1.320e-02 -1.160e-01 -6.580e-02 -8.960e-02
  1.512e-01  1.880e-01  2.409e-01 -1.186e-01 -3.310e-02 -1.179e-01
 -6.180e-02  3.500e-03 -6.120e-02  1.164e-01 -2.410e-02  2.046e-01
 -1.418e-01 -2.454e-01  3.420e-02 -1.136e-01  2.222e-01  1.360e-01
  5.220e-02  4.010e-02 -1.433e-01  3.230e-02 -1.719e-01  2.777e-01
 -2.001e-01 -7.530e-01  1.215e-01 -8.710e-02 -2.020e-02 -1.450e-01
  4.730e-02 -1.819e-01 -5.250e-02 -2.166e-01  1.009e-01 -7.800e-03
 -3.770e-02 -5.600e-02  1.840e-02 -1.495e-01 -4.301e-01 -2.805e-01
 -7.840e-02 -1.902e-01 -2.465e-01  7.280e-02  3.487e-01  6.480e-02
 -1.856e-01 -1.255e-01  9.090e-02 -1.648e-01 -8.520e-02 -7.810e-02
 -1.446e-01  2.606e-01  1.059e-01 -4.030e-02  2.570e-02 -3.844e-01
 -5.750e-02 -8.000e-03 -3.910e-02 -9.270e-02 -9.050e-02 -1.324e-01
  1.671e-01  1.560e-01  1.117e-01  1.900e-02 -2.366e-01 -1.676e-01
  3.900e-02  4.600e-02  1.229e-01 -7.660e-02 -2.286e-01 -1.154e-01
 -1.690e-02 -9.810e-02  1.722e-01  2.491e-01  9.460e-02 -2.190e-02
  1.900e-01  1.831e-01 -1.374e-01 -3.392e-01 -1.291e-01  1.925e-01
  4.700e-03  1.710e-02  1.030e-02 -1.398e-01 -1.358e-01  3.420e-02
  1.791e-01  2.290e-02 -9.020e-02 -1.660e-01 -2.732e-01 -2.048e-01
 -1.420e-01 -2.170e-01  2.100e-02  1.403e-01  1.790e-01 -1.249e-01]","[ 1.52333325e-01 -1.12433334e-01  2.31099998e-01  6.60666662e-02
  1.04666663e-02  2.71333357e-02  1.56466670e-01 -4.53333308e-03
 -7.66666854e-03  9.11000005e-02  9.84666683e-02 -3.40333333e-02
 -2.45999992e-02  2.13799997e-01 -4.87899999e-01 -5.73333328e-02
  1.86000007e-02  1.14933329e-01 -8.60333343e-02  2.08466664e-01
 -1.20733336e-01  7.04666674e-02 -1.79900005e-01  1.65666652e-02
 -1.07333300e-02 -4.00333320e-02  1.38466667e-01 -2.90666657e-02
 -8.89666652e-02  1.98299997e-01 -3.31333354e-02  5.18333341e-02
 -9.70000004e-02 -2.86666490e-03  1.02133336e-01  3.06666675e-02
  1.24633333e-01  1.10633336e-01  2.57999990e-02  1.68666641e-02
  3.70333326e-02  1.14933332e-01  1.07333337e-02  3.74666651e-02
  2.22733339e-01  5.49333331e-02 -3.56000004e-02 -8.99998471e-04
 -4.73666663e-02  8.43333205e-03 -4.63333353e-03  4.68000004e-02
  8.43333267e-03  1.36000005e-02  1.41799996e-01  2.69000009e-02
  3.23333351e-03 -8.00999949e-02  4.19333328e-02 -1.42999999e-02
  1.07599997e-01  2.68999996e-02 -6.63999965e-02 -7.62666687e-02
  2.10500002e-01  4.93000001e-02  1.45666667e-02 -1.85000002e-02
 -5.86333312e-02  5.07666649e-02 -6.69333339e-02  3.26666643e-02
  1.15133327e-01  1.33200003e-01 -8.27999997e-02 -2.65033339e-01
 -7.79333326e-02  4.64999974e-02 -4.93999987e-02 -3.81666664e-02
 -8.22333352e-02  7.27666666e-02 -4.43333331e-02  9.38666693e-02
 -7.61333319e-02 -8.35333342e-02 -1.15666712e-02  4.67666667e-02
 -4.03333344e-02 -1.59000006e-02  2.10666673e-02  3.52999990e-02
  6.13333099e-03  4.61000012e-02 -4.68666653e-02  2.07333329e-02
 -2.45600005e-01  7.07666675e-02 -5.40666667e-02  7.13666659e-02
 -1.09699999e-01  3.78366659e-01  1.78666686e-02 -4.01999975e-02
 -2.79000004e-02  4.41266676e-01 -1.29266664e-01  4.06999998e-02
  5.30666647e-02  4.43333338e-02 -1.63366660e-01 -1.58000017e-02
  4.90333326e-02 -3.94666681e-02 -3.86666668e-02 -7.12666661e-02
 -5.49999997e-03  3.87666635e-02  1.31299995e-01 -1.36666869e-03
 -9.18333313e-02  2.69666662e-02  3.67666657e-02 -3.46666823e-03
  1.23166668e-01  1.94333320e-02 -1.80666669e-01  5.53333337e-02
 -2.59433334e-01 -3.70666683e-02  5.55333321e-02  7.80000041e-03
  1.94333338e-02 -1.26033334e-01 -7.11999995e-02  3.42333354e-02
 -3.99333326e-02 -7.48333341e-02 -5.86000017e-02  1.79666678e-02
  1.51333331e-02 -1.01533333e-01  4.74333347e-02  2.28000010e-02
  3.07833329e-01 -1.14366664e-01 -9.29666683e-02  3.57666649e-02
  1.75366663e-01  2.32033332e-01  4.00333346e-02  2.76333342e-02
  7.24333357e-02  5.36333344e-02  2.32866672e-01  4.89666661e-02
  1.02733332e-01 -7.88000052e-02  6.75333342e-02 -1.64800001e-01
 -4.26666439e-03 -7.00333354e-02  8.87666663e-02  3.26000005e-01
  1.04066661e-01 -2.43666669e-02 -2.03266665e-01 -6.46666695e-02
 -2.24000011e-02 -1.07866670e-01  1.37433338e-01  4.63333353e-03
  8.85999997e-02  1.55866668e-01 -6.42333360e-02 -1.10266667e-01
  4.84333312e-02 -4.75666647e-02  8.00000069e-03  1.26633334e-01
 -6.78000009e-02  1.34999995e-01 -1.07833335e-01  1.65666665e-02
  3.39333328e-02 -4.07000004e-02 -8.16666738e-03 -4.71666679e-02
  1.62000004e-02  5.01333351e-02 -2.77000014e-02 -4.80999990e-02
  4.35599983e-01  6.74666663e-02  2.59800002e-01 -6.88333338e-02
 -1.21833332e-01 -1.93666661e-02 -3.59666658e-02 -5.49333355e-02
 -1.04399999e-01 -1.67999963e-02  8.58000014e-02  6.84666683e-02
  1.07333300e-02 -9.44999978e-02 -2.33333558e-04 -2.01266666e-01
  4.60333365e-02 -2.19999999e-02 -2.54999995e-02  3.46333338e-02
 -1.59466669e-01  5.71666670e-02 -1.48200003e-01  2.15333352e-02
 -6.66677952e-05 -7.35766669e-01 -3.48333319e-02 -4.18666651e-02
  7.20000081e-03  1.49333365e-02 -1.55999983e-02 -2.82666671e-02
 -3.46666665e-02 -2.36299997e-01 -1.97999999e-02  1.89666664e-02
  6.32999999e-02  3.07999973e-02  1.88000010e-02 -1.17499999e-01
 -2.76333332e-01 -6.14000012e-02 -1.70333330e-02 -9.66000004e-02
 -3.06600004e-01  7.50000092e-03  6.52666613e-02 -1.24333339e-02
 -6.44666652e-02 -5.97666642e-02  7.06666522e-03 -2.70733332e-01
 -8.67666652e-02 -1.10700001e-01 -6.34666681e-02  2.34999999e-01
  1.88800000e-01 -3.16099998e-01  8.80333316e-02 -2.44233335e-01
 -3.55666668e-02 -1.05333331e-02 -1.61333326e-02  1.81966665e-01
 -2.52333283e-02 -1.34866667e-01  6.77666664e-02  2.99999863e-03
  1.05299999e-01  2.68000004e-02 -9.67333318e-02 -1.77900001e-01
  1.11433331e-01  2.88333334e-02  1.42433338e-01 -6.40999998e-02
 -4.26666650e-02 -8.34000024e-02  8.43333577e-03  3.33333264e-03
  1.82433334e-01  4.56666661e-02  7.89999987e-02  5.96666678e-02
  3.08999990e-02  1.30800001e-01 -7.14000004e-02 -1.33766664e-01
 -4.05666654e-02  3.86666643e-02  3.48666666e-02 -4.74666678e-02
  4.56666605e-03 -1.23366663e-01 -4.97000013e-02  2.62666668e-02
  1.51566669e-01 -7.11000015e-02 -1.22066666e-01 -6.70999979e-02
 -2.11533339e-01 -2.57066672e-01 -2.75866667e-01 -2.41666635e-02
 -6.89666675e-02  9.66666682e-02  1.52466667e-01 -9.98999998e-02]"
足車,"[-2.62400001e-01 -4.91999984e-02  7.78400004e-01  2.82000005e-01
 -7.93000013e-02 -9.38999951e-02 -2.18999982e-02 -6.27900004e-01
  4.75999974e-02  1.48399994e-01  2.67499983e-01  1.62699997e-01
 -6.59999996e-02 -6.49600029e-01 -9.72900033e-01  4.26000059e-02
 -4.62000035e-02  8.43999982e-02 -3.09799999e-01 -1.55299991e-01
 -9.31000039e-02 -1.21600002e-01 -2.29299992e-01  1.64999999e-02
 -1.01300009e-01 -2.57499993e-01  9.57999974e-02  3.62800002e-01
 -2.78999954e-02 -5.13999909e-02 -2.50999987e-01 -1.45399988e-01
 -2.09800005e-01 -1.12800002e-01  2.23800004e-01  2.05699995e-01
  9.42000002e-02 -5.38000017e-02  4.14600015e-01 -2.10999995e-01
 -4.01999988e-02 -3.15699995e-01  4.15199995e-01  5.89300036e-01
 -4.40000072e-02  1.67599991e-01 -6.96999952e-02  1.49499997e-01
 -6.25000000e-02  3.82900029e-01 -1.88400000e-01 -1.15999989e-02
  8.74999985e-02  3.84000018e-02 -2.65599996e-01 -5.02999946e-02
  8.78999978e-02 -2.14800000e-01  3.41999978e-02  3.35200012e-01
 -6.19999971e-03  1.04099996e-01 -3.57400000e-01 -3.42799991e-01
  3.01000029e-02  3.94000039e-02 -9.55999941e-02 -2.93999985e-02
 -1.55000001e-01  3.04800004e-01 -1.15800001e-01  1.03699997e-01
 -2.39500001e-01 -3.81900012e-01  3.31799984e-01 -3.72900009e-01
 -2.71099985e-01  6.87000006e-02 -4.50300008e-01 -7.27999955e-02
 -7.40000010e-02  2.95800000e-01 -2.53700018e-01 -4.50000018e-02
 -1.81299984e-01 -3.46300006e-01  4.30899978e-01 -1.92200005e-01
  3.93700004e-01 -4.81999964e-02 -7.24000037e-02  5.38000017e-02
 -5.82000017e-02  5.36499977e-01 -1.53400004e-01  2.88900018e-01
 -3.92100006e-01 -6.70000166e-03  4.01000082e-02 -1.71800002e-01
 -1.65999994e-01  9.87699986e-01 -1.99999958e-02 -1.01300009e-01
 -1.80099994e-01  8.09399962e-01 -2.39999965e-03  2.15299994e-01
  2.57400006e-01 -2.37000003e-01 -3.89600009e-01  1.68200001e-01
  4.59299982e-01 -1.36599988e-01  2.21000001e-01 -2.03500003e-01
 -9.26000029e-02  3.79999995e-01  3.18000019e-02 -7.97000006e-02
 -1.25400007e-01 -1.29999995e-01  4.07100022e-01  1.96999982e-02
 -4.58000004e-01 -4.79999930e-03 -4.25000004e-02  2.11999997e-01
 -4.48599994e-01  1.35100007e-01  1.00099996e-01  4.43000048e-02
 -2.95599997e-01  1.30000003e-02 -6.75999969e-02  1.55099988e-01
 -1.64900005e-01  1.95600003e-01 -1.98899999e-01  4.04799998e-01
 -1.92100003e-01 -2.25999989e-02 -4.26800013e-01 -7.45999962e-02
  4.52099979e-01 -8.25999975e-02 -3.35999988e-02  9.47000012e-02
  1.67600006e-01 -4.60899979e-01 -8.57000053e-02 -3.00599992e-01
  2.90199995e-01  2.72000015e-01  2.89699972e-01  2.05400005e-01
  2.77799994e-01  3.24999988e-01  1.38000011e-01  6.41999990e-02
  4.26499993e-01  5.10000028e-02 -5.46000004e-02 -2.64600009e-01
 -1.96000002e-02 -3.38900000e-01 -3.10799986e-01  2.50799984e-01
 -1.16799995e-01  1.77200004e-01  4.00000019e-04  2.06999987e-01
  6.80999994e-01  2.09299996e-01 -3.51199985e-01  2.77700007e-01
  3.87600005e-01 -1.63099989e-01 -2.09300011e-01  2.39200011e-01
 -1.09700002e-01  1.08000040e-02  1.41800001e-01  6.90999925e-02
 -1.44699991e-01  3.83200020e-01  3.20500016e-01 -5.82999997e-02
  1.30300000e-01  2.01600000e-01 -1.15900002e-01 -1.92100003e-01
  7.10100055e-01  5.60000539e-03  5.96799970e-01 -5.20000234e-03
 -1.57400012e-01  2.77300000e-01  6.35000020e-02  2.90000021e-01
 -2.57799983e-01  4.70000021e-02 -7.10000098e-03 -3.94600004e-01
 -1.77599996e-01 -2.94400007e-01 -1.02299996e-01  1.14299998e-01
  1.23399995e-01  1.81500003e-01 -3.86799991e-01 -1.82200000e-01
 -3.87600005e-01  5.19999955e-03 -4.15300012e-01 -7.97000006e-02
 -1.12799995e-01 -1.50189996e+00  1.36700004e-01 -3.68000001e-01
 -8.48000050e-02  2.53800005e-01  5.57500005e-01 -8.24999958e-02
 -1.15000010e-02  9.12000015e-02 -2.98399985e-01  1.53799996e-01
 -2.28200004e-01  3.02899987e-01 -7.19999988e-03 -4.84200001e-01
 -5.07200003e-01 -1.31600007e-01 -3.00799996e-01 -1.81899995e-01
 -5.85700035e-01 -2.35400006e-01  1.25600010e-01 -2.00999975e-02
  1.54399991e-01 -2.29299992e-01  1.02600001e-01 -6.90199971e-01
  2.44300008e-01 -4.79600012e-01 -6.61499977e-01  3.18999961e-02
 -5.85399985e-01 -6.66700006e-01 -2.08000004e-01 -7.90099978e-01
 -4.86400008e-01 -3.02500010e-01  1.05700001e-01  7.73099959e-01
  5.49999923e-02  2.45600000e-01 -5.47000021e-02  4.08299983e-01
  2.90199995e-01  3.07999998e-02 -4.58299994e-01  1.31999999e-02
 -2.39999965e-03  2.03299999e-01  2.37599999e-01  3.61999989e-01
  2.28199989e-01 -8.90999958e-02  1.29999965e-03 -1.08300000e-01
  9.18999985e-02 -1.78399995e-01  7.35999942e-02  1.43900007e-01
 -2.70700008e-01  2.24299997e-01  2.55999982e-01  2.06000023e-02
 -1.49800003e-01  4.17000055e-02 -2.60800004e-01  2.03299999e-01
 -1.40499994e-01 -6.82799995e-01 -2.53800005e-01  1.28399998e-01
  1.77399993e-01  1.08199999e-01  2.21699998e-01 -1.00000001e-01
 -3.61599982e-01 -5.18999994e-02 -2.48499990e-01 -3.21200013e-01
  1.37500003e-01  1.79199994e-01  3.89999896e-03 -3.14700007e-01]","[-1.42666666e-01  3.42999989e-02  3.45899999e-01  1.53900002e-01
 -3.36666679e-02 -1.18066670e-01 -1.26999995e-02 -1.49433335e-01
 -8.04333297e-02  1.28666664e-01  9.23999995e-02  4.18000010e-02
 -5.97333337e-02 -2.31433333e-01 -4.34100012e-01  5.45666690e-02
  2.70000013e-02 -7.03333306e-02 -1.48000002e-01 -5.66666325e-03
 -4.91666679e-02 -5.01666659e-02 -1.41133333e-01  5.89333335e-02
 -7.48666699e-02 -2.30666654e-02  1.46466667e-01  1.98766664e-01
 -9.15666670e-02  1.14666695e-02 -9.10333289e-02 -1.72066660e-01
 -7.61999991e-02 -1.41066670e-01  1.75533332e-01  6.49333311e-02
  3.61666667e-02  2.32666663e-02  1.93966667e-01 -2.15933335e-01
 -1.15900001e-01 -1.28099998e-01  1.82866660e-01  2.14400002e-01
 -3.84333357e-02 -6.54666666e-02 -7.70666674e-02  1.43666665e-02
  1.34333322e-02  1.20001038e-03 -6.38666668e-02 -2.80666662e-02
 -4.76666788e-03  1.06400005e-01 -1.79133338e-01 -2.93666646e-02
  1.58666658e-02 -5.84666654e-02  4.43666652e-02  1.30066666e-01
 -1.47000003e-02  4.04333317e-02 -1.14699996e-01 -1.70566666e-01
  6.62333320e-02 -8.80333309e-02  3.66667286e-04 -3.70666658e-02
 -4.51333333e-02  1.11800001e-01 -3.52666664e-02  7.11333342e-02
 -3.16666563e-03 -1.16133332e-01  4.38000013e-02 -1.52966671e-01
 -8.18999996e-02 -3.40666675e-02 -1.63200002e-01 -3.95333332e-02
  4.04666662e-02  1.23833333e-01 -1.07533333e-01 -7.87333349e-02
 -7.00666637e-02 -1.23033335e-01  2.39266669e-01  2.37333265e-02
  1.14866663e-01 -1.30766665e-01 -1.22433333e-01  3.53000003e-02
  1.61666678e-02  2.47933333e-01  1.78666686e-02  9.48666714e-02
 -2.26900001e-01  7.07666650e-02  4.77000028e-02 -1.20900000e-01
 -1.78866660e-01  4.43933328e-01 -3.61333316e-02 -9.56666966e-03
  5.09999966e-02  3.41466665e-01 -4.49666642e-02  9.42999994e-02
  2.25333373e-02 -7.38333333e-02 -1.93533334e-01  2.12166671e-01
  1.88033327e-01  1.78000008e-02  1.14266668e-01 -6.13333341e-02
 -1.30833331e-01  2.02233332e-01  5.21000003e-02 -4.00000003e-02
 -1.32866668e-01 -4.90333332e-02  7.82000025e-02 -7.30999981e-02
 -2.24033336e-01 -5.68000004e-02 -3.74000013e-02  1.26000009e-02
 -1.92733333e-01  8.53333324e-02  2.11333334e-02 -1.42999987e-02
 -1.74800001e-01  8.04666691e-02  1.42999999e-02  1.35866663e-01
  6.46666624e-03  1.09333338e-01 -1.38800000e-01  1.65299994e-01
 -1.51200001e-01  8.58666686e-02 -1.11533331e-01 -6.79333322e-02
  2.71666658e-01 -5.65666668e-02 -6.28666667e-02  8.60000153e-03
  7.56666933e-03 -1.04999997e-01 -3.18666678e-02 -7.02333301e-02
  1.15566665e-01  1.01266670e-01  2.69433325e-01 -4.59000027e-02
  1.45866662e-01  6.48666645e-02  5.15000013e-02 -3.28666655e-02
  1.08866662e-01 -2.29333329e-02 -5.65666656e-02 -1.73366663e-01
  3.76999987e-02 -9.73000030e-02 -1.51399997e-01  1.70233332e-01
 -3.97999991e-02  1.38266666e-01  8.27999987e-02 -3.11000024e-02
  2.37299998e-01  1.04033330e-01 -2.53800000e-01  1.58533331e-01
  8.50333360e-02 -1.47466666e-01 -1.10200002e-01  9.77333374e-02
 -3.26666674e-02  1.71000014e-02  1.45933337e-01  9.88333337e-02
 -3.48333331e-02  2.04866668e-01  2.78466677e-01 -7.12666648e-02
  9.96999989e-02  1.75166673e-01 -8.89999991e-02 -1.29133334e-01
  3.76800011e-01  3.34000016e-02  2.56933331e-01  2.17333324e-02
 -1.73000029e-02  2.10333318e-02  7.31333345e-02  1.73866669e-01
 -3.62333284e-02  5.34666665e-02 -3.92000005e-02 -1.07533332e-01
 -1.36666666e-01 -7.67333359e-02 -1.99999983e-02  6.17333328e-02
  5.44666657e-02  1.08200000e-01 -2.18100006e-01 -2.35333343e-02
 -1.38166669e-01  2.35666661e-02 -1.35099999e-01 -8.05333334e-02
 -4.64999980e-02 -7.75900006e-01  1.42000020e-02 -2.06733337e-01
 -3.41333350e-02  8.64666669e-02  1.48833334e-01 -1.29700001e-01
  4.13666666e-02 -5.45666690e-02 -1.27500000e-01  1.10833334e-01
 -6.66333344e-02  9.84333328e-02  3.77666662e-02 -1.27599999e-01
 -2.34900003e-01 -2.95666686e-02 -1.49833335e-01 -3.85333337e-02
 -3.41500004e-01 -3.77333363e-02  9.20333341e-02 -1.15999992e-02
  2.23999992e-02  2.50000010e-03  1.08466667e-01 -3.32566669e-01
  1.07766670e-01 -1.82699998e-01 -1.86700001e-01  1.91666652e-02
 -3.30500002e-01 -3.07633320e-01 -1.36033336e-01 -3.81566674e-01
 -9.57333297e-02 -1.65333333e-01  1.26999999e-01  2.83233325e-01
 -5.09333362e-02  1.03933334e-01 -1.10033338e-01  1.60733332e-01
  1.57066663e-01 -3.18333358e-02 -2.29566659e-01 -1.00599999e-01
 -7.81999988e-02  6.29999998e-02  2.00666664e-01  1.79833330e-01
  1.09299997e-01 -3.03666653e-02 -2.51333341e-02 -3.27999989e-02
  1.16733335e-01 -2.17333312e-02  5.47666661e-02  6.25000025e-02
 -1.41333337e-01  1.50833331e-01  9.53666655e-02 -1.96666581e-03
 -8.96000018e-02  4.18333355e-02 -1.44699997e-01  1.55600001e-01
  3.90000020e-03 -3.00533327e-01 -3.20666643e-02  8.57666694e-02
 -4.25666645e-02  4.33333342e-02  1.00500001e-01 -2.73000002e-02
 -1.97966665e-01 -6.85000028e-02 -1.52733333e-01 -1.85533335e-01
  9.90000119e-03  1.02966669e-01 -1.11833331e-01 -1.65233331e-01]"
見物,"[ 0.0611 -0.1237  0.4729  0.3039  0.0352 -0.1394  0.1377  0.18    0.0811
  0.1741  0.0921  0.3101  0.0248 -0.3584  0.2692  0.2541 -0.2131 -0.0965
 -0.3385  0.1102 -0.2067  0.2207  0.0147  0.1486  0.2862 -0.045   0.0529
  0.1984 -0.0799 -0.0555 -0.1769 -0.2684  0.313  -0.1038 -0.1308 -0.0991
 -0.0688 -0.0288 -0.0891  0.2931  0.1623 -0.3704 -0.2397  0.1118 -0.0194
 -0.1125  0.2338 -0.0285  0.3516 -0.0773  0.2756 -0.2146 -0.0214 -0.1399
  0.1903  0.0169  0.0937 -0.1228  0.0612 -0.0749  0.0176  0.0455  0.0781
  0.1916  0.1537  0.0519 -0.0897 -0.1327  0.4056 -0.1188 -0.0984  0.009
 -0.0019  0.1362 -0.063  -0.0376 -0.3311 -0.1559 -0.2534 -0.1743  0.1512
  0.0556  0.0466 -0.2029 -0.1211  0.1001 -0.105   0.0158  0.2522 -0.0014
 -0.1497  0.0467 -0.1843  0.1407  0.1361 -0.144   0.0438 -0.1885 -0.3714
  0.0658 -0.0605  0.3969  0.0185 -0.2267  0.0794 -0.0691  0.3377  0.1616
 -0.1633 -0.0497 -0.22   -0.2503 -0.1489 -0.0548 -0.334   0.2186  0.183
  0.0748 -0.013  -0.306  -0.0262 -0.1998  0.0475 -0.2384  0.0929 -0.1998
 -0.1396 -0.3599  0.1988  0.0505 -0.0754  0.0544 -0.0542 -0.2017  0.2
  0.2283  0.0711 -0.0821 -0.0547 -0.177   0.1678 -0.3968  0.0135  0.2296
  0.2531 -0.1441  0.1013 -0.1571 -0.1616 -0.2264  0.2121  0.1034  0.3535
 -0.0314  0.4357  0.0829  0.0712  0.0653  0.1694 -0.2367 -0.0256 -0.0971
 -0.1631 -0.0858  0.1704 -0.1451 -0.3797 -0.0903 -0.0441  0.2005 -0.0145
 -0.0961 -0.0645 -0.0917 -0.301  -0.012  -0.1818  0.2563 -0.094   0.1411
 -0.2583 -0.2736 -0.1803  0.2174  0.3338  0.1223  0.0591  0.3717  0.0777
 -0.16    0.2158 -0.1065  0.2167  0.0171  0.3648  0.1424  0.2332  0.2057
 -0.1644  0.1436 -0.1531  0.0909  0.1899  0.2839 -0.2041  0.0096 -0.0592
 -0.1351  0.1762  0.0966 -0.2259  0.1007 -0.3135  0.22   -0.2103 -0.3952
 -0.016  -0.7397  0.1216 -0.0036 -0.1603  0.103   0.3923 -0.0863  0.0544
 -0.1477  0.1338 -0.1295  0.1183 -0.0173  0.0695 -0.1533 -0.4392 -0.1641
  0.1817 -0.1601 -0.5676  0.2708  0.1064 -0.0822  0.0035 -0.2479  0.0458
 -0.1246 -0.0439 -0.4929 -0.3495  0.069   0.312   0.1031  0.0825 -0.314
 -0.142   0.0584 -0.0062 -0.0502  0.0576 -0.1282  0.1024 -0.023  -0.1457
 -0.1732  0.2128 -0.1092 -0.2318  0.0202  0.0133 -0.157   0.0992 -0.0302
 -0.0309 -0.0284  0.2875 -0.0435  0.0386 -0.2333 -0.037  -0.1615 -0.0895
  0.0274  0.6385  0.1511  0.011  -0.0077  0.0812 -0.0335  0.1401  0.0651
  0.0843 -0.1089 -0.0653 -0.1339 -0.0033  0.0113 -0.1195 -0.0411 -0.0029
  0.1177  0.0067  0.077 ]","[-1.21849996e-01 -6.03199982e-02  3.91500004e-01  6.15799995e-02
  7.20099989e-02 -9.60200008e-02  4.09299998e-02  7.21700020e-02
  4.98999996e-02  9.88500002e-02  1.86080004e-01  1.18860001e-01
 -1.00080000e-01 -9.17000017e-02  6.21400031e-02  1.00210001e-01
 -1.31819998e-01 -9.31999892e-03 -2.68880002e-01 -9.91200019e-02
 -1.11999847e-03  1.18379996e-01 -1.25830001e-01  8.32599994e-02
 -2.58000000e-02 -1.10220002e-01  2.33480002e-01  8.40800010e-02
 -9.23000008e-02 -9.22499989e-02 -1.27270000e-01 -1.15200004e-01
 -5.48000075e-03 -1.25850004e-01  8.54499996e-02  1.85600018e-02
 -1.05499999e-01 -1.37490000e-01  7.09500000e-02  7.81699996e-02
  9.93400000e-02 -3.26300008e-02  4.10599998e-02  8.30900006e-02
 -1.11829998e-01 -1.33400000e-01  7.01899989e-02  3.96799988e-02
  6.30800001e-02  8.70000016e-02  1.64299987e-02 -1.71199991e-02
  2.80999844e-03 -3.76899997e-02  5.17200015e-02  9.25000012e-03
  1.10870000e-01 -1.73300000e-01  1.01860001e-01  6.80999914e-03
  4.62000012e-02 -6.10599998e-02 -1.04380001e-01  8.25000033e-03
  6.73400018e-02  7.58600000e-02 -1.14050001e-01  6.30700006e-02
  6.09199993e-02  4.02499996e-02  3.04299992e-02  2.20400009e-02
  2.18299996e-02 -7.18999995e-02  2.76200007e-02 -1.79329997e-01
 -9.13499988e-02 -3.43700019e-02 -1.22530002e-01 -1.92840001e-01
  6.53099985e-02  1.20850002e-01 -9.93000044e-03 -6.36499984e-02
 -1.38470001e-01  2.76699986e-02 -1.20989998e-01  3.18499996e-02
  9.05600019e-02 -4.50600015e-02 -4.18299995e-02  4.82800010e-02
 -5.44600016e-02  2.02790001e-01  1.82629997e-01 -1.53809997e-01
 -1.13980003e-01 -1.36659998e-01 -1.59259997e-01  3.99996643e-05
 -8.41199969e-02  3.81819999e-01  6.59998879e-04 -7.33100001e-02
  8.78400002e-02  1.49800000e-01  2.13480004e-01  1.29500011e-02
  1.20899998e-02  6.25999831e-03 -1.42629999e-01 -5.84399991e-02
  5.89600001e-02 -1.78599999e-02  1.38600011e-02  1.03590001e-01
  5.47700007e-02  9.70700005e-02  1.42659998e-01 -1.03240000e-01
 -3.86700000e-02 -1.39699999e-01 -1.48999997e-02  4.27600002e-02
 -4.11599976e-02 -1.62870001e-01 -9.60599989e-02 -5.03699977e-02
  8.42000004e-02  1.16479998e-01 -1.80099988e-02  8.82699963e-02
 -1.90900001e-02 -1.14640001e-01  1.57550000e-01  1.35970002e-01
  5.32499999e-02 -3.74999866e-03 -9.05999880e-03 -6.53799985e-02
 -3.86799995e-02 -1.72400023e-02  3.94599987e-02  2.92399983e-02
  1.50689998e-01  7.91900009e-02  1.01400025e-02 -1.74680000e-01
 -1.53029998e-01 -1.39370003e-01 -1.91600012e-02  2.21699988e-02
  5.27300023e-02 -2.69299999e-02  2.76409999e-01 -7.43599996e-02
 -6.30000187e-04  9.22300020e-02 -3.99991870e-05 -1.84699998e-01
 -3.30599984e-02 -1.22500009e-02 -2.19599987e-02 -1.83919998e-01
  5.43399992e-02  2.72700008e-02 -2.02440000e-01  4.95300006e-02
 -2.15800013e-02 -1.28410000e-01 -5.11100006e-02  6.69200001e-02
 -4.04700009e-02 -5.57499979e-02 -1.50610002e-01  3.60700024e-02
  3.05100021e-02  5.60499983e-02  4.48400014e-02  9.75100005e-02
 -3.07500015e-02 -1.44980002e-01 -1.84990003e-01 -1.32200011e-02
 -3.06000151e-03  9.00100006e-02 -1.87099976e-02  2.58659995e-01
  2.15199993e-02 -1.08740001e-01  1.75290000e-01 -3.59998830e-04
  1.79539999e-01 -4.54800014e-02  1.64060001e-01  4.06099994e-02
  1.11650002e-01 -5.52800009e-02  6.23999983e-03  7.70699995e-02
 -1.16960001e-01  1.31630000e-01  6.65899996e-02  3.11499975e-02
 -6.27500031e-02 -4.46500008e-02 -1.03959997e-01 -4.12400033e-02
  8.73700019e-02 -7.93499995e-02 -1.29049999e-01 -8.52000188e-03
 -1.51159999e-01  1.06599994e-02 -1.05469999e-01 -1.94610002e-01
  9.66999983e-02 -8.73380002e-01  5.62800021e-02 -5.18700000e-02
 -9.06599980e-02  2.62700018e-02  5.80899978e-02  7.21499983e-02
  8.30800006e-02 -2.17480000e-01  2.07269996e-01  8.60001333e-04
  1.61039998e-01  1.49900002e-02  8.28000003e-02  5.81800025e-02
 -3.84360000e-01  3.54700000e-02  1.12930002e-01 -7.76600011e-02
 -4.51710009e-01  8.35699972e-02  9.07299987e-02  2.43000016e-03
  7.70001207e-04 -5.84000006e-02  2.38200013e-02 -2.66480003e-01
  1.48699989e-02 -3.53449998e-01 -1.56859999e-01 -9.71700008e-02
  4.73099995e-02  1.12770002e-01  6.10000005e-02 -3.56820001e-01
 -1.34400002e-01 -2.49100018e-02  1.10780001e-01  8.21200002e-02
 -1.33240001e-01  3.67900012e-02  9.70999982e-02 -4.15800000e-02
 -7.80800022e-02 -1.83690001e-01  3.28999999e-02 -1.16950000e-01
 -2.45600002e-02  2.16399979e-02  1.98800022e-02 -1.04800000e-01
 -8.64299998e-02 -1.99300013e-02 -5.03000007e-02 -1.17200001e-01
  1.29369997e-01  1.08019998e-01 -4.74200010e-02 -1.43160000e-01
  1.28700023e-02  3.47199984e-02 -1.41099981e-02  3.07700004e-02
  5.02459992e-01  8.41999984e-02  2.64000002e-02 -7.97199992e-02
  5.49900000e-02 -3.82400017e-02  5.92400022e-02  1.41960000e-01
  3.37000024e-03 -2.46900023e-02 -9.38999904e-03 -1.57700000e-02
 -1.87670000e-01  1.28570004e-01 -1.48020000e-01 -2.89999945e-03
  8.37399986e-02  1.22390000e-01  1.76499992e-02 -6.61200001e-02]"
守将,"[-1.5200e-01 -1.2760e-01  3.6640e-01  1.4530e-01 -2.2190e-01 -1.5940e-01
 -4.5360e-01 -2.2950e-01  2.8840e-01  1.5190e-01 -1.5770e-01 -1.4890e-01
 -8.7400e-02  2.2710e-01 -1.0790e-01 -4.2320e-01  1.5810e-01  1.5430e-01
 -1.6800e-02 -2.2040e-01 -4.8500e-02  2.0820e-01 -4.4300e-01  3.2690e-01
  6.1900e-02 -3.9000e-03 -1.7910e-01  1.9730e-01 -9.2100e-02  7.0800e-02
 -7.8000e-02 -5.0180e-01 -2.0120e-01  3.2620e-01 -5.2100e-02  2.6600e-02
 -5.0000e-04  1.1240e-01 -2.5870e-01  1.6040e-01 -1.2880e-01  6.6970e-01
  1.0320e-01 -2.3410e-01 -2.2600e-02  1.2290e-01  1.1300e-02  1.4850e-01
  2.0130e-01 -1.1350e-01 -1.2930e-01 -3.9530e-01  1.7030e-01  1.0360e-01
 -1.8900e-02 -5.5300e-02 -1.8200e-01 -1.4180e-01  2.2370e-01  8.6600e-02
  5.1280e-01 -2.7080e-01  3.6880e-01 -1.6220e-01  7.0390e-01 -1.5000e-01
 -1.9390e-01  4.5460e-01 -4.4700e-02  2.1680e-01  4.3430e-01  2.5700e-01
 -3.2650e-01  5.6800e-02 -3.1100e-02 -2.4130e-01 -2.7670e-01 -3.5010e-01
  1.8780e-01 -4.5770e-01  3.5650e-01  1.3490e-01  1.2380e-01  3.5750e-01
 -4.3200e-01 -3.7680e-01 -2.6140e-01 -2.5140e-01 -2.6280e-01  2.6220e-01
 -2.4500e-02  4.5300e-02 -9.7500e-02 -1.2660e-01  1.6080e-01 -2.2830e-01
 -7.3800e-02  2.3570e-01  5.5200e-02  8.1300e-02 -1.3400e-01  5.7200e-02
 -1.1530e-01 -2.8840e-01  5.1920e-01  1.0710e-01 -1.8000e-03 -7.8500e-02
  1.6600e-02  3.2190e-01 -3.0160e-01 -9.9800e-02  8.7600e-02 -8.7000e-02
  6.1700e-02 -2.6700e-01 -4.9200e-02 -1.7020e-01 -6.9000e-03  1.7710e-01
 -3.4120e-01  7.1900e-02  3.4900e-02 -2.8460e-01  2.2450e-01  9.1300e-02
 -6.5280e-01  1.1880e-01 -2.8280e-01  1.5940e-01  1.1670e-01  5.1900e-02
  8.1500e-02 -4.0300e-02 -1.1820e-01  6.1160e-01 -3.0320e-01 -2.1570e-01
 -2.2700e-02 -5.5310e-01 -4.6900e-02 -1.2430e-01 -8.6600e-02  2.4900e-01
  1.6390e-01 -2.0720e-01  6.0000e-02 -1.0590e-01  1.1340e-01  1.1510e-01
 -2.0620e-01 -1.2550e-01  5.0640e-01  4.2900e-02  2.9090e-01  1.1200e-02
 -9.7100e-02 -1.7050e-01  2.2480e-01 -4.0900e-02  2.8400e-02  2.2490e-01
  6.8900e-02 -6.1900e-02 -1.6430e-01  7.0500e-02  6.6900e-02  5.9500e-02
 -1.8950e-01 -1.8510e-01  1.9280e-01  8.4600e-02  6.8700e-02 -8.4100e-02
  5.0200e-02  8.3000e-02 -2.0890e-01  6.2200e-02  2.8630e-01 -2.6150e-01
 -2.6940e-01 -1.2580e-01 -9.3300e-02  1.8760e-01 -1.6230e-01  5.1000e-03
 -9.2300e-02  4.6500e-02  1.4180e-01  4.5460e-01  1.6030e-01 -2.3190e-01
 -1.3370e-01  7.6500e-02 -6.1900e-02 -1.0330e-01  1.4730e-01  1.1420e-01
  3.6230e-01 -2.8300e-01 -4.2920e-01  7.1600e-02  3.4610e-01  1.5490e-01
  3.6970e-01  3.6130e-01 -3.8770e-01 -2.1970e-01 -1.0750e-01 -1.4000e-03
 -3.1490e-01 -7.3800e-02 -4.6990e-01  3.9200e-01  2.4300e-02 -1.4950e-01
  6.5100e-02 -1.1893e+00 -3.1480e-01  1.4310e-01 -6.1300e-02  2.4300e-02
 -8.5400e-02  1.6680e-01 -7.4600e-02 -4.0220e-01  2.0880e-01  4.1880e-01
  6.1510e-01 -1.5510e-01 -1.7700e-01  4.6400e-02  4.4900e-02  2.9750e-01
 -4.9000e-03 -2.5090e-01 -4.3950e-01  1.2960e-01  3.1920e-01  2.2700e-01
  2.1860e-01 -7.0400e-02 -3.1260e-01 -8.8000e-02 -1.3220e-01 -2.3430e-01
  2.3770e-01 -6.0000e-03  2.4970e-01 -5.2430e-01  5.8170e-01  2.4490e-01
 -3.3560e-01  1.9920e-01  2.1730e-01  4.6270e-01  1.9100e-02  6.8800e-02
 -5.4070e-01  3.0090e-01 -1.8600e-02  1.5900e-01  1.4200e-01 -1.1010e-01
  8.5000e-02  1.0110e-01 -1.7390e-01 -1.8000e-02 -3.4470e-01 -7.6000e-03
  7.1900e-02  1.7090e-01  2.8240e-01  1.0200e-01 -1.4460e-01  2.2000e-01
  2.8000e-03  2.2580e-01  1.2670e-01 -1.5640e-01  1.1180e-01 -1.5450e-01
 -2.4540e-01 -1.9250e-01 -5.6900e-02 -1.5600e-02  2.8770e-01  1.6700e-01
 -1.9550e-01 -3.4040e-01  2.1220e-01  2.7000e-03 -3.1800e-02 -1.8900e-02
 -2.6200e-02  1.1060e-01 -2.5500e-01 -3.9700e-01  2.6440e-01 -1.3450e-01]","[-9.10000056e-02 -1.84066667e-01  5.62566658e-01  6.40666668e-02
  8.46333330e-02 -1.44233332e-01 -1.52266663e-01 -8.40666691e-02
  2.46499994e-01  1.97433333e-01  7.66333342e-02 -1.26733332e-01
 -1.91666658e-02  2.85666659e-02 -1.98466666e-01 -3.78266672e-01
  7.10666627e-02  2.12199996e-01 -1.08766667e-01 -6.53333714e-03
 -9.15666670e-02  2.61499996e-01 -2.68466664e-01  3.40000009e-01
  1.94133330e-01  1.01033332e-01 -2.73400004e-01 -8.58000020e-02
  1.79033332e-01 -4.02999990e-01 -1.71166666e-01 -2.81066669e-01
 -1.17633330e-01  8.34333375e-02  1.84466662e-01  1.04100001e-01
  2.19633334e-01 -9.88666639e-02 -1.49000003e-01  2.10033340e-01
 -8.96000005e-02  9.50000038e-02  1.14700002e-01 -2.69933328e-01
 -7.47999965e-02  7.54666651e-02  5.26666610e-03  1.54866669e-01
  9.72999980e-02  3.11999992e-02 -7.17666596e-02 -2.14000002e-01
  1.49266670e-01 -6.42666643e-02 -8.53999990e-02 -9.95000017e-02
 -6.25000000e-02 -1.19966666e-01  1.61933333e-01  7.75333320e-02
  3.83899997e-01  1.25433336e-01  3.23533341e-01 -1.88033338e-01
  3.99133330e-01 -9.25666690e-02 -2.83133333e-01  2.48766672e-01
  1.42999974e-02  3.03900003e-01  1.80000002e-01  1.89199995e-01
 -3.35366671e-01 -1.07733337e-01 -9.25000018e-02 -1.98866667e-01
 -1.70666600e-02 -1.78833339e-01 -1.28933330e-01 -4.04966672e-01
  8.20333337e-02 -2.97666664e-02  1.13466666e-01  1.76666661e-01
 -1.01533338e-01  1.91666695e-02 -1.38200005e-01 -2.34366660e-01
 -1.21600001e-01 -8.67999991e-02 -1.08166665e-01 -1.55299993e-01
  3.29666684e-02 -6.52000010e-02  1.27499998e-01 -1.50333395e-02
 -9.19000010e-02  4.47666695e-02  9.46333346e-02  2.46666620e-03
 -1.76133335e-01  2.98700000e-01 -2.01466665e-01 -1.58699997e-01
  2.64600014e-01  6.03333333e-02 -1.15433330e-01 -9.58000049e-02
  4.35333333e-02  2.28666674e-01 -5.04099995e-01 -2.40566668e-01
 -8.67666629e-02 -4.70666674e-02  4.13666666e-02 -4.23333300e-02
  1.98666652e-02 -4.68000025e-02  2.24900002e-01 -7.32000023e-02
 -1.09666664e-01 -9.89333317e-02 -7.97666696e-02 -1.42866661e-01
 -9.80999991e-02 -3.54666660e-02 -3.42666676e-01  2.60799997e-01
 -1.98333288e-02  2.79666657e-02 -4.43333139e-03  1.14366665e-01
 -4.90333339e-02 -2.90599998e-01 -7.42000019e-02  5.64066648e-01
 -1.79533333e-01  3.60000382e-03  4.09333327e-02 -1.96999997e-01
  2.37666679e-02 -6.94666704e-02  7.64666703e-02  2.53333325e-02
  7.06000005e-02 -1.62666664e-02  7.53333295e-03  6.83333538e-03
  1.35700000e-01  6.15999990e-02 -9.84666695e-02  5.46000004e-02
  1.81999996e-01  1.33966662e-01  3.54999989e-01 -1.21633335e-01
 -1.89066667e-01 -8.75666640e-02  1.66533334e-01 -3.41333325e-02
  6.96666650e-02  1.56200002e-01  1.38099999e-01  1.17666684e-02
 -3.18999961e-02 -3.60666687e-02 -1.38000002e-02  1.15300002e-01
 -3.27333331e-01 -1.56366669e-01 -2.55666648e-02  3.49666675e-02
  3.29333333e-02  9.26666691e-03  1.53999999e-02 -9.43333407e-03
 -1.00366668e-01 -1.72066662e-01 -7.37999976e-02 -7.58333330e-02
  5.38000027e-02 -3.26000005e-02 -2.20400001e-01  4.03666676e-02
 -7.89333358e-02  1.91199999e-01 -1.75666664e-01  2.40566662e-01
  8.88999974e-02  1.93633338e-01  2.80000145e-03  3.35999926e-02
  1.54599995e-01  5.36666562e-03  3.36666529e-03 -3.56666744e-03
  9.05333354e-02  3.46000008e-02  2.62366667e-01 -2.56466667e-01
 -1.56799994e-01 -8.02000010e-02  3.47066661e-01 -3.34666645e-02
  8.21666718e-02  2.74466659e-01 -2.86466663e-01 -4.00733337e-01
  2.45333326e-02 -5.09333333e-02 -1.64800002e-01  8.26666752e-03
 -5.42900006e-01  1.39933328e-01 -9.44999997e-02 -1.86800003e-01
  2.30533341e-01 -1.17609998e+00 -3.64666693e-02 -2.68666744e-02
  5.20999990e-02  1.48333330e-02 -1.11166666e-01  3.59333406e-02
 -5.77666685e-02 -3.25266669e-01  1.49299997e-01  2.40833327e-01
  5.48666666e-01  1.18866672e-01 -4.85666667e-02  1.14866668e-01
 -9.19000010e-02  1.39933338e-01  1.20733338e-01  5.46666483e-03
 -5.05400007e-01  6.09999994e-02  6.78666718e-02  7.94666658e-02
  1.16333335e-01  4.86333345e-02 -1.70600000e-01 -1.35566667e-01
  2.42766668e-01 -1.96899998e-01  2.45033334e-01 -8.99998782e-04
  1.53733330e-01 -6.58000002e-01  3.01633347e-01  1.47533335e-01
 -1.34033330e-01 -3.32166662e-01  9.51999972e-02  2.88600004e-01
  1.07599999e-01 -1.10133337e-01 -2.30466673e-01  9.43666697e-02
 -4.64666653e-02 -3.85666639e-02 -3.99999817e-03 -1.44133337e-01
 -5.68999983e-02  4.19666658e-02  1.57399997e-01  4.19000015e-02
 -1.53233338e-01  1.30300003e-01 -3.40666647e-02 -8.79999995e-02
  1.54866671e-01  9.51333319e-02 -1.36499998e-01  1.93033338e-01
 -1.05100002e-01  1.87633331e-01  9.38000033e-02 -4.22666644e-02
  1.99666666e-01 -1.79799999e-01 -2.22466667e-01 -1.50366669e-01
  1.21500004e-01 -2.34599999e-01  7.19999994e-02  6.49999982e-02
 -7.86666945e-03 -8.69666686e-02  1.55933330e-01 -1.80333334e-02
  8.61333311e-02  1.43199998e-01  1.49966669e-01 -1.23166663e-01
 -1.86966663e-01 -2.33033343e-01  4.48666674e-02 -9.68999987e-02]"
道路,"[-0.1738 -0.0401  0.1779 -0.0027 -0.0144 -0.2178 -0.0099  0.2406 -0.0974
  0.2074 -0.0011  0.0826  0.0635  0.2124 -0.4908  0.3381  0.2234  0.0043
 -0.2262  0.0639  0.2363 -0.2613 -0.2508 -0.0401  0.1572  0.1963  0.0182
 -0.0056  0.2884 -0.4278 -0.182  -0.2179 -0.0518 -0.0326  0.0488  0.1572
  0.0569  0.1782  0.172  -0.0756 -0.0857 -0.1344  0.0201 -0.0668 -0.0143
 -0.0993  0.344   0.0029 -0.3177  0.2709 -0.2309  0.0818 -0.2083  0.1232
 -0.1744  0.097   0.1681 -0.1647  0.2484  0.0019 -0.1351  0.0016 -0.1128
  0.0713  0.1502  0.134  -0.027  -0.1309  0.0376  0.2716  0.158  -0.0067
 -0.0066  0.0292  0.2591 -0.0456 -0.1318 -0.1882 -0.3691  0.0276 -0.0146
 -0.3525 -0.0248  0.1462 -0.0521  0.3626 -0.0397  0.1588 -0.0728 -0.2155
 -0.2704 -0.1144  0.1264  0.2795 -0.1051  0.0201 -0.1917 -0.2441 -0.0109
 -0.234  -0.223   0.4127  0.0646  0.1371 -0.1387  0.2658 -0.3305 -0.0161
 -0.0425  0.0888 -0.3044 -0.0642 -0.1694 -0.0022  0.0466 -0.2302 -0.2009
 -0.0517  0.197  -0.2504  0.0123  0.0653 -0.0456  0.1594 -0.07    0.1002
  0.0891  0.2747 -0.2682  0.1522 -0.0324  0.0038  0.195  -0.2739  0.2133
  0.5959 -0.0091  0.2059 -0.1161 -0.2595 -0.2587  0.098  -0.0031 -0.1141
  0.4009  0.1885  0.0298 -0.0442  0.0815  0.0548  0.2459 -0.1725 -0.0521
  0.1498  0.671  -0.1187 -0.2431  0.2327 -0.0122  0.1527 -0.1665 -0.1032
 -0.1127 -0.0032 -0.0687 -0.2843 -0.2551  0.0771 -0.1499 -0.2964  0.0319
  0.1595 -0.057  -0.0643 -0.1976  0.1557 -0.0342 -0.1551  0.1072  0.101
 -0.1193  0.1836  0.0387  0.0527  0.1284  0.2805  0.1305 -0.0242  0.2473
  0.2256 -0.2702 -0.2191  0.542   0.2831  0.1457  0.3321  0.2237  0.0662
  0.3899  0.0863 -0.1964  0.2334  0.0228  0.1327  0.2402  0.0272  0.215
 -0.1937  0.192  -0.0764 -0.2241  0.2691  0.011   0.3316  0.0551 -0.1868
 -0.1902 -0.9409  0.0805  0.0073  0.1959 -0.0615 -0.208  -0.3997 -0.1526
 -0.2208 -0.1181  0.218   0.129   0.1416 -0.027   0.0253 -0.2248 -0.2288
  0.1303 -0.0359 -0.3894 -0.1897  0.0111  0.0026  0.0872 -0.0407  0.2061
 -0.4328  0.1534 -0.2092  0.1544  0.009   0.1869 -0.3432  0.0268 -0.4711
 -0.3472  0.1368  0.0311  0.3501 -0.0785  0.0919 -0.1493 -0.0389  0.301
  0.0205  0.0994  0.2128 -0.2897 -0.0588  0.2182 -0.1022 -0.0282  0.0713
 -0.0259 -0.1377 -0.0663 -0.0892 -0.2357  0.2557 -0.1635  0.1577 -0.3025
  0.3128 -0.3637 -0.0332 -0.0354  0.009   0.2737 -0.7212 -0.0777  0.2551
 -0.233   0.2572 -0.0869  0.2695  0.1016  0.2102 -0.1817 -0.0042 -0.0605
  0.1033  0.2329  0.0847]","[-7.12142641e-03 -1.24428568e-02  3.72164287e-01  9.90142846e-02
 -6.10071422e-02 -6.84928599e-02  6.67785728e-02 -1.98571184e-03
 -1.72928572e-01  1.92857143e-01  7.83714289e-02  6.39428571e-02
 -1.45499995e-02 -1.08428552e-02 -3.50342857e-01  1.60557142e-01
  3.92642838e-02  7.96428670e-03 -2.12264286e-01 -2.83000012e-02
  8.88428566e-02  4.52500015e-02 -1.75785715e-01 -4.67928578e-02
  1.74300000e-01 -1.69785727e-02  7.14142880e-02 -6.27142867e-02
  9.79142847e-02 -1.52457143e-01 -4.78571442e-02 -1.63635715e-01
 -4.03214296e-02 -1.63614287e-01 -1.99357139e-02  3.30999991e-02
  3.74857150e-02 -2.81285714e-02  8.56714279e-02  1.14428560e-02
 -4.01142853e-02 -4.67142848e-02 -8.12285703e-02  7.04357149e-02
 -9.48714292e-02 -3.01642857e-02  2.23071433e-02  3.04357148e-02
  3.71999993e-02  1.03614287e-01 -7.36428574e-02  4.84857160e-02
  5.20000003e-02 -5.84285813e-03  1.41714294e-02  2.05571409e-02
  2.02528575e-01 -1.97164286e-01  1.07207143e-01  1.57228570e-01
 -3.59285726e-03 -1.15149998e-01 -7.92857148e-02  6.92499999e-02
 -9.31428722e-03  2.05357152e-02 -1.11107146e-01  6.72071426e-02
 -8.80714285e-03  2.87107143e-01 -2.86499991e-02 -4.76500017e-02
  2.01221430e-01 -1.67357154e-02  1.29314288e-01 -1.08171430e-01
 -1.05657144e-01  6.86071440e-02 -1.77207143e-01  6.00714197e-03
  4.49642873e-02  1.88571594e-03 -3.15357148e-02  2.54428554e-02
 -9.84428560e-02  1.62792858e-01  2.52857086e-03  3.25785716e-02
 -4.85571412e-02 -1.10478570e-01 -2.94328571e-01 -9.05857122e-02
 -1.62357148e-02  2.23542855e-01 -2.14857150e-02 -1.95000005e-02
 -1.33364283e-01 -1.07300003e-01 -6.04571433e-02  7.87143038e-03
 -7.68499998e-02  4.09942856e-01 -6.22357138e-02  4.14857147e-02
 -8.23785717e-02  2.54835716e-01 -1.05371428e-01  7.17642848e-02
 -2.83642856e-02  9.27785703e-02 -3.00078575e-01 -1.02150000e-01
 -8.70928578e-02 -4.29785715e-02  7.17642859e-02  1.39585714e-01
 -1.40114287e-01 -1.71428147e-04  2.55271427e-01 -8.38571446e-02
  8.05000036e-03 -6.17142926e-03  1.04500000e-01  1.28142863e-02
 -1.56000004e-02 -1.28285720e-02 -4.31571440e-02  1.04821429e-01
 -1.22571429e-01  3.55928559e-02  1.42853574e-05 -1.02000015e-02
  7.64357139e-02 -1.30414288e-01 -7.62142840e-03  3.36435718e-01
  7.33071413e-02  1.73435717e-01  5.78142834e-02 -2.35999986e-02
 -7.17928575e-02 -4.15999989e-02  3.46071452e-02 -1.27571435e-02
  1.80999999e-01  5.24285718e-02  3.74500004e-02 -6.26785724e-02
 -7.31571431e-02  3.10714370e-03  1.02000002e-01 -8.26928569e-02
  9.95214274e-02  5.88571408e-02  2.90635714e-01 -1.34107143e-01
 -1.08692856e-01  4.34285772e-03  7.04428601e-02  1.01978571e-01
  2.15214294e-02 -3.31928584e-02 -3.97714303e-02 -6.04285699e-02
  8.78428564e-02 -4.17785699e-02 -1.57807143e-01  6.97999984e-02
 -1.44407142e-01 -7.61428688e-03 -7.46428641e-03  9.90571421e-02
 -7.77928569e-02 -3.36642861e-02 -7.85357164e-02 -1.38999991e-02
 -9.98571403e-03 -3.84357153e-02  7.74285713e-02 -5.79071436e-02
 -2.30428576e-02 -1.54628574e-01 -5.68999998e-02  9.87928584e-02
 -1.07192857e-01  5.52785715e-02 -6.33999997e-02  1.03785714e-01
  9.48857141e-02 -5.86142850e-02  4.94285407e-03  5.35716436e-04
  3.23985717e-01 -7.74285729e-03  9.74571424e-02  7.93571427e-02
  1.11107143e-01  2.55571428e-02  1.06428572e-01  5.99714284e-02
 -1.81471425e-01  2.17357137e-02  6.73214282e-02  1.22950003e-01
  7.04571408e-02  2.18857140e-02  8.29642857e-02 -8.78785722e-02
  4.96214286e-02 -7.84214291e-02 -1.05564284e-01  9.96071424e-02
 -1.20792856e-01  1.55128570e-01  1.95292857e-01 -1.93464284e-01
 -4.50785700e-02 -9.28121431e-01  5.07285713e-02 -1.37742858e-01
  4.60142863e-02 -6.35999995e-02 -1.17957144e-01  3.80714302e-02
 -3.99428577e-02 -5.67499999e-02  2.42642852e-02  2.08571419e-02
  2.19357142e-01  8.27928561e-02 -1.30999996e-02 -7.99071430e-02
 -2.42321429e-01 -2.39285724e-02  1.72264288e-01  5.02357145e-02
 -4.06807138e-01  2.91071406e-02  1.37350002e-01  9.09285708e-02
  7.10142849e-02  5.23571404e-03  2.52499998e-01 -3.31500000e-01
  1.92228573e-01 -2.49242859e-01 -2.72785704e-02  5.17428577e-02
  1.41535715e-01 -3.77978572e-01  1.35164286e-01 -4.05421431e-01
 -1.55357153e-02 -6.20999966e-02  1.15764285e-01  1.66914285e-01
 -1.22028572e-01  6.86499993e-02 -1.91571413e-02 -2.63928577e-02
  1.04864287e-01 -1.20092856e-01  9.93285719e-02  1.03200002e-01
 -4.99571436e-02 -1.35685714e-01  1.07871429e-01  2.23000005e-02
 -6.19428588e-02 -7.35714130e-03 -4.24285708e-02 -7.45642878e-02
  1.01235715e-01 -2.87857145e-02 -1.98785721e-02  1.22000000e-01
 -1.95428561e-02  1.86785737e-02 -8.93000001e-02  5.14999998e-02
  1.37857132e-02 -3.39142856e-02 -6.02928572e-02 -1.49285719e-02
  7.81214288e-02 -2.63807143e-01  5.55571443e-02  5.61928571e-02
 -2.69857145e-02 -2.10214300e-02 -9.28428567e-02  1.70864285e-01
 -3.13142883e-02  1.71121426e-01 -1.24064286e-01 -3.25428554e-02
 -9.69071441e-02  1.19071428e-01  1.20214288e-02  6.44428576e-02]"
堀,"[ 0.2232 -0.1093  1.0362  0.209  -0.2119 -0.0382  0.2879 -0.2365 -0.0132
  0.1137  0.0651 -0.0289 -0.3042 -0.242   0.0365  0.186  -0.055  -0.0175
 -0.1044 -0.0145 -0.1006 -0.1457 -0.7287  0.1627  0.1178 -0.0676  0.2287
  0.0978  0.3142 -0.1618  0.3273  0.0184  0.0922  0.7337  0.2141 -0.1677
  0.2202 -0.1159  0.0747  0.0049  0.0703 -0.186  -0.3941 -0.2903 -0.0629
  0.4271 -0.3364  0.066   0.314   0.268   0.2114 -0.004   0.0833  0.0952
  0.2289  0.0131  0.1547 -0.0727  0.1345 -0.0163 -0.0863  0.2067 -0.1756
  0.0907  0.1955 -0.0024 -0.0797 -0.1105  0.0197  0.139   0.0095 -0.3826
  0.1881  0.263  -0.0846 -0.0683 -0.0519 -0.3714 -0.2697 -0.2368  0.3926
 -0.0313 -0.0839  0.1379 -0.2386  0.0483 -0.1845 -0.1273 -0.0858  0.1183
 -0.0563 -0.1991 -0.3242  0.2483  0.2054  0.0489 -0.2944  0.1523 -0.1917
  0.0993 -0.01    0.0628 -0.1716 -0.2992  0.0696  0.3592  0.0578 -0.0426
 -0.2969  0.1173  0.0516  0.0271  0.0367  0.2118  0.1641  0.1686 -0.4406
 -0.2239  0.0676 -0.3619  0.2022 -0.0541 -0.035  -0.1328 -0.5001 -0.068
 -0.1739 -0.1924 -0.0556  0.0732 -0.115   0.1964  0.3545 -0.0449 -0.1697
 -0.4497  0.1369  0.0519  0.0269  0.0982 -0.0074 -0.0201  0.5035  0.2368
 -0.2762 -0.1348  0.2503 -0.3597  0.0317  0.2492  0.0992 -0.0946  0.3002
 -0.0582 -0.1332 -0.1292 -0.2389 -0.0121 -0.0732  0.5057 -0.0584 -0.0872
  0.3401 -0.4254  0.0396  0.1408  0.1783  0.0189  0.2877 -0.169   0.2037
  0.1134 -0.1642 -0.0397  0.2233 -0.2427  0.0835  0.1396  0.1327 -0.0912
 -0.1057 -0.1159  0.3392  0.0831 -0.0228 -0.1728  0.0491 -0.1232  0.2903
  0.1081  0.2991 -0.1102  0.1976  0.3907 -0.0164 -0.1234  0.0857 -0.2328
 -0.1828 -0.2163 -0.1591  0.0531 -0.141   0.1845  0.2306  0.0149 -0.1628
 -0.0993  0.1562 -0.0957 -0.0764 -0.1843 -0.0859  0.3175  0.1963 -0.0348
  0.0278 -0.8092 -0.1729  0.1344  0.0931  0.0798 -0.069  -0.2151  0.023
 -0.2639  0.1399 -0.1321  0.4837  0.0473  0.0356 -0.1299 -0.183   0.0912
  0.0729  0.3856 -0.1061 -0.1583 -0.076  -0.0748  0.1837  0.0664  0.1881
 -0.3856  0.0332 -0.3134 -0.2199 -0.1161 -0.2594  0.6909 -0.047  -0.4659
  0.0208  0.0951  0.0702  0.3524  0.4227  0.0429 -0.2751  0.0051  0.0287
  0.2099 -0.0053 -0.0547  0.1147  0.0105 -0.3197  0.157  -0.2939 -0.1481
 -0.2593  0.3411  0.0996 -0.0667 -0.0258 -0.2108 -0.0205 -0.0709  0.084
  0.2477 -0.2417 -0.0559 -0.0329 -0.1645 -0.1167 -0.1038 -0.0399  0.0601
  0.047   0.2572  0.0741 -0.0505  0.1674 -0.0658 -0.1406 -0.073   0.0607
 -0.0694  0.0901  0.0625]","[ 3.69555552e-02  2.37851853e-02  7.25914822e-01  1.22796297e-01
 -1.65851861e-02 -1.30592591e-02  2.05103703e-01  4.57259266e-02
 -6.29296285e-02  2.11862962e-01  6.88925922e-02  5.37666656e-02
 -9.55888874e-02  6.11592595e-02 -2.62018517e-01 -9.49370356e-02
 -1.48666656e-02  6.82962961e-02 -3.19062962e-01  7.02518522e-02
 -4.07037031e-02 -5.47222186e-02 -8.19559249e-01  2.63877777e-01
  6.75185208e-03 -1.57562963e-01  1.17851855e-02 -7.18740756e-02
  1.32466667e-01 -1.32151851e-01  2.62603706e-01 -1.16985185e-01
  4.67333340e-02  1.46388885e-01  1.50929629e-01  4.55185129e-03
  1.20359260e-01 -2.87148167e-02  7.78259264e-02 -8.18370358e-02
  3.72740750e-02 -1.35992592e-01  2.89518518e-02  5.11592582e-02
 -2.09474072e-01  3.72011111e-01 -1.66596296e-01  8.04000014e-02
  2.37251854e-01  3.90333342e-02  3.15074079e-02 -6.76407372e-02
  3.16851864e-02 -2.36888891e-02 -4.47592599e-02  2.23814832e-02
  1.11144445e-01 -1.44055556e-01  6.55037027e-02  6.81814802e-02
  1.15862963e-01 -2.06703704e-02 -6.38296319e-02  6.86666680e-03
  1.40155556e-01  3.90370361e-02  6.33777779e-02  3.63296293e-02
 -9.27666684e-02  9.97333307e-02  2.59074079e-02 -1.27900001e-01
  9.53111105e-02 -2.55259222e-02 -1.54111131e-02 -5.24370392e-02
 -6.56851849e-02 -1.36174076e-01 -5.52111095e-02 -3.28588890e-01
  1.59129628e-01  1.12166669e-01 -1.87425926e-01  1.46285184e-01
 -5.96888891e-02  7.25370371e-02 -4.74407425e-02 -7.73148155e-02
 -5.29555548e-02  4.70222218e-02 -4.03703710e-02 -9.52148162e-02
 -1.55207408e-01  2.04829630e-01  4.80481482e-02  1.69848147e-01
 -4.89862968e-01 -1.17407398e-02 -9.93740739e-02 -2.03370373e-02
 -6.24296305e-02  6.84296288e-02 -7.29111131e-02 -2.32385184e-01
  8.74074165e-03  6.19218521e-01 -4.61851791e-03 -6.97259257e-02
 -8.08999978e-02  2.10481478e-01  2.75555526e-02  1.48070373e-01
  7.86185206e-02 -3.82962971e-03  2.46740779e-02  2.34074073e-01
 -4.00944446e-01  3.31481417e-03  3.66740748e-02 -1.83033331e-01
  3.83999995e-02 -1.81040740e-01  8.16703688e-02  1.35314817e-01
 -1.13329629e-01  2.61814818e-02 -5.17777524e-03  2.31777793e-02
 -6.93370366e-02 -1.01433334e-01 -1.46951851e-01  8.96407416e-02
  5.79592586e-02 -2.23018518e-01  3.15592604e-02 -4.13351851e-01
 -3.83592600e-02  1.96740734e-02 -2.48777759e-02  5.67333314e-02
  8.34407405e-02 -5.29999914e-03  8.56666630e-02  1.24596297e-01
  4.56074066e-02 -6.76296279e-03  1.99488889e-01 -3.69962972e-02
  2.52963320e-03  7.37111118e-02  1.77481490e-02 -1.19751852e-01
  2.85366666e-01  5.99888924e-02  1.28103705e-01 -2.01011110e-01
 -2.46055557e-01 -1.94748144e-01 -6.56629626e-02  4.91962957e-02
 -2.39925916e-02 -1.07400002e-01  1.04207405e-01 -1.58240743e-01
  3.16629611e-02  4.00074064e-02  4.01592568e-02  8.64074035e-02
  5.94740772e-02  5.79148161e-02 -3.61851865e-02 -3.52407411e-02
 -4.60111122e-02 -7.72851858e-02  2.42666646e-02 -9.02592629e-03
  1.38759258e-01  1.51451854e-01  1.74592576e-02 -2.47666685e-02
  8.97037163e-03 -2.48244444e-01  2.81059259e-01  7.09185167e-02
 -4.99444446e-02 -4.69629650e-02 -1.55444426e-02 -7.31185175e-02
  9.84888916e-02  4.61185171e-02  2.21985186e-01 -1.67259249e-02
  2.36370348e-02  5.64185199e-02  9.66111111e-02 -4.74370356e-02
  1.41044443e-01 -1.59514816e-01 -1.86318518e-01 -1.48240742e-01
 -1.06907408e-01  4.25074064e-02 -4.52999974e-02  1.08418518e-01
  1.38962947e-02  9.69888881e-02 -8.58037045e-02 -1.15674072e-01
 -1.67407407e-02  9.00851846e-02 -1.40392593e-01 -3.12777789e-02
 -2.07185185e-01  3.82925924e-02  2.01211110e-01 -2.10003704e-01
  1.12203705e-01 -1.40857037e+00 -8.81481584e-03  1.14314813e-01
  1.29177778e-01 -3.97037035e-02  3.59592615e-02  6.70368406e-04
  9.44148150e-02 -2.10337038e-01  6.96925911e-02 -6.59296278e-02
  4.20374072e-01  5.59185183e-02  1.26592591e-02 -5.16703716e-02
 -2.98718520e-01  5.98222231e-02  7.59444478e-02  1.79988888e-01
 -3.67800000e-01 -9.36666635e-03  7.29740755e-02  2.06592591e-02
  3.76296297e-02 -3.30814797e-02  4.84629624e-02 -5.61585190e-01
  5.44074073e-02 -2.83781484e-01 -2.51259240e-02  3.82777770e-02
 -1.74633336e-01  2.84655560e-01  6.05592614e-02 -5.57251856e-01
  6.26259250e-02  5.64148141e-02  1.09711110e-01  3.17796294e-01
  7.95185143e-02 -1.00266669e-01 -9.38481464e-02  2.70555553e-02
  1.95037037e-02 -1.00640741e-01  1.12925941e-02 -3.01481582e-03
  3.77629620e-02 -6.25666682e-02 -1.73996295e-01 -2.00481480e-01
 -1.43481484e-01 -8.40740753e-02 -8.49407410e-02  3.70370474e-03
  1.77466667e-01  5.72296293e-02  1.84666686e-02 -1.18011112e-01
 -1.38777777e-02  6.35629630e-02 -3.53740718e-02 -9.60185207e-02
 -2.32485185e-01 -9.63703740e-03 -2.30370369e-02 -1.87385187e-01
 -7.39703697e-02 -1.40059258e-01  1.01707407e-01  8.42666668e-02
  4.35777789e-02  9.18518472e-03 -4.06222240e-02  1.52403702e-01
  7.97481460e-02 -4.30444446e-02 -1.97948148e-01 -7.71999999e-02
 -1.15999982e-02 -4.74185197e-02  1.88370388e-02 -4.17518526e-02]"
本丸,"[ 2.4550e-01  1.5110e-01  1.8620e-01 -1.4200e-02  1.5000e-03  6.0600e-02
  1.4500e-01 -5.5400e-02  1.2920e-01  8.5800e-02  7.3600e-02 -1.5510e-01
  7.0000e-03  1.9140e-01 -3.8920e-01 -3.1600e-02  4.8900e-02  1.7300e-02
 -4.7680e-01  2.4120e-01  3.4050e-01  1.5300e-01 -5.1190e-01  7.4100e-02
 -1.2560e-01 -4.4000e-02  1.6310e-01  9.9000e-02 -1.8570e-01 -2.2030e-01
  2.6510e-01  9.6900e-02  1.2290e-01  2.2100e-02  2.1090e-01 -8.6300e-02
  1.1270e-01 -1.3500e-01 -3.6850e-01  2.8810e-01  1.6750e-01 -5.7000e-02
 -2.8570e-01  9.7200e-02 -2.6450e-01 -1.1070e-01  2.0990e-01  8.4100e-02
 -6.8000e-03  1.0200e-02  1.2210e-01  1.6070e-01 -2.3850e-01 -2.0570e-01
 -2.2260e-01  7.8000e-02  9.8300e-02 -1.7570e-01  1.0030e-01  1.8740e-01
 -9.2900e-02 -1.8100e-01 -3.1520e-01 -1.1670e-01  6.7600e-02  1.9010e-01
  6.7800e-02 -5.3900e-02 -1.9500e-01  2.1070e-01  1.1430e-01 -2.2090e-01
  5.4590e-01 -2.1300e-02 -1.9160e-01 -1.5470e-01  1.7950e-01 -4.5490e-01
 -1.9320e-01 -2.6810e-01 -6.9300e-02 -1.4980e-01 -3.5300e-02  2.6130e-01
 -2.4300e-02  2.0200e-02  7.8100e-02 -3.5340e-01 -2.4910e-01  1.5530e-01
  7.9000e-02  2.1170e-01 -3.1390e-01  3.9460e-01 -2.2200e-02  1.9860e-01
 -2.9870e-01  9.6000e-02 -2.6250e-01  1.1520e-01 -8.9200e-02  9.6400e-02
 -2.6970e-01  4.7000e-03 -8.4900e-02  5.4080e-01 -1.7200e-02 -5.1400e-02
  1.5310e-01  5.3420e-01  1.5950e-01  8.1100e-02 -1.3200e-01  1.1690e-01
  2.5450e-01  2.2180e-01 -1.1260e-01 -2.1920e-01  1.4820e-01 -2.4310e-01
 -4.3200e-02 -3.5280e-01 -6.3000e-02 -9.6400e-02 -2.2330e-01  9.0000e-04
 -8.3300e-02 -1.0290e-01 -1.5580e-01 -1.7150e-01  7.6400e-02  2.5900e-02
 -1.4400e-01 -1.1190e-01  1.8300e-01 -1.7360e-01  2.4630e-01  1.1150e-01
  1.5800e-02  1.3090e-01 -1.0670e-01 -2.1950e-01 -2.4190e-01  1.3790e-01
  8.7300e-02 -2.2540e-01  1.0800e-01  2.9600e-01  1.7880e-01 -1.3790e-01
 -4.8600e-02 -1.4360e-01  1.4100e-01 -9.2100e-02  1.8450e-01 -8.9400e-02
 -4.4910e-01  1.4630e-01  5.0000e-02  4.6020e-01 -1.2700e-02  1.2490e-01
 -1.2260e-01 -2.9900e-02 -2.4140e-01  3.6950e-01  1.2740e-01  1.0410e-01
 -1.7330e-01  3.4830e-01  4.1200e-02  1.2540e-01  2.6180e-01  6.8200e-02
  3.0400e-02  3.3000e-02 -1.8450e-01 -2.0410e-01  1.6840e-01  1.3200e-01
 -2.1640e-01 -1.1780e-01  9.2200e-02  4.6160e-01 -1.6190e-01  1.3990e-01
 -4.7100e-02  3.2600e-02  2.7400e-02 -6.8600e-02  3.3560e-01  1.9900e-02
 -1.7700e-02  8.5800e-02  4.4820e-01 -1.6340e-01  1.7080e-01 -6.3500e-02
 -1.5530e-01 -1.6550e-01 -1.4400e-02  3.2850e-01 -8.2800e-02 -1.4460e-01
  7.7200e-02  1.2190e-01  3.6000e-03 -1.7700e-01  3.2730e-01  5.4200e-02
  1.5260e-01  2.2500e-01 -1.7380e-01  2.1120e-01  2.7260e-01  1.4930e-01
  4.4790e-01 -1.0281e+00 -2.0810e-01  6.7700e-02  1.4600e-01 -6.1000e-03
 -2.1110e-01 -1.1200e-01 -1.1690e-01 -3.5870e-01 -1.8820e-01 -3.0940e-01
  5.8830e-01 -7.4500e-02  2.3100e-01  3.3700e-01 -1.1040e-01  6.7000e-02
  1.2490e-01 -1.0760e-01 -3.1890e-01  1.4870e-01 -1.8490e-01  1.1510e-01
  7.2100e-02 -3.3930e-01  1.3500e-02 -3.3020e-01  4.5810e-01 -1.6290e-01
 -2.0940e-01  1.8820e-01 -2.4260e-01 -9.7000e-03  4.0300e-01 -3.2270e-01
 -7.8800e-02 -1.5550e-01  2.5600e-02  6.6000e-02 -1.8180e-01 -2.7900e-02
 -2.7330e-01 -1.8840e-01  9.5800e-02 -2.8920e-01  4.9700e-01 -8.1000e-03
 -1.5200e-02  1.4420e-01  2.5600e-02 -2.1700e-02 -1.6880e-01 -1.5750e-01
 -1.2300e-02  2.5750e-01  3.8250e-01 -6.7800e-02  9.9500e-02  2.0970e-01
 -1.9260e-01  1.1430e-01 -3.8700e-02  1.6110e-01 -2.8210e-01 -1.7140e-01
 -1.8240e-01 -1.7360e-01  1.2310e-01  4.2980e-01 -9.9800e-02  2.4010e-01
 -2.0260e-01  4.6000e-02 -1.6290e-01  2.6900e-01 -1.1570e-01  2.1370e-01
 -6.3030e-01  1.6300e-02  1.0160e-01 -3.4700e-02  3.4250e-01 -3.8800e-01]","[ 7.26199978e-01 -9.31499992e-02  3.23150005e-01  1.93325002e-01
 -1.69699996e-01 -5.22999978e-02  2.12524995e-01 -5.62375002e-01
  2.52049987e-01  4.08425000e-01  2.11025004e-01 -1.39450006e-01
 -4.75500002e-01 -3.14999255e-03 -1.08417498e+00  5.23399982e-01
  2.31424993e-01 -2.57474994e-01 -7.13925008e-01  2.12200004e-01
  4.44750000e-01  2.08975003e-01 -9.05025030e-01 -7.17499992e-03
 -5.39949998e-01 -7.51674991e-01  3.63225009e-01 -4.20625009e-01
  5.33199998e-01 -2.43274999e-01 -4.28999996e-01 -2.10625002e-01
 -4.27074998e-01  3.73250055e-02 -2.47275005e-01 -8.11250039e-02
 -3.61499994e-02  7.80000020e-02  2.18349997e-01  1.21500003e-02
 -3.03275002e-01  2.71399991e-01 -1.98449995e-01  1.70524991e-01
 -4.20025003e-01  4.41700013e-01 -7.00499881e-02 -5.24249968e-02
 -1.15025002e-01  6.01575028e-01 -7.45749935e-02  2.62999993e-01
  1.21224997e-01  8.56249928e-02 -4.24300002e-01 -3.79000006e-01
  5.38499991e-01 -5.12274995e-01  2.27325004e-01  7.15375003e-01
  1.26125013e-01 -7.08499973e-02 -5.77650004e-01  2.90249998e-01
 -5.24750035e-02  4.32799999e-01 -1.25574996e-01  6.02749996e-02
 -8.41100008e-01  6.18525006e-01 -3.12950009e-01  6.03500032e-02
  5.25824997e-01  2.85850003e-01  1.37499997e-01 -1.70725002e-01
 -3.08549984e-01 -9.58500002e-02 -5.44650006e-01 -2.78700005e-01
 -3.29675002e-01 -1.53300004e-01 -3.26800000e-01  7.36500018e-01
 -4.09374996e-01 -6.11250014e-02 -1.70400003e-01 -3.53524989e-01
 -4.53399998e-01 -1.22699991e-01 -1.72749995e-01 -4.00999999e-02
 -2.27675001e-01  4.43550007e-01  5.58500011e-02  1.32500427e-03
 -4.53049999e-01 -2.65249982e-02  3.14100004e-01 -9.25499970e-02
 -4.88225000e-01  9.03624991e-01 -3.72200007e-01  1.98199998e-01
 -1.50224997e-01  1.21067496e+00 -3.43400007e-01 -6.96749957e-02
  4.84774987e-01  1.12349998e+00 -6.85300017e-01 -2.34649989e-01
  3.14749926e-02 -9.37500224e-03  4.94950008e-01  1.33850002e-01
 -4.20525011e-01 -1.38550011e-01  1.86699999e-01 -4.56850010e-01
  2.04049998e-01 -9.64024991e-01  1.81475003e-01  5.03499997e-02
 -1.78875008e-01  1.54224997e-01  1.72900000e-01 -5.60149997e-01
 -2.75125010e-01  2.16724997e-01 -6.54375008e-01 -5.64174994e-01
 -3.94175012e-01 -1.13650000e-01  2.96500000e-01  1.93124987e-01
  1.00975000e-01  5.38025005e-01  5.31249866e-02 -5.74275015e-01
 -5.48274999e-01  2.21575008e-01  1.35425003e-01  1.49875000e-01
  8.56274981e-01  4.79875000e-01 -3.06800012e-01  4.01725019e-01
  2.63250014e-02  1.17875003e-01  1.70199996e-01 -4.09150004e-01
  2.65775017e-01  3.18999980e-02  6.20050014e-01  1.07500073e-02
  5.58250058e-02  1.80025004e-01 -1.18350002e-01  7.16000069e-02
 -8.52500205e-03 -2.65399994e-01 -8.13999996e-02 -4.71250001e-01
 -4.69824987e-01  1.10754999e+00 -3.97250017e-02  3.38024996e-01
 -4.57175007e-01  9.66250040e-02  1.14250004e-02 -1.30000003e-01
 -3.08150007e-01  4.61425010e-01 -4.66324992e-01 -1.37275001e-01
 -2.39650000e-01 -1.63750015e-02  4.29224994e-01  2.55500027e-02
 -5.84299988e-01 -5.20275013e-01 -4.27775005e-01  5.40275000e-01
 -7.16024993e-01  4.26199995e-01  5.04350001e-01  3.97275008e-01
  8.67500016e-03 -2.19024990e-01  9.41524968e-01  7.44249995e-02
  9.71375029e-01  2.72750035e-02  1.90499909e-02  2.66500050e-02
  6.39524996e-01 -1.94924998e-01  1.52499937e-02 -3.26000005e-02
 -5.79099993e-01  9.55150009e-01 -3.31500014e-02  1.66750019e-02
  2.26774999e-01  1.85249983e-02 -2.07724978e-01 -4.45150007e-01
  6.99999995e-01 -2.20350000e-01 -2.65324992e-01  6.74574997e-01
 -4.76450006e-01  5.17574999e-01 -1.57600001e-01  2.31575008e-01
  5.01000003e-01 -3.01747505e+00  3.86125000e-01  2.86174999e-01
  2.47625005e-01 -2.24074996e-01 -5.86149980e-01 -4.52800000e-01
  2.13975003e-01 -6.29249978e-01 -2.10150004e-01 -3.10749933e-02
  1.28990002e+00 -2.38825001e-01 -3.21949997e-01  1.33650001e-01
 -3.25000001e-01  8.52524996e-01 -1.45750001e-01 -1.68099996e-01
 -1.13497499e+00  1.15549990e-01  2.30574989e-01 -1.69624997e-01
 -3.25499980e-02 -3.28974999e-01  4.84249990e-02 -8.09250005e-01
  8.82849997e-01 -5.86274989e-01  4.60250059e-02  1.36924999e-01
 -3.22499994e-01 -8.57699997e-01  8.91450003e-01 -3.74899991e-01
  2.80275002e-01  5.90750035e-02  1.35350007e-01  4.37024992e-01
 -8.97500012e-03  1.28300004e-01 -4.83249999e-01 -3.23450006e-01
 -4.99874980e-01 -2.30550007e-01  3.72924991e-01  6.30350024e-01
 -3.28975004e-01  2.50900007e-01  1.63175002e-01  6.77749892e-02
 -6.38500040e-02 -3.54774985e-01  3.48650008e-01  2.07149992e-01
  7.01199973e-01 -1.61699997e-01  7.18324981e-01  5.80150000e-01
 -3.94800015e-01  8.76524984e-01  1.90775005e-01  2.43450000e-01
 -8.42999972e-02 -4.05174989e-01 -2.61200008e-01 -3.13799987e-01
 -2.83275001e-01  3.74449993e-01 -7.07249998e-02  1.67700006e-01
 -6.86999988e-02  3.97499991e-02 -1.64475005e-01  5.77399977e-01
 -1.99300000e-01  6.54149998e-01 -6.75899995e-01 -1.82049992e-01
 -2.10574995e-01 -1.08500011e-02  5.11349988e-01  5.71749937e-02]"
城跡,"[ 4.1530e-01 -1.9740e-01  3.9020e-01  7.5300e-02 -2.8800e-02 -3.1790e-01
  2.4170e-01  2.9640e-01  2.6960e-01  2.3330e-01 -9.2300e-02 -6.6100e-02
 -7.7500e-02 -1.4080e-01 -4.2230e-01  3.4660e-01 -1.2320e-01 -4.6800e-02
 -2.7920e-01  3.0730e-01  2.3130e-01 -4.5800e-02 -7.1070e-01 -2.3050e-01
  6.4400e-02 -4.7000e-02 -4.3000e-03 -5.5800e-02  1.0240e-01 -4.5350e-01
  3.3500e-02 -3.1240e-01  1.0400e-01  1.0000e-02 -8.0000e-02  1.7520e-01
 -6.5400e-02 -3.3030e-01 -9.6300e-02  6.0000e-03  2.4100e-02  7.3300e-02
 -2.4380e-01  1.4200e-02 -4.8300e-01  3.0440e-01  1.4150e-01 -1.5800e-02
 -1.0010e-01  5.8000e-03 -1.4700e-02  1.3440e-01  5.8100e-02 -2.6280e-01
 -4.6700e-02 -1.5720e-01  1.6100e-01 -1.4300e-02 -3.1600e-02  4.6810e-01
  1.2400e-01 -2.3290e-01 -2.4850e-01  2.2530e-01 -3.6800e-02 -1.5050e-01
 -1.7050e-01  1.6510e-01  2.7500e-02  4.0400e-02 -1.2260e-01 -3.9650e-01
  4.3290e-01 -1.5520e-01 -1.1220e-01 -1.3510e-01 -3.7090e-01 -1.9030e-01
 -1.4590e-01 -1.5390e-01  2.8390e-01 -6.8700e-02 -8.1300e-02  3.5680e-01
 -1.2980e-01 -3.7800e-02  5.1400e-02  5.0500e-02 -8.9000e-02 -2.6870e-01
 -4.1790e-01 -3.8590e-01 -1.1580e-01  1.8380e-01  4.9400e-01  2.2200e-02
 -2.7420e-01 -7.8100e-02 -1.5440e-01 -8.0100e-02  8.6600e-02  1.3730e-01
 -2.7620e-01 -3.1360e-01  9.4000e-03  9.4900e-02 -2.0370e-01 -2.0800e-02
 -3.2000e-02  2.0650e-01 -4.2910e-01 -1.5780e-01  1.9030e-01 -1.1370e-01
  7.4900e-02 -7.5700e-02 -2.4970e-01 -2.0400e-02  3.0400e-01 -1.9620e-01
 -2.2540e-01 -2.3340e-01  1.3310e-01  1.4400e-02 -6.8300e-02 -9.1000e-02
  3.4000e-02  4.3100e-02 -3.5030e-01  4.0200e-02 -1.2350e-01 -1.2400e-01
 -5.7480e-01 -2.4830e-01  2.1350e-01  8.7060e-01 -8.1100e-02  1.0060e-01
 -1.4750e-01 -2.3410e-01 -1.5520e-01 -1.3980e-01 -1.0150e-01  1.9860e-01
  6.3550e-01  2.0000e-04  8.0000e-02  4.9200e-02  1.8840e-01  1.7400e-02
  1.0490e-01 -2.5420e-01  3.6930e-01  1.8630e-01  3.6260e-01 -2.5950e-01
 -4.6870e-01 -1.5040e-01  2.6950e-01  2.0040e-01  5.4900e-02  1.2970e-01
  2.5500e-01  7.1500e-02 -1.8850e-01 -3.2200e-02  2.6000e-03  3.7170e-01
  6.3200e-02  3.0360e-01 -4.5800e-02  8.3200e-02  3.6830e-01 -5.3500e-02
  4.7300e-02  9.7000e-02 -6.2000e-03  2.6390e-01  1.5030e-01  9.5300e-02
 -1.6820e-01 -3.3180e-01  8.9000e-03  2.1570e-01 -1.9840e-01  2.0570e-01
 -6.0300e-02 -2.9830e-01  1.5840e-01 -3.6300e-02  3.1690e-01  8.0800e-02
  2.0670e-01  1.1290e-01 -1.0060e-01  3.0000e-02  8.2600e-02  1.5550e-01
 -1.7500e-02  3.7500e-02 -2.7270e-01  1.6960e-01  3.7560e-01 -1.2980e-01
 -3.9900e-02 -2.7800e-02 -1.6120e-01 -4.6190e-01  2.6900e-02  7.7700e-02
 -1.5480e-01 -1.7470e-01 -9.0100e-02  1.2640e-01  1.1800e-01 -1.3500e-02
  3.1180e-01 -1.2152e+00  5.4000e-02 -2.0150e-01  3.0400e-01 -8.9600e-02
  1.3300e-01 -1.2000e-02 -9.8800e-02 -2.6920e-01  1.7500e-01 -3.3770e-01
  7.9680e-01  1.7450e-01  7.2000e-03 -8.3100e-02 -1.3690e-01  3.4400e-02
  1.7430e-01  1.4220e-01 -6.8440e-01  1.1370e-01 -4.4400e-02  1.6990e-01
  3.1560e-01 -1.1250e-01  1.4310e-01 -3.8270e-01  4.8990e-01 -3.8200e-02
 -1.9060e-01  2.8360e-01  8.3700e-02 -7.9490e-01  4.5300e-01 -4.3190e-01
 -1.1000e-01 -1.6730e-01  2.1370e-01  5.5000e-02 -3.4620e-01  1.5700e-01
  3.3170e-01 -6.8500e-02 -1.2700e-02 -2.7960e-01  2.3660e-01  2.7310e-01
  9.7900e-02  6.9300e-02 -2.5530e-01 -2.7120e-01 -5.9780e-01 -2.5650e-01
 -5.4300e-02 -3.2360e-01  4.9530e-01 -3.2800e-02 -4.0800e-02 -2.6710e-01
  8.4800e-02  4.4100e-02 -2.0920e-01 -2.8100e-02 -2.3920e-01  3.8800e-02
 -7.8600e-02 -1.7550e-01  3.5460e-01 -1.3240e-01 -3.0600e-02  2.9020e-01
  1.4130e-01 -1.3710e-01  3.2300e-02  3.4140e-01 -5.4600e-02  2.0950e-01
 -2.4020e-01 -4.7480e-01  3.1100e-02  1.9410e-01 -6.4000e-03  1.7070e-01]","[ 4.45575012e-01 -9.02500013e-02  5.16675003e-01  5.14000021e-02
 -3.81999984e-02 -2.18800000e-01  9.69249965e-02  2.47525006e-01
  2.11100005e-01  2.21525002e-01 -8.39999951e-02  1.57574993e-01
 -2.39100004e-01 -1.25425000e-01 -4.90849994e-01  3.77200000e-01
 -1.47999972e-02 -2.28249994e-02 -4.22499996e-01  2.58625003e-01
  3.30999922e-02  1.22900000e-01 -7.60874987e-01 -2.50574997e-01
  7.52500282e-03 -2.39374997e-01 -7.29000019e-02  1.92649998e-01
  1.98224995e-01 -4.10424996e-01 -5.11750020e-02 -3.01250010e-01
  3.72749977e-02 -2.13649998e-01  8.72500017e-02  2.14249985e-02
 -2.14499966e-02 -3.39099996e-01 -1.10175000e-01 -3.18499994e-02
 -2.66499994e-02  1.01924999e-01 -2.57825002e-01  9.16250041e-02
 -4.26700002e-01  1.51899994e-01  1.38700000e-01 -1.17524997e-01
 -9.60250031e-02  9.82750033e-02  7.28249974e-02  2.68999981e-02
  1.16700001e-01 -4.40400008e-01  4.47500497e-03 -7.25499941e-02
  1.49024997e-01 -7.03750011e-02 -5.84999993e-02  5.71074998e-01
  5.08249984e-02 -3.07849996e-01 -2.64700007e-01  2.04899989e-01
  5.37250005e-02 -1.44075000e-01 -1.49724997e-01  2.89749992e-01
  9.56749991e-02 -5.02500013e-02 -1.38874998e-01 -5.93599990e-01
  3.86200000e-01 -5.37250033e-02 -1.58374992e-01 -2.01600004e-01
 -3.79374999e-01 -2.77175006e-01 -1.16225000e-01 -1.08124999e-01
  2.78899994e-01 -4.54250015e-02 -1.37875000e-01  2.68874995e-01
 -1.62650005e-01  6.47499990e-02  3.53999984e-02 -1.39999990e-02
 -1.42650002e-01 -3.50375005e-01 -3.81449992e-01 -2.86849996e-01
 -2.22124999e-01  2.11899997e-01  5.91675000e-01  1.42674998e-01
 -3.73475003e-01 -9.62500023e-02 -1.47500008e-01 -9.22249965e-02
  9.62999985e-02  3.39024988e-01 -1.09624999e-01 -3.48975003e-01
  2.09999969e-03  1.34749994e-01 -1.85325000e-01 -1.52549999e-01
 -4.07500099e-03  2.81125004e-01 -5.57600014e-01 -2.42824994e-01
  1.15550000e-01 -2.11250033e-02  1.38649999e-01  1.46625005e-01
 -1.48474991e-01  1.17950003e-01  3.50624993e-01 -1.23024999e-01
 -3.78549997e-01 -2.37375000e-01  1.00050002e-01  3.94749995e-02
  1.21250041e-02 -1.20399999e-01 -7.13750031e-02  3.06749977e-02
 -3.83050010e-01  1.57999990e-02 -1.00599997e-01 -4.23749974e-02
 -5.98550005e-01 -3.33249999e-01  3.31300003e-01  5.72949998e-01
 -4.52250019e-02  2.54099997e-01 -1.12774996e-01 -3.12525000e-01
 -1.17725002e-01 -8.97499989e-02 -1.51699998e-01  1.72649998e-01
  8.54224995e-01  2.05250002e-02  1.02975002e-01  3.08500008e-02
  3.12500000e-01 -1.23699995e-01  2.28750000e-01 -2.57100003e-01
  4.78300002e-01  2.00999999e-01  5.90549994e-01 -1.88025001e-01
 -4.38349998e-01 -2.03249995e-01  2.98624996e-01  1.55249946e-02
  5.42750031e-02 -3.14499959e-02  2.99475003e-01  1.60250068e-02
 -2.01000005e-01  1.77925003e-01 -7.64500013e-02  3.90949993e-01
 -5.25000039e-04  3.48900013e-01 -1.66825003e-01  1.47525001e-01
  2.40349990e-01 -1.27274999e-01  6.49500042e-02  6.60750016e-02
 -1.06500003e-01  2.00525004e-01  1.68200001e-01 -8.40750020e-02
 -2.82774999e-01 -4.51200014e-01 -2.39999993e-02  3.56450001e-01
 -1.56075004e-01  2.06975000e-01  1.30425002e-01 -2.42025007e-01
  7.45999999e-02  6.93500023e-02  3.67975006e-01 -1.29500005e-01
  2.67350001e-01  2.17999993e-02 -1.76000003e-01  1.00025000e-01
  1.96749978e-02  1.54624997e-01  3.93249989e-02  8.99000000e-02
 -3.00325008e-01  2.07049997e-01  2.22200004e-01 -3.10624998e-01
 -1.00100000e-01 -1.14874999e-01 -2.39875001e-01 -3.79224999e-01
  3.84000018e-02  4.45999987e-02 -1.78849998e-01 -1.72950003e-01
 -1.64775003e-01  7.14499959e-02  2.23400004e-01  2.05000036e-03
  4.04625002e-01 -1.54844999e+00  5.35500031e-02 -1.78675000e-01
  2.21574995e-01 -7.52499951e-02  1.26975000e-01 -4.47249962e-02
 -1.85750052e-02 -3.63274995e-01  2.12324999e-01 -5.88450007e-01
  8.34900018e-01  2.55200008e-01  1.43050004e-01 -1.04224999e-01
 -3.52049995e-01  1.10524993e-01  1.89775001e-01  4.12499958e-02
 -7.83400020e-01  1.62949998e-01 -2.18325002e-01  1.52474994e-01
  1.24150005e-01 -1.93650002e-01  1.77024996e-01 -5.91249995e-01
  4.92225001e-01 -2.56099995e-01 -1.49499972e-02  2.45200000e-01
  2.03625005e-01 -7.48149998e-01  3.69950011e-01 -6.28049985e-01
 -8.92749960e-02 -2.80224998e-01  3.22425002e-01  3.23125005e-01
 -4.12499994e-01  1.66025003e-01  3.13650003e-01 -2.34724998e-01
  9.14999982e-03 -2.64349999e-01  2.88999995e-01  2.14674994e-01
 -3.62999993e-02 -7.89999776e-03 -4.65674985e-01 -2.28125001e-01
 -5.93625001e-01 -2.35450007e-01 -9.01249973e-02 -3.03624995e-01
  3.26025001e-01 -4.37749997e-02  2.64499981e-02 -5.86750116e-02
 -3.01500019e-02  1.90000096e-03 -1.16574999e-01  1.78874993e-01
  3.03249992e-02 -8.64250027e-02 -1.93650004e-01 -2.76675003e-01
  2.32725004e-01 -1.17800003e-01  4.41000005e-02  3.66050000e-01
  1.83974994e-01 -1.09824999e-01  4.07499960e-03  3.88824992e-01
 -1.57950002e-01  3.64275004e-01 -2.33124997e-01 -4.24249996e-01
  5.59249995e-02  3.21375009e-01 -1.11624999e-01  2.33800001e-01]"
城跡,"[ 4.1530e-01 -1.9740e-01  3.9020e-01  7.5300e-02 -2.8800e-02 -3.1790e-01
  2.4170e-01  2.9640e-01  2.6960e-01  2.3330e-01 -9.2300e-02 -6.6100e-02
 -7.7500e-02 -1.4080e-01 -4.2230e-01  3.4660e-01 -1.2320e-01 -4.6800e-02
 -2.7920e-01  3.0730e-01  2.3130e-01 -4.5800e-02 -7.1070e-01 -2.3050e-01
  6.4400e-02 -4.7000e-02 -4.3000e-03 -5.5800e-02  1.0240e-01 -4.5350e-01
  3.3500e-02 -3.1240e-01  1.0400e-01  1.0000e-02 -8.0000e-02  1.7520e-01
 -6.5400e-02 -3.3030e-01 -9.6300e-02  6.0000e-03  2.4100e-02  7.3300e-02
 -2.4380e-01  1.4200e-02 -4.8300e-01  3.0440e-01  1.4150e-01 -1.5800e-02
 -1.0010e-01  5.8000e-03 -1.4700e-02  1.3440e-01  5.8100e-02 -2.6280e-01
 -4.6700e-02 -1.5720e-01  1.6100e-01 -1.4300e-02 -3.1600e-02  4.6810e-01
  1.2400e-01 -2.3290e-01 -2.4850e-01  2.2530e-01 -3.6800e-02 -1.5050e-01
 -1.7050e-01  1.6510e-01  2.7500e-02  4.0400e-02 -1.2260e-01 -3.9650e-01
  4.3290e-01 -1.5520e-01 -1.1220e-01 -1.3510e-01 -3.7090e-01 -1.9030e-01
 -1.4590e-01 -1.5390e-01  2.8390e-01 -6.8700e-02 -8.1300e-02  3.5680e-01
 -1.2980e-01 -3.7800e-02  5.1400e-02  5.0500e-02 -8.9000e-02 -2.6870e-01
 -4.1790e-01 -3.8590e-01 -1.1580e-01  1.8380e-01  4.9400e-01  2.2200e-02
 -2.7420e-01 -7.8100e-02 -1.5440e-01 -8.0100e-02  8.6600e-02  1.3730e-01
 -2.7620e-01 -3.1360e-01  9.4000e-03  9.4900e-02 -2.0370e-01 -2.0800e-02
 -3.2000e-02  2.0650e-01 -4.2910e-01 -1.5780e-01  1.9030e-01 -1.1370e-01
  7.4900e-02 -7.5700e-02 -2.4970e-01 -2.0400e-02  3.0400e-01 -1.9620e-01
 -2.2540e-01 -2.3340e-01  1.3310e-01  1.4400e-02 -6.8300e-02 -9.1000e-02
  3.4000e-02  4.3100e-02 -3.5030e-01  4.0200e-02 -1.2350e-01 -1.2400e-01
 -5.7480e-01 -2.4830e-01  2.1350e-01  8.7060e-01 -8.1100e-02  1.0060e-01
 -1.4750e-01 -2.3410e-01 -1.5520e-01 -1.3980e-01 -1.0150e-01  1.9860e-01
  6.3550e-01  2.0000e-04  8.0000e-02  4.9200e-02  1.8840e-01  1.7400e-02
  1.0490e-01 -2.5420e-01  3.6930e-01  1.8630e-01  3.6260e-01 -2.5950e-01
 -4.6870e-01 -1.5040e-01  2.6950e-01  2.0040e-01  5.4900e-02  1.2970e-01
  2.5500e-01  7.1500e-02 -1.8850e-01 -3.2200e-02  2.6000e-03  3.7170e-01
  6.3200e-02  3.0360e-01 -4.5800e-02  8.3200e-02  3.6830e-01 -5.3500e-02
  4.7300e-02  9.7000e-02 -6.2000e-03  2.6390e-01  1.5030e-01  9.5300e-02
 -1.6820e-01 -3.3180e-01  8.9000e-03  2.1570e-01 -1.9840e-01  2.0570e-01
 -6.0300e-02 -2.9830e-01  1.5840e-01 -3.6300e-02  3.1690e-01  8.0800e-02
  2.0670e-01  1.1290e-01 -1.0060e-01  3.0000e-02  8.2600e-02  1.5550e-01
 -1.7500e-02  3.7500e-02 -2.7270e-01  1.6960e-01  3.7560e-01 -1.2980e-01
 -3.9900e-02 -2.7800e-02 -1.6120e-01 -4.6190e-01  2.6900e-02  7.7700e-02
 -1.5480e-01 -1.7470e-01 -9.0100e-02  1.2640e-01  1.1800e-01 -1.3500e-02
  3.1180e-01 -1.2152e+00  5.4000e-02 -2.0150e-01  3.0400e-01 -8.9600e-02
  1.3300e-01 -1.2000e-02 -9.8800e-02 -2.6920e-01  1.7500e-01 -3.3770e-01
  7.9680e-01  1.7450e-01  7.2000e-03 -8.3100e-02 -1.3690e-01  3.4400e-02
  1.7430e-01  1.4220e-01 -6.8440e-01  1.1370e-01 -4.4400e-02  1.6990e-01
  3.1560e-01 -1.1250e-01  1.4310e-01 -3.8270e-01  4.8990e-01 -3.8200e-02
 -1.9060e-01  2.8360e-01  8.3700e-02 -7.9490e-01  4.5300e-01 -4.3190e-01
 -1.1000e-01 -1.6730e-01  2.1370e-01  5.5000e-02 -3.4620e-01  1.5700e-01
  3.3170e-01 -6.8500e-02 -1.2700e-02 -2.7960e-01  2.3660e-01  2.7310e-01
  9.7900e-02  6.9300e-02 -2.5530e-01 -2.7120e-01 -5.9780e-01 -2.5650e-01
 -5.4300e-02 -3.2360e-01  4.9530e-01 -3.2800e-02 -4.0800e-02 -2.6710e-01
  8.4800e-02  4.4100e-02 -2.0920e-01 -2.8100e-02 -2.3920e-01  3.8800e-02
 -7.8600e-02 -1.7550e-01  3.5460e-01 -1.3240e-01 -3.0600e-02  2.9020e-01
  1.4130e-01 -1.3710e-01  3.2300e-02  3.4140e-01 -5.4600e-02  2.0950e-01
 -2.4020e-01 -4.7480e-01  3.1100e-02  1.9410e-01 -6.4000e-03  1.7070e-01]","[ 1.64000009e-01 -4.09466668e-01  1.47506666e+00  1.13200000e-01
  8.45333325e-02 -3.27500002e-01 -8.29999894e-03  5.70566682e-01
  1.56500002e-01  4.42733328e-01 -1.43333288e-03 -1.57000000e-02
 -5.67333335e-02  2.60366662e-01 -6.57533348e-01  1.27800000e-01
 -8.35999995e-02  1.62566667e-01 -5.68799987e-01  1.84133333e-01
 -1.77666793e-02  2.63966663e-01 -1.42709999e+00 -2.05466667e-01
  3.43300000e-01 -2.86533335e-01  2.01733333e-01  9.34666644e-02
  9.37333321e-02 -6.30233338e-01  2.81566673e-01 -4.19866674e-01
  1.61266667e-01  2.09866668e-01 -2.11233334e-01 -6.73334052e-03
 -1.05633335e-01  3.41333350e-02  3.73333382e-03 -2.34333334e-01
 -4.29799989e-01 -9.49666649e-02 -1.91466664e-01 -1.28666684e-02
 -4.96600001e-01  6.11599987e-01 -3.31000102e-02 -2.53333151e-03
 -2.98533337e-01  1.25200001e-01 -8.97666644e-02 -7.66666631e-02
 -2.34966677e-01 -5.84333340e-01 -1.04699999e-01 -4.50233330e-01
  5.64666719e-02 -1.75666668e-01 -1.85100004e-01  5.19266672e-01
  2.18733331e-01 -2.25800000e-01 -2.12366667e-01  3.17499995e-01
  4.14600000e-01 -1.06233333e-01 -1.31166663e-01  2.43666659e-01
 -5.57000078e-02  1.25866664e-01  1.22866670e-01 -2.54766665e-01
  5.06066673e-01  6.42666668e-02  1.25166667e-01  1.22866669e-01
 -2.33100008e-01 -2.98933338e-01 -4.22900006e-01 -1.01866665e-01
  3.09999883e-02  1.61466663e-01 -2.25466666e-01  4.96999998e-01
 -6.72000051e-02 -4.52666655e-02  6.66668018e-04  7.51666687e-02
 -2.27499997e-01 -7.41933350e-01 -5.02666660e-01 -5.03266662e-01
  4.43999988e-02  3.38700004e-01  4.57366657e-01  6.07333363e-02
 -7.15366671e-01  3.65000019e-02 -4.05766666e-01 -1.11533334e-01
  4.83800006e-01  3.13800003e-01 -1.78633331e-01 -5.21666671e-01
 -1.11333332e-01  7.01899971e-01 -2.27700007e-01 -2.41699999e-01
  1.89333328e-02  4.25933326e-01 -3.08866670e-01 -5.08666684e-02
  3.30533335e-01  5.99666694e-02  4.56999966e-02  2.32366651e-01
 -7.47999991e-01  1.18166666e-01  2.24299993e-01 -2.54166663e-01
 -2.90700004e-01 -1.54433334e-01  2.88333335e-01  1.33333321e-02
 -5.43266669e-01 -1.11666665e-01 -1.43833328e-01  1.15266666e-01
 -5.98566674e-01 -1.37333311e-02 -1.27766666e-01 -3.32666611e-02
 -1.90066680e-01 -4.13833340e-01  2.54899999e-01  1.59766639e-01
 -1.88466669e-01  1.06500003e-01 -3.75066663e-01 -3.09566662e-01
 -2.96166669e-01 -2.65599993e-01 -1.37299998e-01  1.34799995e-01
  4.32233353e-01 -3.39666645e-02  3.70666683e-02 -1.42533333e-01
  1.20200003e-01  1.35533333e-01  2.83366676e-01  6.07999812e-02
  9.11366696e-01  1.37533328e-01  2.99066658e-01 -1.62699998e-01
 -1.28866658e-01 -1.07800000e-01  3.95633328e-01  2.19033332e-01
 -6.34666656e-02 -2.98333320e-02  4.85433325e-01  2.17100004e-01
 -1.94133334e-01  1.24233328e-01 -1.38333336e-02  3.94699993e-01
  3.38666638e-02  1.61600007e-01  1.24533334e-01 -6.71000009e-02
 -8.62666797e-02 -2.05733337e-01  2.15500002e-01  5.66667008e-03
  7.60333330e-02  5.95166668e-01 -8.26666703e-02 -1.08200002e-01
 -1.24933335e-01 -8.41000021e-01  2.26966665e-01  8.64333312e-02
 -1.22566670e-01 -3.04999972e-02 -2.81899999e-01 -4.71166665e-01
  2.35433330e-01 -1.95333303e-02  5.46066674e-01  1.75999949e-02
  3.33233331e-01  1.92433334e-01 -1.25666661e-01 -1.05833326e-01
  4.38866662e-01  8.13666629e-02 -5.76999995e-02 -5.96000055e-02
 -3.80000013e-02  4.16166666e-01 -1.20666673e-02 -1.55566670e-01
 -2.36833334e-01  9.46999999e-02 -2.40933332e-01 -7.94799998e-01
  1.53933336e-01  1.08299997e-01 -5.32766670e-01 -5.11233329e-01
 -3.43566672e-01  2.47400001e-01  3.25500002e-01 -3.19600006e-01
  1.12600004e-01 -2.04966662e+00  7.36333306e-02 -5.85999973e-02
  2.97033328e-01 -1.88099999e-01 -2.60000179e-03  3.81666680e-02
  5.92999955e-02 -4.28933332e-01  1.11733332e-01  2.86999817e-02
  1.06430001e+00  3.20400007e-01 -9.83333401e-03  8.41333314e-02
 -3.67433329e-01  3.67666682e-02  3.26500004e-01  2.85266660e-01
 -8.93033348e-01  1.68433334e-01  6.16333360e-02  2.17466669e-01
  3.49666675e-01 -1.13033327e-01  3.09899998e-01 -7.95300007e-01
  2.84699999e-01 -3.55933331e-01 -3.32566659e-01  3.09133333e-01
 -2.91066664e-01 -4.46166664e-01  5.75800007e-01 -8.41999988e-01
 -1.39200001e-01 -2.91066664e-01  2.94166666e-01  3.48933334e-01
 -7.61766662e-01  3.27833338e-01  4.96566661e-01 -2.04333328e-02
 -6.65666666e-02 -3.21599999e-01  1.58899995e-01  2.71866657e-01
  1.72466668e-01  8.50333373e-02 -6.48933321e-01 -3.68300003e-01
 -6.75400009e-01 -6.49433330e-01 -1.93332384e-03 -2.03866666e-01
  1.40466670e-01  1.49333340e-02 -1.67199998e-01 -1.29400000e-01
 -1.97133341e-01  8.21333336e-02 -1.62899991e-01 -2.30933335e-01
 -2.84599995e-01  7.25000004e-02 -5.42333300e-02 -3.32400009e-01
  2.74800004e-01 -5.11433348e-01 -1.47733336e-01  3.39199997e-01
  2.33066665e-01 -4.02666678e-02  2.09166673e-01  6.41566657e-01
 -3.46566671e-01  6.87999989e-01 -3.73900001e-01 -4.56166661e-01
 -1.18000035e-02  1.18433336e-01 -3.55266680e-01  1.89433331e-01]"
土,"[ 1.1280e-01  1.8730e-01  1.0364e+00  1.0640e-01  4.3000e-03 -6.0400e-02
 -1.1100e-02 -1.1330e-01 -1.5060e-01 -8.5620e-01 -6.9400e-02 -1.0520e-01
 -1.8800e-01  1.0320e-01 -6.4040e-01  3.5500e-02 -2.7250e-01 -1.4900e-02
 -1.3950e-01  1.5900e-02  5.4700e-02 -5.2500e-02  9.6200e-02 -8.8100e-02
 -1.1190e-01 -3.6400e-02 -1.5400e-01  1.1140e-01  3.8730e-01  2.3770e-01
  1.7310e-01 -2.2910e-01 -8.9800e-02  4.8000e-03 -4.8800e-02 -1.1820e-01
  5.0400e-02 -8.9800e-02  1.9880e-01 -5.3000e-03 -4.5600e-02  1.0350e-01
 -6.6800e-02 -9.0000e-03  1.1910e-01  4.5010e-01  1.0000e-04  2.5270e-01
  4.8900e-02 -1.6900e-01 -8.5400e-02  5.9100e-02  5.3800e-02 -9.3000e-02
 -3.4400e-02 -3.0220e-01  7.1700e-02 -1.0750e-01  5.4500e-02 -6.9900e-02
  1.9000e-02  1.4490e-01 -1.8970e-01  2.0700e-02  4.1100e-02  2.1000e-03
  1.1380e-01 -1.0300e-02 -5.5500e-02 -4.8400e-02  8.5000e-03 -1.8870e-01
 -7.4800e-02 -1.6040e-01 -5.9700e-02 -1.6150e-01  1.8400e-02 -6.0200e-02
 -1.3670e-01  1.5370e-01  1.9050e-01 -6.6800e-02 -7.8100e-02  1.5000e-02
 -1.2890e-01  3.5000e-02 -1.5500e-01  2.2160e-01 -1.4100e-02  1.0040e-01
 -1.4000e-03 -3.6900e-02  1.1000e-02  5.5500e-02 -1.1270e-01 -1.2800e-01
 -6.2120e-01  1.4650e-01 -5.9000e-02  6.9900e-02  2.2900e-02 -1.7190e-01
 -2.3000e-02  1.5290e-01 -4.9400e-02  3.8930e-01 -5.2070e-01 -2.1120e-01
  3.2300e-02 -2.1110e-01 -9.5100e-02  4.6600e-01  2.1500e-01  2.6510e-01
 -1.3090e-01  3.3000e-01 -3.0200e-02  2.2670e-01  1.0300e-02 -7.6000e-03
  9.0000e-02  1.7570e-01  2.0710e-01 -8.1500e-02 -1.0300e-02  1.6160e-01
  4.8800e-02 -2.5900e-02  4.7100e-01  4.0300e-02 -1.6620e-01 -4.3400e-02
  4.1570e-01 -2.0460e-01 -2.9000e-02 -4.2870e-01 -3.7400e-02  2.2440e-01
 -8.8900e-02 -1.0060e-01 -8.5800e-02 -4.3100e-02  1.8230e-01  1.1200e-02
  6.1590e-01  5.4800e-02 -1.0670e-01  9.2900e-02 -2.4300e-02 -1.8300e-02
  1.1200e-01 -3.0820e-01  1.0210e-01  2.4400e-02  3.1440e-01  2.7400e-02
 -7.8100e-02  1.0640e-01 -3.7200e-02  2.9500e-02  5.5000e-03  4.6850e-01
  1.4400e-02  1.3460e-01  2.7640e-01  9.2800e-02  3.4900e-02 -1.3120e-01
  4.2300e-02  9.1600e-02 -1.0950e-01 -7.0300e-02 -1.7800e-02 -3.2100e-02
  7.8100e-02  7.6500e-02 -9.5400e-02 -4.4700e-02 -5.6000e-03  6.2000e-03
 -2.2000e-02  1.5430e-01 -5.8800e-01  3.8460e-01  3.5200e-01 -4.8300e-02
 -1.2680e-01  3.4080e-01  5.9000e-02  1.0340e-01  6.1000e-03 -4.0500e-02
  1.7100e-02  1.5300e-02 -8.8570e-01 -3.7400e-02 -5.2000e-02  1.1590e-01
 -1.7600e-02 -1.1500e-02  3.4200e-02  2.7230e-01 -1.0800e-02  8.2300e-02
 -1.8700e-01 -1.5350e-01 -4.0000e-04  1.2870e-01  6.0700e-02 -8.3000e-02
 -1.1910e-01 -2.4100e-02 -9.9600e-02  2.1130e-01  8.2670e-01 -8.5200e-02
  2.0870e-01 -6.5520e-01  3.8000e-03  5.3300e-02  5.2130e-01  1.7700e-02
 -1.2850e-01 -9.5200e-02 -4.8700e-02 -1.7930e-01  2.4100e-02  6.1500e-02
  8.0500e-02  5.8900e-02 -4.3700e-02 -1.3640e-01 -1.8910e-01 -0.0000e+00
 -8.5600e-02 -9.9700e-02  2.7090e-01  4.3200e-02  9.3300e-02  1.7410e-01
  1.1740e-01 -1.2220e-01 -2.3360e-01 -3.2410e-01  1.8000e-01 -2.1300e-02
 -2.1490e-01  7.4300e-02 -2.8800e-01 -5.5530e-01 -6.9900e-02 -2.9030e-01
 -9.0700e-02  1.2530e-01 -7.3000e-03  3.8500e-02  2.1590e-01 -7.0000e-02
 -5.2900e-02 -1.8670e-01 -2.1590e-01 -3.3000e-03  9.3800e-02 -1.9760e-01
 -8.0100e-02  3.3580e-01 -3.7870e-01 -2.8300e-02 -1.1420e-01 -1.2440e-01
  1.9390e-01  8.9300e-02  5.4500e-02  3.6900e-02 -7.1200e-02 -5.5200e-02
  2.5640e-01  1.7100e-02  7.2600e-02 -7.9000e-03  3.5250e-01  3.6400e-02
  4.2700e-02  3.4740e-01 -4.0700e-02 -1.4290e-01  1.2180e-01  1.2610e-01
 -7.8600e-02  1.6780e-01 -1.7090e-01  1.1220e-01 -1.1300e-01 -2.7680e-01
  7.9400e-02  1.7640e-01 -1.4750e-01  2.5220e-01 -6.3000e-03 -8.7900e-02]","[ 2.59333377e-02 -9.13333266e-03  1.39596664e+00  3.90166658e-01
  1.76766671e-01 -1.89666698e-02 -4.39333344e-02 -4.02133344e-01
  1.84533327e-01 -1.03246666e+00  1.10666690e-02  8.48333333e-02
 -3.04966673e-01  9.55000001e-02 -7.36366666e-01  9.06666658e-02
 -1.55933337e-01 -1.07866673e-01 -2.91500002e-01 -1.44366670e-01
 -8.54000039e-02  1.88233334e-01 -1.60500003e-01 -1.15333336e-02
  1.82233327e-01 -2.60099993e-01  2.63566674e-01 -2.27966663e-01
  3.94266671e-01 -2.13266658e-01  2.93599993e-01 -5.31033334e-01
  2.53000000e-02  1.06000025e-02  1.32599996e-01 -2.17099999e-01
  4.89533339e-01 -2.66500005e-01  2.98166665e-01 -5.59999887e-03
 -6.36666684e-02  1.31700002e-01 -3.19800006e-01 -2.27066668e-01
 -1.13666741e-02  8.45533328e-01  1.56700003e-01  4.50866670e-01
  1.92100000e-01 -2.95900002e-01 -4.19400005e-01  6.81999934e-02
  4.10333311e-02 -1.17166667e-01  9.09333313e-02 -1.14733326e-01
  1.31699998e-01 -3.11266662e-01 -4.10333378e-02 -7.23000007e-02
  3.17666662e-02  1.12999976e-02 -3.23599996e-01 -1.48900003e-01
  2.45733333e-01  7.59999966e-03  1.66066666e-01 -8.63333339e-02
 -2.26766667e-01  9.54666709e-02 -3.46333298e-02 -2.03200002e-01
 -2.26999978e-02 -4.67666666e-01 -9.91333378e-02 -2.42500008e-01
 -9.58999948e-02 -3.28666605e-02 -1.63266673e-01  1.87033325e-01
  2.05199993e-01 -2.90700004e-01 -2.07366666e-01  2.93699997e-01
 -8.07566669e-01  2.05333350e-02 -8.27666658e-02  2.83233325e-01
 -2.08000038e-02 -1.50366671e-01 -2.71666637e-02 -1.59533336e-01
  5.66663841e-04  2.59666671e-01 -5.69333341e-02  3.08333328e-02
 -9.24600020e-01  1.66500004e-01 -1.57000000e-01  3.12700002e-01
  1.03966665e-01 -2.40333440e-02 -6.18666614e-02  2.64533333e-01
 -1.64099998e-01  6.81833327e-01 -4.96933323e-01 -6.74666654e-02
 -1.24866669e-01 -9.10666746e-02 -6.03466672e-01  5.96699998e-01
  9.62666670e-02  4.29300008e-01  4.04333398e-02  6.57666672e-01
 -2.40466669e-01  2.34133329e-01  1.37799999e-01 -1.12299999e-01
 -2.50766672e-01  1.07133328e-01  2.80066669e-01  1.95333332e-01
  1.42499996e-01  2.80433322e-01  1.25699998e-01 -7.26999982e-02
  4.79366655e-01  2.54166674e-01 -4.49266666e-01 -9.56666966e-03
  2.87399999e-01 -1.43366670e-01  1.72400001e-01 -3.67633339e-01
 -1.69000000e-01  2.10000001e-01 -1.58399998e-01 -2.48333317e-02
  5.46666359e-03 -1.59866665e-01  1.74266669e-01 -3.65999987e-02
  1.11969998e+00  1.49833333e-01  2.43100006e-01  1.95099998e-01
  7.85000020e-02  4.21966669e-01  3.47900001e-01 -1.43166667e-01
  4.69833339e-01  1.18533329e-01  7.28666653e-01  2.72200003e-01
 -7.04000051e-02  2.26700000e-01 -1.17333320e-02  1.73633337e-01
  1.50666561e-02  4.18566654e-01  9.13333194e-03  7.84999952e-02
  4.39900011e-01  1.82966664e-01  1.04599996e-01  2.52300006e-01
 -1.97433325e-01  2.40166659e-01 -2.66200001e-01 -5.58000033e-02
  1.74999982e-02 -2.36433338e-01  3.54666660e-01 -3.56666707e-02
 -2.75800001e-01 -2.16000043e-02 -3.14333324e-02  2.29966660e-01
 -1.14133337e-01  7.64333258e-02 -6.90933323e-01  2.92233344e-01
  9.01999970e-02 -1.55733338e-01 -4.59133328e-01  3.98199999e-01
  2.53033335e-01  5.68666675e-01  2.68499997e-01  5.92000031e-02
  7.63666599e-02 -1.40000011e-03 -9.10500006e-01 -1.51200000e-01
 -1.44666666e-01 -8.52000015e-02 -3.64766663e-01 -2.39000000e-01
 -4.22666653e-02  2.04833331e-01 -1.46633326e-01  5.23666653e-02
 -3.59666766e-02 -9.33666701e-02 -1.59799998e-01 -1.99699996e-01
  2.22333362e-02 -4.07233323e-01  2.81600012e-01 -1.34500008e-01
 -2.77066669e-01  4.81866656e-01  1.22146665e+00 -5.35099998e-01
  3.94866671e-01 -2.10550002e+00 -7.97333348e-02  1.97466668e-01
  5.29966678e-01  9.94999961e-02 -1.92799997e-01 -1.99833332e-01
 -1.70600002e-01 -4.50399988e-01  1.49433336e-01 -1.20966670e-01
  4.91633344e-01 -5.31000015e-02 -3.58000038e-02 -5.71666684e-02
 -5.13033335e-01 -6.80666684e-02 -2.71333344e-02 -1.93266665e-01
 -2.75099978e-01  3.80600006e-01  3.26333301e-02  1.69033328e-01
  3.25333329e-01  9.84999978e-02 -5.33466677e-01 -9.11100003e-01
 -1.01566657e-01 -2.89533326e-01 -3.76466659e-01  1.07333343e-02
 -2.54066660e-01 -7.00133328e-01  2.57166677e-01 -6.41800001e-01
 -2.91400008e-01 -2.36333317e-02 -1.06333332e-01  5.28933334e-01
  3.14000005e-01  5.33666660e-02 -4.66000002e-02 -3.34633326e-01
 -3.82400001e-01 -6.82333348e-02 -1.82999944e-02 -1.25766672e-01
  1.23633333e-01  5.83333318e-01 -1.43166660e-01 -1.84166671e-01
 -4.78766672e-01 -9.69999501e-03  4.56666743e-02 -3.77999985e-02
  2.98533328e-01 -1.03666646e-02  1.57500006e-01  8.85666677e-02
  1.27333326e-01  3.97533320e-01 -3.34666663e-02  8.94666668e-02
  2.58933333e-01  1.06066668e-01 -1.48666690e-02  3.00333345e-01
 -1.12099996e-01 -2.34900004e-01  1.92733335e-01  4.79799993e-01
  2.89700000e-01  4.87666596e-02 -5.05799986e-01  2.33766663e-01
 -7.29666670e-02 -3.04733336e-01 -1.82033334e-01  2.50433336e-01
 -1.34033326e-01  2.76500003e-01  2.80666668e-01 -1.05633339e-01]"
