aspect,aspect_vecs,cluster_main_vecs
遊覧船,"[ 1.34999994e-02 -1.18699998e-01  8.88199985e-01  1.44099995e-01
  4.25399989e-01 -3.38000000e-01  5.51599979e-01  1.11000001e-01
 -3.74100000e-01  5.97599983e-01  3.63000035e-02  4.42600012e-01
 -1.00999996e-01 -6.23600006e-01 -5.87900043e-01  5.80699980e-01
  5.52999973e-02 -4.38400000e-01 -6.29000008e-01  2.63500005e-01
 -4.45400000e-01  4.64999974e-02 -3.13000023e-01  2.27200001e-01
  4.76799995e-01 -3.72599989e-01 -1.84799999e-01 -7.85000026e-02
 -4.43899989e-01 -2.52099991e-01  9.03000012e-02 -6.77299976e-01
 -4.29499984e-01 -1.38799995e-01 -1.90600008e-01 -2.95000002e-02
  3.03000003e-01 -2.27899998e-01  4.59100008e-01 -4.25099999e-01
  1.31999999e-01 -7.96200037e-01 -5.10000065e-03  2.74599999e-01
 -4.31800008e-01  2.61399984e-01 -2.18800008e-01 -5.67299962e-01
  2.55199999e-01 -2.72599995e-01  1.95900008e-01 -1.02999955e-02
  2.33600006e-01  3.72299999e-01 -2.17099994e-01  3.24500024e-01
  1.44500002e-01 -4.83900011e-01  5.33999979e-01  7.56999999e-02
  2.32099995e-01  3.39599997e-01  2.33999997e-01 -3.40499997e-01
 -3.06800008e-01 -8.50000232e-03  1.11600004e-01 -2.66499996e-01
 -5.15000001e-02 -4.17000055e-02  1.48000002e-01  5.28699994e-01
  1.80000030e-02 -9.00000334e-04  2.57000010e-02 -4.49299991e-01
 -4.99700010e-01 -2.13900000e-01  1.19799994e-01 -4.85000014e-02
  2.88100004e-01  4.72000003e-01  1.04999997e-01  3.69399995e-01
  6.04000017e-02  3.60300004e-01  5.74699998e-01 -5.31399965e-01
 -5.70200026e-01 -3.82399976e-01 -4.29999977e-02  1.90400004e-01
 -1.76200002e-01  3.26600015e-01  4.43199992e-01 -3.22499990e-01
 -3.15900028e-01  2.66299993e-01 -5.07200003e-01 -3.37999985e-02
 -4.60199982e-01  7.72699952e-01  1.74899995e-01  1.90300003e-01
  8.55700016e-01  6.42400026e-01 -6.94999993e-02  9.37999934e-02
 -3.04699987e-01 -3.36400002e-01 -3.31499994e-01 -3.13600004e-01
  4.03999984e-02  5.00400007e-01  1.69900000e-01  7.81099975e-01
 -1.92599997e-01  1.85800001e-01  1.38099998e-01 -6.86699986e-01
  2.94600010e-01 -3.23200017e-01 -2.45999992e-02 -2.22500011e-01
 -5.53999990e-02  1.38099998e-01 -3.33599985e-01 -2.59900004e-01
 -3.95200014e-01  2.23700002e-01 -1.35900006e-01 -3.47599983e-01
  1.55599996e-01 -4.99199986e-01 -2.68099993e-01  4.37500000e-01
  6.09000027e-02 -1.71599999e-01 -4.37500000e-01  8.32999796e-02
 -1.88200012e-01 -7.52499998e-01  5.97000010e-02  7.78599977e-01
  3.88499975e-01 -3.34599972e-01  4.70399976e-01  1.23699993e-01
 -8.00599992e-01  4.35400009e-01 -5.55000007e-02 -3.17900002e-01
 -3.94000039e-02  3.73800009e-01  8.71599972e-01 -4.09799993e-01
 -9.98999923e-02  1.31400004e-01 -2.49399990e-01  1.14300005e-01
 -3.38000059e-02 -4.33200002e-01 -3.14000025e-02 -2.06300005e-01
  1.23400003e-01 -1.96600005e-01 -6.38899982e-01  1.02899998e-01
  5.90999946e-02  2.77300000e-01  1.50500000e-01 -6.67600036e-01
 -3.75400007e-01  6.11700058e-01 -7.22200036e-01 -4.20899987e-01
  1.51199996e-01 -6.08799994e-01 -5.21100044e-01  1.82099998e-01
 -6.13999963e-02 -1.30099997e-01  4.95600015e-01  3.85299981e-01
 -3.18700016e-01  6.19000018e-01  1.30199999e-01 -1.15799993e-01
  7.06000030e-01 -5.78999966e-02  1.50000025e-03 -2.38700002e-01
  5.97100019e-01  5.79900026e-01  4.08999994e-02 -3.50999981e-01
  5.18700004e-01 -1.10100001e-01  7.99000040e-02  2.07900003e-01
 -2.58800000e-01  3.52800012e-01 -1.60200000e-01 -3.93900007e-01
 -2.60699987e-01  7.21000060e-02  1.33300006e-01  1.21900000e-01
  6.02299988e-01  3.85399997e-01  2.11600006e-01  4.78999913e-02
 -3.69899988e-01 -4.28999998e-02 -2.17700005e-01 -1.90700009e-01
 -5.46100020e-01 -1.84060001e+00  1.07999995e-01 -3.16199988e-01
 -1.74799994e-01  1.12700000e-01  1.17100000e-01 -4.56999987e-02
 -1.95500001e-01 -9.93799984e-01 -1.99200004e-01  1.47300005e-01
  2.28799999e-01 -1.10900000e-01  9.39999521e-03 -9.54999924e-02
 -6.70700014e-01  2.17600003e-01  4.50800002e-01  4.18699980e-01
 -8.75100017e-01 -3.60000134e-03  6.58999979e-02 -1.58300012e-01
 -1.73899993e-01 -2.70000100e-03  7.27699995e-01 -9.11700010e-01
  1.31500006e-01 -5.13199985e-01 -2.87000015e-02  2.14000002e-01
  9.10999924e-02 -4.31099981e-01 -7.94999972e-02 -7.79500008e-01
 -1.04699999e-01 -6.08399987e-01 -6.88000023e-02  7.11199999e-01
  1.82200000e-01 -2.01799989e-01  2.87299991e-01  3.98000002e-01
  1.38300002e-01 -3.25399995e-01 -8.72000009e-02 -4.79999930e-03
 -7.72999972e-02 -1.40000004e-02  3.36600006e-01 -1.87400013e-01
 -2.18599990e-01  3.13899994e-01 -6.83399975e-01 -1.66000053e-02
  5.05900025e-01  3.85399997e-01 -2.95599997e-01  9.98999998e-02
 -2.76600003e-01 -3.38100016e-01  4.53599989e-01  3.49500000e-01
 -1.26000047e-02  2.60299981e-01 -2.19099998e-01  4.93000001e-02
  6.18499994e-01  3.50600004e-01 -1.40000135e-03 -8.91000032e-02
  2.00099990e-01  1.69999897e-03 -3.13899994e-01  3.87400001e-01
  4.69999760e-03  6.99600041e-01 -6.97399974e-01  1.49899989e-01
  3.96200001e-01  1.77100003e-01 -2.45499998e-01 -8.85999799e-02]","[-8.32000026e-02 -1.67025001e-01  9.45549984e-01  2.40249999e-01
  4.41974999e-01 -7.95675002e-01  4.63724996e-01  1.76625000e-01
 -4.52000010e-01  7.87375003e-01  1.20475004e-01  4.41799998e-01
 -3.49749979e-02 -5.89424985e-01 -8.89275011e-01  7.74949990e-01
  7.72749968e-02 -4.48725004e-01 -8.68950002e-01  3.56925000e-01
 -4.57274997e-01  2.37024987e-01 -5.07525004e-01  3.23750065e-02
  7.77200006e-01 -2.49749996e-01 -1.05075004e-01  1.56474996e-01
 -4.69799989e-01 -1.51750000e-01 -1.49000003e-02 -8.59550005e-01
 -3.87599999e-01 -2.38349998e-01 -1.80450000e-01 -3.21749998e-02
  2.16349996e-01 -1.83899999e-01  1.81450019e-01 -4.66000002e-01
  2.31099995e-01 -7.56800000e-01  1.19700000e-01  2.56175000e-01
 -7.51275010e-01  1.96224997e-01 -2.79899999e-01 -6.20199988e-01
  3.59474998e-01 -1.38074997e-01  2.87149998e-01  1.75399998e-01
  2.84550001e-01  2.05275003e-01 -2.41425000e-01  5.33800014e-01
  1.56674999e-01 -6.70675005e-01  4.74099997e-01  1.82475001e-01
  1.81599996e-01  4.02199998e-01  9.92999971e-02 -3.53849998e-01
 -3.73300010e-01 -7.29999999e-02  1.31725004e-01 -2.92575005e-01
 -2.08750005e-02 -8.87250043e-02  1.71199995e-01  4.20000007e-01
  1.13274997e-01 -8.45000017e-02  1.88750000e-02 -5.26424985e-01
 -6.80925004e-01 -3.14450007e-01  5.37749957e-02 -2.31449993e-01
  5.08124996e-01  5.13524991e-01  1.61374999e-01  3.65624989e-01
  1.29249999e-01  4.36074993e-01  5.62675009e-01 -3.55099999e-01
 -5.89975014e-01 -5.18224996e-01 -3.36925006e-01  2.80999979e-02
 -1.40000004e-01  4.38774997e-01  6.63149998e-01 -4.46050005e-01
 -4.45475010e-01  3.47050003e-01 -4.98700006e-01 -9.98249985e-02
 -3.18449983e-01  1.04984997e+00  1.10525000e-01  1.00075006e-01
  9.24225001e-01  9.25649989e-01 -2.06774998e-01  4.99749929e-02
 -2.99774991e-01 -3.73950003e-01 -3.72300002e-01 -3.42100000e-01
  7.88749997e-02  4.63600005e-01 -2.41224990e-01  9.93899973e-01
 -3.19924998e-01  2.25225002e-01  4.88649993e-01 -8.73100013e-01
  1.90825010e-01 -4.71775012e-01  1.29000000e-02 -3.70225003e-01
 -1.52499927e-03 -1.01800000e-01 -2.25175000e-01 -1.62849995e-01
 -5.73824998e-01  6.31500017e-02 -8.21750015e-02 -4.08425001e-01
  1.59924996e-01 -6.07500006e-01 -3.41374997e-01  9.66950003e-01
 -6.37999967e-02 -1.34524999e-01 -2.74925001e-01  2.34499807e-02
 -1.35600006e-01 -7.19699996e-01  1.55050004e-01  6.44500009e-01
  5.23949983e-01 -3.21349986e-01  3.53574989e-01  1.63399994e-01
 -7.88974995e-01  2.02650020e-01 -7.55999996e-02 -1.86699998e-01
 -1.66750085e-02  2.67175009e-01  1.37799999e+00 -6.74649995e-01
  1.75800007e-01 -3.24999988e-02 -1.62475000e-01 -1.45874988e-01
 -1.38550003e-01 -3.58300001e-01 -1.20875001e-01 -7.43500064e-02
  9.15750006e-02 -4.49524993e-01 -7.87274994e-01  1.47150001e-01
 -1.71500037e-02  2.08649998e-01  1.85500016e-02 -6.91925002e-01
 -2.97774993e-01  6.65925022e-01 -6.55300008e-01 -3.72675001e-01
  1.63850003e-01 -4.74699997e-01 -5.19725006e-01  1.79524994e-01
 -1.67700000e-01 -2.74574997e-01  6.01875011e-01  2.83524998e-01
 -2.63050007e-01  6.77800018e-01  2.30599998e-01 -2.18399995e-01
  6.21375021e-01 -6.62499794e-03  2.00000359e-04 -3.96100003e-01
  8.88274997e-01  7.00050011e-01  4.89625020e-01 -2.02999991e-01
  7.20824998e-01 -8.72750003e-02  2.98175012e-01  4.40625011e-01
 -2.13225003e-01  1.16574995e-01 -8.35999977e-02 -1.55700007e-01
 -3.11750006e-01  1.29150001e-01  1.46850002e-01  1.01400001e-01
  6.87249974e-01  4.46950001e-01 -5.39749973e-02 -1.19500086e-02
 -4.13475005e-01  9.50750006e-02 -4.50200002e-01 -3.26450010e-01
 -2.51550003e-01 -2.58117503e+00  1.20899996e-01 -2.23074991e-01
 -1.61924999e-01  1.31875001e-01  5.82500044e-02 -9.98499962e-02
 -4.65500019e-02 -1.12799999e+00 -9.55500025e-02 -9.26499916e-02
  3.79400007e-01  4.95249974e-02 -5.01000062e-02  2.05125008e-01
 -8.77975002e-01  2.94625006e-01  3.72775005e-01  6.03449993e-01
 -1.21622500e+00 -1.42925002e-01  1.37424996e-01 -1.21975005e-01
  6.47250079e-02 -7.21999998e-02  1.00600002e+00 -1.09542500e+00
  1.97800003e-01 -5.71249999e-01 -9.71750014e-02  2.04825005e-01
 -2.09200012e-01 -3.94499992e-01  5.29249976e-02 -1.03030000e+00
 -3.46499996e-01 -5.59474992e-01  6.56250007e-02  8.27099996e-01
  3.49100001e-01 -2.02324996e-01  4.02575006e-01  5.35600010e-01
  1.79825000e-01 -3.89399992e-01 -1.70550003e-01  4.63000005e-02
 -4.11749976e-02 -1.80575000e-01  4.45999991e-01 -1.17850004e-01
 -1.12999995e-01  3.36399993e-01 -4.23224980e-01 -1.07925005e-01
  3.95574997e-01  3.35225009e-01 -2.75475004e-01  1.92349996e-01
 -4.47549999e-01 -2.72575001e-01  4.73400003e-01  3.83925000e-01
 -1.18750003e-01  2.26824996e-01 -3.69199999e-01  8.32749973e-02
  4.79074994e-01  2.77225004e-01 -6.56750007e-02  2.14399991e-01
  4.51999912e-02 -4.98499986e-02 -3.40650007e-01  4.14674995e-01
  3.62749984e-02  5.67100019e-01 -8.47975004e-01 -9.25250063e-02
  2.79925002e-01  2.76574996e-01 -3.75450002e-01 -1.25624982e-01]"
海船,"[-1.46799996e-01  2.31600001e-01  7.26700008e-01  4.22800004e-01
 -5.37000075e-02  1.66699991e-01  5.31899989e-01 -1.72399998e-01
 -6.65500045e-01  5.00400007e-01  2.14100003e-01  2.66700000e-01
  1.58600003e-01 -2.72799999e-01 -6.08000040e-01  1.17600001e-01
  6.87000006e-02 -1.39499992e-01 -5.15200019e-01  6.72999918e-02
 -1.88999996e-01  3.11999992e-02 -3.50300014e-01  1.34100005e-01
  2.00899988e-01 -1.64499998e-01 -1.23300001e-01  6.35000020e-02
 -4.44999993e-01  9.80999991e-02 -8.60000402e-03 -3.14999998e-01
 -1.34900004e-01 -5.13199985e-01 -1.76300004e-01  1.06800005e-01
  3.66699994e-01 -1.12199999e-01  2.81400025e-01 -1.66299999e-01
  1.13700002e-01  1.20499998e-01 -1.02499999e-01  5.00000045e-02
 -2.27300018e-01  5.76099992e-01 -4.05300021e-01 -1.61899999e-01
  2.83800006e-01  8.96999985e-02 -2.85400003e-01  2.53100008e-01
 -1.42000020e-02  1.60799995e-01  8.02999958e-02  1.29800007e-01
  1.10299997e-01 -6.53599977e-01  3.25699985e-01 -6.74000010e-02
  1.91900000e-01 -6.98000044e-02 -1.03000104e-02 -3.84599984e-01
 -1.35600001e-01  3.19700003e-01  2.96000004e-01 -1.54899999e-01
  1.16900004e-01  5.33599973e-01  3.75999987e-01  5.74100018e-01
 -1.81400001e-01  1.99100003e-01  1.97400004e-01 -2.53399998e-01
 -3.13499987e-01  1.89600006e-01  1.46399990e-01  3.43699992e-01
  2.38700002e-01  3.58099997e-01  1.60299987e-01  4.75400001e-01
  4.49999981e-03  1.95800006e-01  3.35399985e-01 -6.13499999e-01
 -4.03700024e-01 -3.93100023e-01  3.50999981e-02  2.25000009e-02
 -1.08900003e-01  3.19700003e-01  1.41800001e-01 -3.29699993e-01
 -4.68800008e-01  1.67700008e-01 -3.26299995e-01  1.23000033e-02
 -2.23600000e-01  6.06700003e-01 -1.19900003e-01 -2.85999984e-01
  3.29800010e-01  6.61599994e-01 -3.17000002e-02  2.04599991e-01
 -2.50100017e-01 -9.38000083e-02 -3.76199991e-01  4.29999977e-02
  3.45799983e-01  2.91200012e-01  2.77000010e-01  7.52699971e-01
 -3.83399993e-01  4.10899997e-01  5.33000007e-02 -4.43700016e-01
  2.77200013e-01 -2.94900000e-01  3.02500010e-01  3.19999829e-03
  1.06399998e-01  4.18500006e-01 -1.62900001e-01  1.34000033e-02
 -4.99000013e-01 -9.82000083e-02 -1.05200000e-01 -4.93000038e-02
  2.89399981e-01 -4.05000001e-02 -2.24200010e-01 -2.54999995e-02
  2.29000002e-01 -1.40699998e-01 -4.43399996e-01  4.73299980e-01
  3.38800013e-01 -5.67099988e-01  5.38999997e-02  1.42200008e-01
  4.90300000e-01 -4.81000006e-01  2.54500002e-01  5.50000370e-03
 -2.63699979e-01  4.49800014e-01  2.75400013e-01  2.79899985e-01
  4.08999994e-02  3.88199985e-01  2.92799979e-01 -1.00699998e-01
 -3.05400014e-01  2.61799991e-01  2.89999694e-03  1.39200002e-01
 -9.91000012e-02 -3.03900003e-01  2.04000026e-02 -3.44700009e-01
 -1.67999994e-02  2.11999994e-02 -4.11799967e-01  5.54600000e-01
 -6.79000020e-02  2.77300000e-01  1.21900000e-01 -3.18199992e-01
 -4.18999977e-02  5.46000004e-01 -9.27000046e-02 -2.04400003e-01
  1.43500000e-01 -6.69000000e-02 -2.04400003e-01  1.96199983e-01
  3.37800026e-01 -2.49799997e-01  4.46000010e-01 -1.31499991e-01
  4.00000066e-03  1.14900008e-01 -1.33300006e-01 -3.57199997e-01
  3.62800002e-01  2.27699995e-01  5.42999990e-02 -1.10100001e-01
  3.64499986e-01  5.29200017e-01  1.70399994e-01 -2.25100011e-01
  3.94800007e-01 -3.20000015e-03  2.00199991e-01 -1.19499996e-01
 -2.57000010e-02 -1.97799996e-01 -3.90000008e-02  2.34099984e-01
 -3.56599987e-01  1.33000016e-02  3.29999998e-03  1.97200000e-01
  1.64200008e-01  2.34499991e-01  3.21900010e-01 -1.08300000e-01
 -3.34600002e-01 -4.14999984e-02  2.98299998e-01 -1.03000011e-02
 -2.11300001e-01 -1.45630002e+00  2.10999995e-02 -9.61000025e-02
  1.06999986e-02  2.94000022e-02 -1.83400005e-01  2.90000066e-03
 -3.05599988e-01 -8.24800014e-01  6.91000000e-02  1.22299999e-01
  1.85500011e-01 -4.41399992e-01 -2.03000009e-01 -1.46799996e-01
 -6.15100026e-01  1.23600006e-01  3.09599996e-01  3.20900023e-01
 -7.25700021e-01 -2.64100015e-01  1.37799993e-01 -1.78700000e-01
  2.69000009e-02  1.60099998e-01  4.62800026e-01 -6.92099988e-01
  1.88299999e-01 -3.00300002e-01  1.00000063e-04  8.92999992e-02
 -3.49700004e-01 -4.75400001e-01 -2.72999983e-02 -8.30700040e-01
 -4.94199991e-01 -4.03800011e-01  1.71999987e-02  7.21799970e-01
  6.66999966e-02 -5.51299989e-01  4.60299999e-01  6.24300003e-01
  1.79300010e-01 -1.44999996e-01 -3.72000039e-02  3.11900020e-01
 -1.87600002e-01  8.34999979e-02 -1.63499996e-01 -1.54799998e-01
 -1.41299993e-01 -3.56999934e-02 -2.08000001e-02  1.73999995e-01
  1.64700001e-01  1.47500008e-01 -2.29299992e-01  4.49900001e-01
 -7.93999955e-02 -2.71700025e-01  1.26500010e-01  1.83400005e-01
 -4.62799996e-01  8.95999968e-02 -2.71499991e-01  7.27999955e-02
  5.20900011e-01  1.02000087e-02  1.26200005e-01 -2.53999997e-02
 -3.75200003e-01  1.85599998e-01 -1.81700006e-01 -3.76000032e-02
  1.53200001e-01  1.88500002e-01 -6.23200059e-01 -2.14600012e-01
 -1.81899980e-01  1.58500001e-01 -1.22000016e-02 -3.59299988e-01]","[-1.63525000e-01 -1.07787501e-01  3.90787501e-01  1.66487498e-01
 -2.12625016e-02  1.25249998e-01  1.44787500e-01  7.35500013e-02
 -2.04912501e-01  1.94050003e-01  9.83375013e-02  1.71187498e-01
  5.58874980e-02  2.92375002e-02 -2.97637504e-01  1.21412501e-01
  2.90749990e-02 -1.05775002e-01 -3.37524999e-01 -1.25249987e-02
  5.97125012e-02 -7.02125006e-02 -2.13950000e-01 -4.75125024e-02
  1.89725002e-01  1.26625006e-02 -1.41137499e-01 -4.33375007e-02
 -1.18775002e-01  1.53625028e-02 -7.16875004e-02 -1.17925000e-01
 -6.91000014e-02 -5.86250009e-02 -1.79437501e-01 -3.02749973e-02
 -2.36999993e-02 -2.11050002e-01  3.00750035e-02 -3.51000000e-02
  3.55624999e-02  1.24174998e-01 -1.10275002e-01  1.04837502e-01
 -6.50500010e-02  1.22812503e-01 -8.21249999e-02  1.22500025e-02
  4.94125010e-02  1.25162501e-01 -9.49625002e-02  2.45874997e-02
 -4.63625011e-02  4.44624987e-02 -3.25374994e-02  2.88875015e-02
  3.72375001e-02 -2.46387502e-01  1.05187500e-01  4.83250015e-02
  8.58249995e-02  5.40750007e-02 -3.64250026e-02 -8.47124986e-02
 -7.61375008e-02  1.34274998e-01  1.32500003e-02 -1.15462501e-01
  5.55124995e-02  7.54625006e-02 -5.86750028e-02  1.02062498e-01
 -3.28999995e-02  2.85750001e-02 -1.43750035e-03 -9.80499968e-02
 -2.03237496e-01  9.79624966e-02  1.40687500e-01  1.37787504e-01
  8.04625023e-02  6.92875000e-02  3.63999987e-02 -1.76750007e-02
 -4.73749905e-03  2.63250000e-02  2.74374995e-02 -6.99499981e-02
 -1.81687501e-01 -5.26625033e-02 -1.63525000e-01 -8.50125003e-02
 -1.66125002e-02  6.29125023e-02  8.59999985e-02 -1.02462501e-01
 -2.11262502e-01  1.15999992e-02 -8.76374990e-02 -1.65374995e-02
 -2.41875018e-02  3.00500003e-01 -1.16324999e-01  6.07374983e-02
  5.99499971e-02  3.04150001e-01 -5.97500019e-02  1.22049999e-01
 -7.16250017e-02 -1.10237500e-01 -1.61349998e-01  4.17000004e-02
  6.87501859e-04  2.53800000e-01  6.17499813e-03  2.96775001e-01
 -2.12737499e-01  1.83250000e-01  4.62375013e-02 -2.33750002e-01
  3.77500015e-02 -8.15000007e-02  1.64487501e-01 -2.59500020e-02
  4.27124994e-02  8.10750015e-02 -1.23800000e-01  8.40875017e-02
 -2.46825002e-01 -1.04012499e-01 -5.57625012e-02 -7.49500004e-02
  9.91750022e-02 -1.73487499e-01 -1.45737500e-01  2.45137496e-01
  1.07225002e-01 -5.28249987e-02 -3.75374974e-02  7.20124980e-02
  4.23125005e-02 -4.54787498e-01  1.00137500e-01 -2.42250010e-02
  2.42287492e-01 -5.76749984e-02  4.76374982e-02  3.83375017e-02
  1.35625042e-02  1.73425002e-01 -1.10987499e-01  1.53787499e-01
  9.99935437e-05  8.50625007e-02  1.78899995e-01 -1.12650001e-01
 -2.77125018e-02  1.30150000e-01 -1.51750017e-02  2.86250096e-03
 -4.04124980e-02 -5.39125004e-02 -6.85125003e-02  1.51124981e-02
 -1.48750003e-02  7.77249990e-02 -1.67124993e-02  1.83425005e-01
 -5.35125004e-02  1.30562501e-01 -1.71625020e-02 -1.49037499e-01
 -3.59875035e-02  2.01037500e-01  8.94124978e-02 -1.61450000e-01
 -1.05250000e-01  2.48249988e-02  5.44250002e-02  3.79249975e-02
  6.85500009e-02 -7.97500024e-02  8.97875014e-02 -1.01349999e-01
 -9.65125021e-02 -6.68500029e-02 -2.05125003e-02 -1.41974998e-01
  2.38137498e-01  7.03375011e-02  5.38749970e-03 -1.30399999e-01
  1.21562500e-01  1.23562501e-01  1.04237500e-01 -1.22187500e-01
  1.86449999e-01  3.93000011e-02  6.83375001e-02  5.04125004e-02
  7.73874990e-02 -4.35124983e-02 -1.22462498e-01  1.40874998e-01
  3.48875001e-02  1.23149998e-01 -1.12887500e-01 -5.42499963e-02
  7.66874994e-02 -2.11250002e-02  1.37875034e-02  1.33175002e-01
 -2.83512507e-01 -3.21000004e-02  8.90874980e-02 -6.21124992e-02
 -1.06562500e-01 -1.00491249e+00  6.26749988e-02  2.31125001e-02
  2.88874982e-02 -7.73749906e-03  3.76374990e-02  9.62875008e-02
 -1.18712498e-01 -3.14824993e-01  1.39375012e-02  5.75999999e-02
  1.69962500e-01 -1.94249994e-02 -7.52250012e-02 -4.92500188e-03
 -2.60162500e-01  8.69499994e-02  8.45249982e-02  1.36600005e-01
 -4.07362498e-01 -9.80750010e-02 -6.46250008e-03 -1.01250002e-01
  6.53375009e-02 -7.99499999e-02  1.64387507e-01 -2.62075000e-01
  1.01687499e-01 -2.27262502e-01  4.09124983e-02  1.14324998e-01
 -6.85125003e-02 -1.15925004e-01  3.70500006e-02 -3.39225003e-01
 -7.97124971e-02 -9.64999981e-02  1.47549998e-01  2.85975004e-01
 -1.06299996e-01 -1.72700000e-01  4.15750027e-02  1.49975000e-01
  9.38625005e-02  2.76249857e-03 -1.11362501e-01  1.53362500e-01
 -8.03750264e-03 -5.36000002e-02 -6.51874988e-02 -7.63125019e-02
  1.90625025e-02  1.02950000e-01  1.42512498e-01  9.60375001e-02
  5.93500003e-02  5.03624994e-02 -1.42250014e-02  5.04374988e-02
 -8.26124982e-02 -3.84875010e-02  1.08512501e-01  5.27124996e-02
 -9.12124987e-02 -4.00999996e-02 -1.38125000e-01  4.34874990e-02
 -1.44249999e-02 -3.44249982e-02  8.52125008e-02 -2.38624996e-02
 -1.19712501e-01  3.24750005e-02 -7.19124996e-02  1.50412501e-01
  1.15025001e-01  4.38625005e-02 -2.12612506e-01 -4.47250007e-02
 -7.68499956e-02  5.98874984e-02 -3.25624999e-02 -1.78249991e-02]"
体験,"[ 0.133   0.0683  0.5146  0.2476  0.0209 -0.1516  0.0869  0.1746 -0.2078
  0.2129  0.2023  0.2217  0.08   -0.2579  0.0229 -0.0172 -0.1938 -0.0119
 -0.1014 -0.0073 -0.1178 -0.1491  0.101  -0.0769 -0.1384  0.1181 -0.1468
  0.2984 -0.1094  0.1587  0.0494  0.2623 -0.0177  0.3282 -0.2648 -0.126
 -0.3155  0.1678 -0.0289 -0.0222  0.1448  0.2566 -0.1233 -0.0357 -0.168
  0.0315  0.1692 -0.1634 -0.1407  0.0047 -0.061  -0.3708  0.1345  0.221
 -0.2254  0.1564  0.3082 -0.3945 -0.0008  0.3181  0.156  -0.0854 -0.1572
  0.0696  0.1374 -0.2376 -0.0106 -0.0366 -0.2173  0.0437  0.1404 -0.355
 -0.186   0.126   0.0209 -0.2097 -0.1481  0.0631 -0.2264 -0.1464 -0.009
  0.1967 -0.1282 -0.07    0.0285  0.0868 -0.019   0.0134  0.124   0.1436
 -0.0861  0.0543 -0.0427  0.0532 -0.0251 -0.2144  0.0196  0.1182 -0.028
  0.0273 -0.0915  0.5038  0.094   0.2723  0.142  -0.0121  0.0959 -0.0758
 -0.0355 -0.119  -0.3708 -0.3044  0.1205  0.2096 -0.0259  0.1072  0.0544
 -0.0847  0.24   -0.0466 -0.1936 -0.1016  0.2346 -0.1794 -0.0917  0.0463
  0.1443 -0.1379  0.0833 -0.0082  0.013  -0.2718 -0.1146 -0.1448 -0.1803
  0.0124  0.0029  0.0299 -0.4312 -0.1157 -0.0242  0.0327  0.2006 -0.1911
  0.0647  0.0502 -0.2482 -0.0291 -0.3013  0.2237 -0.2486  0.0904 -0.1612
  0.1405  0.2515  0.1793  0.0045  0.2289  0.2062 -0.0461  0.1172  0.0681
  0.1171 -0.3695 -0.003  -0.1217 -0.06   -0.1172  0.4565  0.2652 -0.0985
 -0.2846 -0.2539  0.1207  0.1615  0.1177 -0.3728 -0.1372 -0.1456  0.1118
 -0.0306  0.1124 -0.0094 -0.0091 -0.2242 -0.2492  0.1641  0.3306  0.2266
 -0.094   0.0531  0.0525  0.3207  0.034   0.1214 -0.0054 -0.0917 -0.0678
  0.136   0.2323 -0.0142  0.2808 -0.1615 -0.0232 -0.235  -0.1727 -0.1475
 -0.1365 -0.2431  0.1454 -0.2908 -0.2575  0.0456  0.0105 -0.2755 -0.0215
 -0.254  -0.735   0.2908 -0.1321 -0.0169  0.0124 -0.0118  0.1753  0.1597
 -0.1953  0.086  -0.3392 -0.0327 -0.3752  0.1867 -0.0029 -0.4539 -0.1818
  0.0015  0.1753 -0.4842  0.0629  0.155   0.211   0.153  -0.0896  0.1308
 -0.1466 -0.0056 -0.3299 -0.0313  0.1361  0.0474 -0.0414 -0.0972 -0.3163
 -0.0916  0.1509 -0.1027 -0.0645 -0.3619  0.0327  0.265   0.0509  0.0189
 -0.2203 -0.0742  0.0601 -0.0126  0.4038  0.323  -0.0232  0.2194  0.0257
  0.0297  0.1572  0.1255 -0.0056  0.0987  0.0998  0.2199 -0.0186  0.2359
 -0.2323  0.4748  0.0832  0.0757  0.1832  0.1409  0.1564  0.0594 -0.1625
  0.2653 -0.0252 -0.3585 -0.1374  0.0976  0.3574 -0.1384  0.0295  0.0703
  0.1336  0.1777 -0.2639]","[ 0.12346667  0.07853333  0.49603333  0.16976667 -0.07413334 -0.07526667
  0.06076667  0.09083333 -0.09886667  0.12546667  0.2418      0.08643333
  0.05076667 -0.13426667  0.1474     -0.076      -0.14183334  0.05233333
 -0.0575     -0.10873333 -0.0259     -0.0545      0.05713333  0.0061
 -0.0226      0.1346     -0.0737      0.116      -0.04333333  0.02443333
 -0.11376667  0.0691      0.0632      0.17193334 -0.0272     -0.04746667
 -0.04943333  0.0985     -0.14106667  0.0049      0.12346667  0.11236666
 -0.129      -0.00156667 -0.09406666 -0.0309      0.02603333 -0.04576667
 -0.0175     -0.03286667 -0.01393333 -0.1418      0.0852      0.1455
 -0.0521      0.10263333  0.12163333 -0.3026      0.05233333  0.0751
  0.076      -0.00813333 -0.0521      0.09813333  0.1231     -0.05173333
  0.02773333 -0.01003333 -0.2401     -0.0255      0.0293     -0.11216666
 -0.04886667  0.09463333  0.00526667 -0.1366     -0.05196667 -0.11693334
  0.01993333 -0.05266667  0.10386667  0.12486667 -0.12906666 -0.0009
  0.08376667  0.0261      0.00616666  0.0814      0.0582      0.11823333
 -0.0176     -0.0438     -0.06286666  0.04056667 -0.01003333 -0.1582
 -0.0236      0.11523333 -0.0923     -0.02983333  0.03553333  0.42743332
 -0.02343333  0.14836667  0.002       0.007       0.3175     -0.0591
 -0.0443     -0.03763333 -0.20146666 -0.2581      0.1267      0.04813333
 -0.06133333  0.0298      0.14276667 -0.05746667  0.28136666 -0.0736
 -0.15406667 -0.0298     -0.07993334 -0.09486666  0.05976666 -0.0179
  0.0502     -0.04436666  0.1564      0.0427      0.0301     -0.17846667
 -0.0256     -0.02106667 -0.0234      0.10116667 -0.0359      0.03223333
 -0.1584     -0.07863333 -0.011       0.22006667  0.1719     -0.03026667
  0.16176667  0.02623333 -0.0887      0.0714     -0.11463333  0.014
  0.03443334  0.03996667 -0.10643333 -0.09126667  0.30053333  0.03456667
  0.0122      0.1727      0.14253334 -0.00146667 -0.02089999 -0.00473333
  0.0525     -0.16946667 -0.11263333 -0.00876667 -0.06723333  0.009
  0.138       0.13023333 -0.1454     -0.04496666 -0.18566666  0.0432
  0.05426667  0.08086667 -0.07466667 -0.07186666 -0.0519      0.13236667
 -0.0549      0.03406667 -0.15356667  0.02833333 -0.00436667 -0.13693333
 -0.09106666  0.36913333  0.08236667 -0.1465      0.02486667 -0.0156
  0.25689999  0.06533333  0.20769999 -0.03536667 -0.04536667 -0.11456667
  0.0929      0.17113333 -0.03556667  0.11476667 -0.04013333 -0.02436667
 -0.06053333 -0.2063      0.03986667 -0.03726667 -0.06093334  0.00543333
 -0.1159     -0.04776666 -0.0322      0.1335     -0.2348      0.05836666
 -0.13456667 -0.7123      0.08146667 -0.1152      0.0984     -0.0298
  0.06236667 -0.14390001  0.0595     -0.106      -0.0519     -0.13663333
  0.00933334 -0.1826      0.1799     -0.03593333 -0.45823333 -0.00866666
  0.13173333  0.1091     -0.4151      0.0595      0.20196667  0.0851
  0.00203334 -0.08916666  0.02253333 -0.13503333 -0.1081     -0.39863333
 -0.0941     -0.07666667  0.06613334  0.2148     -0.06176667 -0.19853334
 -0.058      -0.00703333 -0.0147     -0.10126667 -0.21446667 -0.03726667
  0.06926666  0.00456667 -0.01246667 -0.12406667 -0.12503333  0.02373333
 -0.086       0.31783334  0.12963334  0.01        0.0424     -0.03606667
 -0.06886667 -0.08656667  0.09656667  0.06436667 -0.06796666 -0.10003333
  0.08476667 -0.02886667  0.03613333 -0.13716667  0.59213334  0.02956667
  0.03786667  0.11976666  0.064       0.09543333 -0.0098     -0.0287
  0.08026667  0.02866667 -0.09416667 -0.00926667 -0.17343334  0.2646
 -0.0121      0.0838      0.02406667  0.10173333  0.02406667 -0.23076667]"
情報,"[ 0.036   0.0146  0.6569  0.1244  0.2598  0.0226 -0.126   0.0075  0.0468
  0.1033  0.2602  0.0238  0.1086 -0.0869 -0.3268 -0.0333  0.0107 -0.0212
 -0.0171  0.067   0.1139  0.0737  0.035   0.0477 -0.0792  0.1523  0.1531
 -0.0639  0.1781 -0.0814  0.1377 -0.2285  0.0137 -0.3608 -0.0283 -0.1297
 -0.0636  0.1143  0.1728  0.0709  0.1199 -0.0697 -0.0739 -0.0297  0.1092
 -0.1286  0.0385 -0.0184  0.2419 -0.0348 -0.1489 -0.0645  0.0217 -0.0506
  0.1656 -0.0602 -0.0497 -0.1809 -0.028   0.1225  0.1112 -0.0859 -0.0438
 -0.0274  0.1211 -0.2817  0.1725  0.1608 -0.2547  0.1916  0.0478 -0.1135
 -0.063   0.0241  0.0867 -0.119  -0.0878  0.146  -0.0365 -0.0445 -0.1133
  0.0746 -0.038   0.1789 -0.0237 -0.0186 -0.0721  0.1635 -0.1033  0.0355
  0.0424 -0.0111  0.0504  0.1033  0.0794 -0.1719  0.0659  0.239   0.1933
 -0.1487 -0.0271  0.4859 -0.0247 -0.1426  0.3072  0.0621 -0.0107  0.0711
 -0.0683  0.0274 -0.6025 -0.2066  0.0427 -0.0508 -0.3666 -0.0686 -0.015
  0.1429  0.338  -0.0935  0.1444  0.1434 -0.1381  0.0324  0.0639 -0.1047
 -0.0185 -0.0191  0.1883 -0.1952 -0.0259 -0.0462 -0.1148  0.0426 -0.0414
 -0.2232 -0.1605  0.2409 -0.0541 -0.309   0.04    0.1029  0.139  -0.0459
  0.1426  0.0136 -0.1185  0.1216  0.0419 -0.0618  0.0909 -0.0834 -0.2038
 -0.0068  0.3672  0.1362  0.0295 -0.2211  0.339  -0.2684  0.0249 -0.0207
 -0.0725 -0.2453 -0.1345  0.0089 -0.0203  0.0524  0.0426 -0.0645 -0.0257
  0.0449  0.0565  0.2279  0.2667  0.3188 -0.0912 -0.0043 -0.1194 -0.2787
 -0.0245  0.0183 -0.0704 -0.1319 -0.1208 -0.056  -0.2941  0.3551 -0.2183
 -0.1243 -0.1015 -0.0681  0.4907  0.0758  0.0266  0.0588 -0.0166  0.0624
 -0.0188  0.2616 -0.1149 -0.0371  0.1194 -0.0651  0.1555 -0.0667 -0.1116
  0.1348  0.269   0.0086 -0.1567 -0.1369  0.1476  0.1333 -0.1305 -0.0424
 -0.0466 -0.6643  0.1554  0.0546 -0.0201 -0.1119  0.0953  0.1237 -0.2594
  0.1778 -0.2123 -0.1689  0.1431 -0.1657  0.0533 -0.0578 -0.3296  0.1378
  0.15    0.1073 -0.3829 -0.421   0.0289  0.3217  0.1297 -0.0664 -0.0211
 -0.058   0.239  -0.1896 -0.0352  0.0926 -0.0534 -0.4187 -0.194  -0.2165
  0.1047 -0.033   0.0348  0.217   0.0038 -0.0618 -0.0805  0.1094  0.1476
  0.1926  0.0021 -0.0293 -0.1835 -0.02    0.2452  0.0351  0.0424 -0.0008
  0.1134  0.066  -0.193  -0.2304  0.0014  0.0767 -0.2185  0.1767 -0.0701
  0.1176  0.2469 -0.009   0.3663  0.019   0.1857 -0.0795 -0.4127 -0.1104
 -0.0516  0.2451 -0.1043 -0.0977 -0.2738  0.2318  0.1911  0.2206 -0.3304
  0.0744 -0.3009 -0.0715]","[ 1.52499999e-01 -2.84666655e-02  6.11966647e-01  2.01666635e-02
 -3.62333401e-02  8.26666725e-03 -7.50666671e-02  4.48666677e-02
  7.99999995e-02  1.05166666e-01  1.51166667e-01 -2.27666673e-02
  3.13000002e-02 -1.41666691e-02 -3.18066659e-01  5.79999983e-02
  4.13666666e-02 -4.57666672e-02 -7.47666663e-02 -7.20000000e-02
  5.89666679e-02  2.33633329e-01 -5.00000392e-04 -2.62000002e-02
 -4.11000010e-02 -8.00333321e-02 -3.35333310e-02  6.89333305e-02
 -3.15333319e-02 -8.58333334e-02 -1.92999986e-02 -1.32633326e-01
 -5.54999989e-02 -2.25633333e-01 -9.33333319e-02 -1.12200001e-01
  4.19999845e-03  1.65466667e-01  8.19333357e-02  8.59666662e-02
  1.64166667e-01  1.07333334e-02 -8.93333343e-02 -3.97666671e-02
 -9.97333316e-02 -2.22333359e-02  4.25666633e-02 -1.64233332e-01
  1.93499998e-01 -1.41000003e-02 -8.76666854e-03 -8.20999977e-02
  7.19000045e-02 -6.90333323e-02  2.16200002e-01 -7.40333317e-02
 -6.22666661e-02 -1.71999998e-01 -2.74999999e-02  7.63666661e-02
  8.07999987e-02 -8.47666662e-02 -1.24133333e-01 -5.06000041e-02
  3.66667906e-04 -3.96333328e-02  1.35333334e-01  2.11300002e-01
 -1.00700002e-01  3.73233333e-01 -3.99666677e-02 -1.54200000e-01
  2.47666663e-02 -2.86333344e-02 -2.96333339e-02 -5.08666672e-02
 -8.40000125e-03  1.12933334e-01  0.00000000e+00  9.93333384e-03
  5.61666687e-02  6.08666676e-02 -1.08166666e-01  2.57000010e-02
  4.04666656e-02  1.27700001e-01  7.69333343e-02  2.92666679e-02
 -4.29000004e-02  2.38999973e-02 -4.27000038e-02  1.23999982e-02
 -1.00833333e-01  8.21333316e-02 -1.10666671e-02 -1.07433332e-01
  4.23333173e-03  2.04599996e-01  2.16533333e-01  5.29000026e-02
 -7.20333327e-02  5.14733339e-01 -3.47333352e-02 -6.10999974e-02
  1.49933336e-01  6.87333333e-02 -2.05333318e-02  1.01466667e-01
 -8.43666662e-02  2.55000001e-02 -4.30166679e-01 -1.49666667e-01
 -2.56666417e-03 -1.31999962e-02 -1.75566668e-01  4.24666693e-02
 -1.31333331e-02  9.54333345e-02  2.17233333e-01 -6.40666690e-02
  1.34666665e-01  6.65666653e-02  2.70999980e-02  1.55666663e-02
  1.16566670e-01 -5.51666655e-02 -3.50999994e-02  3.95000009e-02
  4.11666663e-02 -1.83499998e-01 -2.33666691e-02 -4.56666669e-02
 -7.74333340e-02 -2.19333333e-02 -1.49333337e-02 -1.46899996e-01
 -1.28666667e-01  1.43299996e-01  2.82333335e-02 -6.16666613e-02
 -1.23333329e-02  8.83666668e-02  1.16133331e-01 -4.17333320e-02
  1.73566666e-01  5.08666675e-02 -2.44399997e-01  6.82333341e-02
  3.38666656e-02 -1.46333314e-02 -3.38333386e-02 -8.13666681e-02
 -1.52766664e-01 -7.36666983e-03  3.13566660e-01 -1.62000027e-02
 -5.00333343e-02 -2.43500003e-01  1.77066660e-01 -1.43133340e-01
 -4.68666650e-02 -3.69000006e-02 -1.07466664e-01 -9.92333305e-02
 -3.02666655e-02 -3.05999986e-02 -7.98000029e-02 -5.44333309e-02
  5.80333335e-02  4.94666694e-02 -3.08999990e-02 -5.23333283e-03
  3.51000018e-02  1.24466665e-01  1.22300004e-01  6.58000000e-02
  8.37333327e-02 -1.22000010e-02 -1.00799998e-01 -1.92466665e-01
 -1.10300000e-01  2.36666684e-02 -2.06166669e-01  3.51000013e-02
 -8.91000020e-02  3.77666649e-02 -1.06666644e-02  3.37200002e-01
 -1.87233333e-01 -7.42333362e-02 -1.01666662e-02 -1.31333331e-01
  3.77500000e-01  5.30666659e-02  2.73566658e-01 -2.15666673e-02
  2.09333334e-02  3.99333326e-02 -3.54666654e-02  1.22833329e-01
 -1.02500000e-01  7.11000028e-02  1.28333335e-01 -1.15133336e-01
  3.36666405e-03 -3.80333302e-02 -1.17399998e-01 -6.99999432e-04
  2.29800003e-01  4.58666686e-02 -1.81066666e-01 -1.23333332e-01
  8.84666642e-02  5.97333359e-02 -5.07000014e-02  4.41666680e-02
  7.06666642e-03 -6.72233343e-01  1.85233330e-01 -3.50666672e-02
  2.97666673e-02 -4.44000013e-02 -1.79333314e-02 -5.95333334e-02
 -1.64866671e-01 -8.29333353e-02 -1.71133335e-01 -6.50333328e-02
  1.27333331e-01  9.56666594e-03  1.88700002e-01  5.34666665e-02
 -3.18433339e-01  2.09999998e-01  6.33333350e-02  1.55933333e-01
 -4.41000005e-01 -1.81233333e-01 -9.33333114e-03  1.69000002e-01
  4.19666686e-02 -4.53333308e-03 -1.64033328e-01 -1.90633329e-01
  1.31099996e-01 -3.41166673e-01 -5.29000014e-02  6.21666685e-02
  6.23666719e-02 -4.15866671e-01 -6.04333356e-02 -2.72100000e-01
 -1.16666667e-02  4.37000015e-02  6.61666642e-02  1.15066664e-01
 -4.56666664e-02  5.63333246e-03  7.41666655e-02 -9.19999927e-03
 -2.40666661e-02 -5.62666687e-02  4.45666679e-02 -8.37333327e-02
  1.33133334e-01  1.46166670e-01  1.74433335e-01 -6.26333347e-02
  1.37666675e-02  1.42499996e-01  7.95333319e-02  4.50000007e-02
 -8.39333339e-02 -3.96299998e-01 -7.37999999e-02  8.30000018e-03
 -1.63100000e-01  7.23999985e-02  2.87333330e-02  1.03066665e-01
  3.34033348e-01  1.29000017e-02  1.15799996e-01  3.36666591e-03
 -3.84000018e-02 -3.26666671e-03 -1.92133334e-01  1.58333331e-02
 -5.20333319e-02  2.15033333e-01 -1.39999986e-02  4.57666690e-02
 -1.48133328e-01  5.05333357e-02  1.26666665e-01  1.16566664e-01
 -9.74666638e-02  1.15800001e-01 -8.96000043e-02 -2.38666671e-02]"
雰囲気,"[-6.230e-02  2.420e-02  3.532e-01 -3.000e-03  1.690e-02  7.220e-02
  2.349e-01 -3.580e-02 -1.630e-01  1.837e-01  1.401e-01  4.140e-02
 -8.170e-02 -1.499e-01 -9.740e-02  9.230e-02 -6.200e-03 -4.790e-02
 -4.930e-02 -1.250e-02 -6.840e-02 -1.650e-02  2.600e-02 -4.980e-02
 -3.280e-02 -9.320e-02  1.460e-01  4.130e-02 -3.400e-02  7.700e-02
 -7.720e-02 -3.740e-02 -1.910e-02  3.180e-02  6.720e-02 -4.590e-02
  2.360e-02 -1.330e-02 -7.060e-02  5.480e-02  1.166e-01  1.179e-01
  1.900e-03  5.110e-02 -3.530e-02 -1.448e-01  1.665e-01 -9.390e-02
 -6.800e-02  9.840e-02 -7.430e-02 -6.000e-02  1.400e-01 -5.850e-02
  2.690e-02  1.320e-02  3.330e-02 -9.200e-02 -5.890e-02  1.688e-01
  1.000e-04 -4.900e-03  9.800e-02  3.230e-02 -1.530e-02  1.079e-01
 -4.690e-02 -1.400e-03 -4.850e-02  1.558e-01  6.700e-03 -9.590e-02
 -5.760e-02  9.910e-02 -2.700e-03 -1.302e-01 -2.130e-02  7.730e-02
 -4.880e-02 -5.950e-02  3.180e-02  1.104e-01 -4.890e-02 -8.700e-02
 -2.200e-03  1.820e-02  2.330e-02  9.190e-02 -3.310e-02 -2.640e-02
 -1.660e-02  5.200e-03  1.030e-02  8.520e-02  8.430e-02  6.610e-02
  4.670e-02 -4.900e-02  3.080e-02  1.680e-02 -9.300e-02  2.196e-01
  4.910e-02 -5.040e-02  2.160e-02  7.800e-03 -3.250e-02 -1.800e-03
 -1.510e-02 -2.470e-02 -2.985e-01 -1.003e-01 -1.134e-01 -1.054e-01
  3.900e-02  8.080e-02  4.770e-02  4.980e-02  8.620e-02  1.900e-03
 -6.960e-02 -6.180e-02  9.050e-02 -4.730e-02  7.100e-02 -2.040e-02
 -8.330e-02 -7.200e-02  8.760e-02  5.000e-04  2.280e-02 -4.550e-02
  1.655e-01  3.170e-02  1.210e-02 -7.410e-02  9.360e-02 -3.310e-02
  1.057e-01  1.170e-02 -1.200e-03 -2.450e-02  1.149e-01 -3.380e-02
  2.220e-02 -1.246e-01 -1.408e-01 -3.180e-02  1.684e-01 -2.132e-01
 -2.820e-02  7.190e-02 -3.780e-02 -1.636e-01 -2.520e-02  1.047e-01
 -7.900e-03 -2.750e-02  4.760e-02 -2.440e-02 -1.269e-01 -8.580e-02
 -5.200e-03  1.080e-01  1.860e-01  1.370e-02  1.200e-03 -1.434e-01
 -1.260e-02  4.890e-02  7.870e-02  8.350e-02 -7.100e-03 -8.430e-02
  6.160e-02  2.920e-02 -3.280e-02 -6.300e-02  7.190e-02 -3.680e-02
  1.620e-02 -8.200e-02 -3.590e-02  1.667e-01  1.900e-03 -8.610e-02
 -3.810e-02  1.867e-01  1.860e-02 -7.190e-02  3.550e-02  4.220e-02
  1.863e-01  3.400e-03  4.000e-03  7.290e-02  4.500e-02 -3.790e-02
  6.540e-02  2.010e-02 -1.150e-02 -5.140e-02 -5.190e-02 -3.750e-02
 -4.450e-02 -1.050e-02  1.839e-01  1.166e-01  2.800e-02 -8.150e-02
  3.780e-02  2.083e-01 -1.200e-02 -1.703e-01  9.690e-02 -9.100e-03
  6.330e-02 -3.231e-01 -1.220e-02 -3.020e-02  1.540e-02  2.000e-02
 -1.058e-01 -5.710e-02  2.520e-02  8.100e-03  6.920e-02 -6.240e-02
  9.740e-02 -8.800e-03  7.860e-02  8.570e-02 -2.162e-01  6.370e-02
  1.690e-02 -2.600e-02 -2.562e-01 -9.580e-02  7.310e-02 -6.400e-02
  1.710e-02 -5.250e-02  5.200e-02 -1.170e-01  1.373e-01 -4.120e-02
 -1.503e-01  2.860e-02  2.380e-01 -3.576e-01  2.680e-02 -1.870e-01
  5.830e-02  1.400e-03  6.020e-02 -1.730e-02 -1.921e-01  7.070e-02
  5.090e-02 -2.450e-02 -1.116e-01 -1.424e-01 -1.700e-03  7.580e-02
 -2.910e-02 -1.976e-01  2.830e-02  8.100e-02 -2.110e-02 -4.180e-02
  1.733e-01  1.700e-02 -5.040e-02  8.000e-02  7.170e-02  7.400e-03
  1.132e-01 -7.540e-02 -4.100e-02  2.930e-02  1.946e-01  6.390e-02
  7.200e-02 -7.200e-03 -1.639e-01  4.260e-02 -4.740e-02 -6.140e-02
  5.630e-02  1.560e-01 -7.870e-02 -1.130e-02 -4.640e-02  1.416e-01
  6.070e-02  1.800e-02  7.520e-02  6.000e-04 -8.290e-02  5.700e-03]","[-3.19444428e-02 -1.74777781e-02  2.28266666e-01  4.30222221e-02
  8.17777734e-03  5.49777763e-02  8.39555535e-02  1.38555554e-02
  3.99999910e-03  8.24444437e-02  7.66888887e-02  6.62333331e-02
 -5.51888894e-02 -1.51888893e-02 -1.30633334e-01  1.81111010e-03
  2.12222333e-03  4.80000000e-02 -1.23999999e-01 -7.87777860e-03
 -1.75666660e-02  6.29999985e-03 -7.59333341e-02 -2.98444447e-02
  6.15555431e-03  1.58777781e-02 -1.75999999e-02  4.33333265e-03
 -7.51444453e-02  1.78888958e-03 -3.72777767e-02 -1.24555578e-02
 -4.47333325e-02  4.28888901e-02 -3.17222218e-02  2.00666666e-02
  2.44333322e-02 -6.90111110e-02 -2.78222240e-02  3.98888895e-02
  4.23555543e-02  7.96777792e-02 -2.70111098e-02  4.79111111e-02
  2.89333335e-02 -1.16744447e-01 -5.47555545e-02 -2.37333334e-02
 -2.87000011e-02  7.17444450e-02 -3.17999994e-02 -1.62666664e-02
  1.81444445e-02 -6.71111140e-03 -1.64111101e-02 -7.36666585e-03
  1.53333347e-03 -3.08222216e-02  3.81111095e-02  4.66000009e-02
 -6.75555565e-03  6.46666944e-03  3.04666669e-02  4.59111112e-02
  3.86111097e-02  7.77777797e-03  1.68666657e-02 -6.21111102e-02
 -5.34111121e-02  9.62333340e-02  8.84444494e-03  4.33333347e-03
 -3.62444448e-02 -1.56666655e-02 -1.83555558e-02 -7.54333343e-02
 -3.93222224e-02  3.43666664e-02  8.90000030e-03 -1.99555565e-02
  6.57777770e-03  2.33666655e-02 -4.79333323e-02 -2.16999990e-02
 -5.72222276e-03  5.20444424e-02  1.39444439e-02  6.32999999e-02
 -5.73333368e-03 -1.97222225e-02  1.40333339e-02 -2.21777777e-02
 -3.63666654e-02  1.04433334e-01  3.84777784e-02 -5.74999989e-02
 -9.12777767e-02 -1.00222212e-02 -5.98888896e-03  1.57777666e-03
 -2.18000001e-02  1.49966666e-01  7.10999994e-02 -4.28777780e-02
 -2.51222217e-02  1.77088885e-01  3.00000028e-03  2.96777783e-02
 -2.23888885e-02  3.88888435e-04 -1.02122223e-01 -6.01888890e-02
 -1.93444450e-02 -5.61111193e-03  3.18111113e-02  8.97444454e-02
 -3.50333346e-02  2.65555568e-03  3.38111108e-02 -2.89999996e-02
  1.06111124e-02  7.35555558e-03  1.79666663e-02 -1.11888880e-02
 -2.92333310e-02 -6.23333299e-03  1.26444443e-02 -8.32222200e-03
  6.83000011e-02 -7.72222267e-03 -3.27222221e-02 -4.70444448e-02
 -4.95555511e-03 -5.43333333e-02 -5.50555541e-02 -3.72444437e-02
 -4.22333328e-02  4.91111097e-03  1.07333337e-02  3.36666623e-03
 -2.92777788e-02  2.89888881e-02  4.16444461e-02  5.48666670e-02
  8.93555562e-02 -5.57999988e-02 -2.30444439e-02 -2.83111111e-02
  1.17888900e-02 -6.72777787e-02  5.28777776e-02  3.55222223e-02
 -8.88888828e-04  2.30000004e-02  6.67666670e-02 -1.05066667e-01
 -3.41555563e-02  2.49333340e-02  2.24000005e-02  2.84444567e-03
 -9.45555570e-02 -2.55444437e-02 -5.07222218e-02  1.63555555e-02
  2.75111110e-02 -2.03555565e-02 -1.10788889e-01  1.40444464e-02
  4.25888887e-02  4.63666665e-02  2.99444449e-02  2.55444434e-02
  4.64444452e-03  5.53888909e-02 -2.40555549e-02  1.73222205e-02
 -2.00999992e-02 -8.86666542e-03  7.19999946e-03 -1.83888887e-02
  4.33888891e-02  2.32555565e-02 -5.44444453e-02 -2.59555544e-02
  6.71888893e-02 -4.29777777e-02 -4.94888886e-02  1.46011111e-01
  4.39777767e-02 -2.37333328e-02 -1.77777786e-04  4.49999981e-03
  7.55777764e-02 -3.66666559e-03  1.01244444e-01 -3.22888903e-02
  4.13444446e-02 -2.39444448e-02  3.17999993e-02  2.39999884e-03
 -4.09444454e-02 -4.93333344e-03 -2.57333338e-02  8.11111063e-03
 -3.57111106e-02 -2.89999997e-02  5.74111111e-02 -6.15666667e-02
  5.21333345e-02 -2.42666660e-02 -1.12222225e-02  4.89111099e-02
 -1.89222211e-02 -5.13333331e-03  5.84555552e-02 -1.05111108e-02
  2.03222223e-02 -4.32088888e-01  6.88777773e-02 -6.64999992e-02
 -2.78444437e-02  5.99999912e-03 -2.11777784e-02  2.12111103e-02
  3.70333334e-02 -3.16555561e-02  1.74555554e-02  1.85777789e-02
  4.49888893e-02  7.90000005e-03 -1.74666677e-02  5.59999990e-03
 -1.82755553e-01 -4.69222222e-02 -1.06666656e-02  2.06999996e-02
 -1.99511109e-01 -1.95777784e-02  6.01666675e-02 -2.35888892e-02
  6.79222226e-02 -6.67666676e-02  5.74555565e-02 -1.45055557e-01
  3.13333344e-02 -8.85888884e-02 -9.27777753e-02  1.00111100e-02
  8.16555551e-02 -1.06377778e-01  4.40666666e-02 -1.93566668e-01
 -2.54999998e-02  8.86666511e-03  5.27111119e-02 -3.23111100e-02
 -2.91777781e-02  2.06555557e-02  5.19333331e-02  3.42666668e-02
 -2.54999997e-02 -7.53333320e-02 -5.77666690e-02  1.71222231e-02
  8.44447770e-04 -7.38888948e-03  8.55666671e-02 -2.22222145e-03
 -5.86444450e-02  4.01222216e-02  2.18666671e-02 -2.01777781e-02
 -2.46111118e-02  4.85888906e-02 -4.07444445e-02  6.84444532e-03
  3.12777766e-02 -1.49555558e-02 -2.49666664e-02  5.55111125e-02
  1.02066665e-01  4.02333347e-02 -2.04444444e-02  4.54666665e-02
 -9.06888874e-02  5.88890780e-04 -8.66666726e-03 -2.86444444e-02
  6.01111187e-03  2.64222239e-02 -3.21555556e-02 -3.71777776e-02
  1.95888876e-02  3.70555549e-02 -5.65444450e-02 -2.35222226e-02
  3.11111112e-02  1.01555550e-02 -2.75444446e-02 -7.49000004e-02]"
