aspect,aspect_vecs,cluster_main_vecs
反道,"[ 2.52299994e-01 -3.68399978e-01  1.03569996e+00  2.31500000e-01
 -2.68799990e-01 -1.69499993e-01 -1.27599984e-01 -7.16999918e-02
 -3.49300027e-01  4.52199996e-01  9.61999968e-02  2.71200001e-01
  1.44000009e-01 -1.45099998e-01 -7.07000017e-01  3.56100023e-01
  1.77399993e-01  4.36599970e-01 -1.59500003e-01  2.70399988e-01
  1.34299994e-01 -4.37399983e-01 -3.21400017e-01  4.93100017e-01
  2.07699999e-01 -5.11000007e-02 -4.17000018e-02  5.94999939e-02
  2.17700005e-01  4.56000119e-02 -8.32999945e-02  2.37700015e-01
 -1.76899999e-01  2.40000337e-03 -3.03000063e-02 -2.01100007e-01
 -1.07000008e-01 -1.38999999e-01  3.82099986e-01 -1.79000005e-01
 -4.10000011e-02 -3.05399984e-01 -3.22999991e-02  5.18000051e-02
  2.51199991e-01  3.65600020e-01 -5.03400028e-01  3.00500005e-01
 -1.48699999e-01  3.19999993e-01  1.76099986e-01  7.02999979e-02
  2.00300008e-01  5.07000029e-01 -1.55599996e-01  5.04000001e-02
 -7.11999983e-02 -4.84300017e-01  3.30899984e-01 -1.07600003e-01
  6.01000041e-02  4.12999988e-02 -1.83200002e-01  1.82400003e-01
  4.42399979e-01  8.92000049e-02  2.08300009e-01  1.54699996e-01
 -1.53600007e-01  4.07199979e-01  1.75599992e-01  1.66800007e-01
 -1.99988484e-04 -5.78800023e-01 -6.46999925e-02 -2.42799997e-01
 -4.91999984e-01 -3.46499979e-01 -1.52999908e-02 -3.85100007e-01
  2.19999999e-03  2.02800006e-01 -2.76899993e-01 -1.41000003e-01
 -9.08999965e-02  1.64700001e-01 -6.52000010e-02 -1.46699995e-01
 -9.91999954e-02  1.76499993e-01 -1.59000009e-01 -1.23899996e-01
  1.57199994e-01  1.64000005e-01 -2.77999997e-01  2.02500001e-01
 -1.69299990e-01 -1.18299991e-01  2.46000011e-02  3.88099998e-01
 -2.36099988e-01  4.45199996e-01 -1.17200002e-01  3.48800004e-01
 -1.48000002e-01  6.49500012e-01 -1.06200010e-01 -1.31999999e-01
 -5.98699987e-01  7.84000009e-02  2.83000171e-02  2.37999991e-01
  4.68999982e-01 -3.30799997e-01  5.75899959e-01  4.80000116e-03
 -3.14900011e-01  1.40699983e-01  1.53200001e-01  1.16099998e-01
  8.97000059e-02  1.82399988e-01  1.23800002e-01  8.59000087e-02
  7.04200029e-01  4.71999981e-02 -2.00399995e-01  2.36899987e-01
  2.23499998e-01 -4.65200007e-01 -2.27100000e-01  3.13999951e-02
  3.53900015e-01 -4.74000007e-01 -1.23399995e-01 -3.93400013e-01
  2.20699996e-01  4.20700014e-01 -3.45099986e-01 -1.80600002e-01
 -3.57299984e-01 -4.16999981e-02 -2.28199989e-01 -3.77099991e-01
  4.42600012e-01  1.83500007e-01  3.59499991e-01  3.10000002e-01
 -7.10000098e-03  6.83000013e-02  2.54999995e-01 -1.10000372e-03
  7.28999972e-02 -1.16999969e-02  2.10199997e-01  7.86000043e-02
  3.58199954e-01 -1.85500011e-01 -1.25499994e-01 -8.28000009e-02
  3.44700009e-01  1.90900013e-01  1.00400001e-01  3.45200002e-01
  5.45999929e-02 -1.71300009e-01  1.54000074e-02  2.39500016e-01
  9.44000036e-02  2.85999980e-02 -2.48700008e-01 -7.91999847e-02
 -1.62299991e-01 -2.93300003e-01  1.08599998e-01 -8.60000029e-03
 -3.64000052e-02 -2.80999988e-02 -1.69699997e-01  2.65199989e-01
  7.27999955e-02  1.12900004e-01 -1.04000010e-02 -1.14700004e-01
  8.44999999e-02 -3.60799998e-01  6.59799993e-01  5.93599975e-01
 -1.50100008e-01 -2.84500003e-01 -3.18999998e-02 -3.45300019e-01
  4.93700027e-01  3.01200002e-01  2.71600008e-01  9.70000029e-03
  3.36999968e-02 -2.67999992e-02 -1.26800016e-01  3.13199997e-01
 -3.18900019e-01  9.71999913e-02  8.35999995e-02 -4.83999997e-02
  3.06300014e-01  9.63999927e-02  1.46400005e-01 -2.71699995e-01
  1.05599999e-01  3.35000008e-02 -2.90399998e-01  9.47000086e-02
 -3.91400009e-01  2.42800012e-01  6.38599992e-01 -4.07299995e-01
 -1.49300009e-01 -1.43269992e+00 -6.55000210e-02 -2.61299998e-01
  9.57999974e-02  2.18600005e-01  7.78999925e-02 -2.22999990e-01
 -6.53000027e-02 -6.22699976e-01  1.43899992e-01  2.52599984e-01
  1.12299994e-01  6.91000000e-02 -6.22999966e-02  5.01800001e-01
 -2.64799982e-01 -8.59000012e-02 -6.72999918e-02  1.96400002e-01
 -7.80699968e-01  4.28300023e-01 -4.60999981e-02 -9.85000059e-02
 -1.41000003e-01  9.38999951e-02 -1.46699995e-01 -7.85200000e-01
 -1.83800012e-01 -3.48900020e-01  1.05500005e-01  1.19800001e-01
  1.70899987e-01 -5.81099987e-01 -4.90000024e-02 -6.96200013e-01
 -3.33000004e-01 -1.48399994e-01 -1.84500009e-01  1.36089993e+00
 -5.16999960e-01  3.62100005e-01 -1.01799995e-01 -1.40300006e-01
  4.07700002e-01 -4.68000025e-02  2.50699997e-01 -1.91999990e-02
 -2.51000077e-02 -1.97600007e-01 -1.83600008e-01  2.18899995e-01
  1.90000087e-02 -5.87000027e-02 -5.71999997e-02 -5.83000034e-02
  1.39800012e-01 -4.78999913e-02  2.23000012e-02 -2.43500009e-01
  1.89000070e-02 -2.35500008e-01 -1.13800004e-01  3.41899991e-01
  7.37399995e-01 -2.11999997e-01  2.98799992e-01  2.22400010e-01
 -4.51400012e-01 -3.79400015e-01 -4.33099985e-01  1.65600002e-01
 -1.48900002e-01  2.47400001e-01 -3.98999974e-02 -5.54000027e-02
 -1.03100002e-01 -2.44800016e-01 -3.71999979e-01 -2.54999995e-02
 -1.50399998e-01  3.12000066e-02 -2.84400016e-01 -1.83499992e-01]","[ 3.17599991e-01 -4.54349993e-01  1.44954999e+00  3.84200008e-01
 -5.72299998e-01  3.80000025e-02  9.56000146e-02 -3.37999947e-02
 -2.64450010e-01  6.77150004e-01  1.97799999e-01  3.05500005e-01
  2.32000090e-02 -1.02349989e-01 -9.96549994e-01  3.14200006e-01
  2.72900000e-01  2.54349979e-01 -3.59050004e-01  4.30400003e-01
 -2.97500003e-01 -6.74499869e-02 -7.17100006e-01  4.60550009e-01
  4.98000003e-01 -2.88750000e-01 -4.01500007e-02 -1.12000052e-02
  1.75450008e-01  3.02500117e-02  4.84000017e-02  1.58150008e-01
 -2.33050001e-01  2.29000042e-02 -2.55950004e-01  1.59050002e-01
 -2.05500014e-02  1.80599995e-01  2.82250001e-01 -1.39500000e-01
  4.37500004e-02 -2.06299987e-01  1.35299999e-01 -9.71499998e-02
  1.70549989e-01  7.06450015e-01 -3.41500014e-01  2.21250013e-01
 -8.80000077e-03  5.21899998e-01  3.77299987e-01 -3.14500052e-02
  2.09400001e-01  6.24150020e-01 -3.22499936e-02  1.15650001e-01
 -7.25500006e-02 -4.82400027e-01  3.81199995e-01 -7.69000016e-02
  1.23250002e-01  1.25250002e-01 -5.31499945e-02  6.50014728e-04
  4.43799995e-01  1.73800003e-01  3.06650007e-01 -5.16500100e-02
 -2.66450005e-01  3.79449997e-01  1.22799996e-01  2.31050009e-01
 -1.06549986e-01 -7.54500007e-01 -2.13349991e-01 -2.25499998e-01
 -5.11349998e-01 -3.07499993e-01 -5.35999904e-02 -5.03850006e-01
  8.45999978e-02  2.63350002e-01 -3.36550009e-01 -2.45799994e-01
 -6.26499979e-02  1.11500081e-02 -1.03649996e-01 -8.33499993e-02
 -1.57699993e-01  2.42899990e-01 -1.01650004e-01 -1.32599995e-01
  2.00199996e-01  2.72399998e-01 -3.08749996e-01  2.95200001e-01
 -4.56050001e-01 -1.17899995e-01  8.10000068e-03  4.03099997e-01
 -1.19899994e-01  6.08150000e-01 -1.52399998e-01  3.62100003e-01
 -1.64200002e-01  1.06484999e+00 -1.38900009e-01 -7.68500082e-02
 -7.49050006e-01 -1.61699994e-01  7.61500150e-02  2.24799989e-01
  3.87199981e-01 -3.76599996e-01  6.91199988e-01  1.91350000e-01
 -5.39100002e-01  8.23499900e-02  1.29050000e-01  1.56750003e-01
  2.32150007e-01  3.04099995e-01  2.34899998e-01  2.41400011e-01
  1.02030000e+00  5.68999993e-02 -1.15149995e-01  2.23699987e-01
  2.25250002e-01 -4.95300000e-01 -1.82149999e-01  4.03699994e-01
  3.69949996e-01 -5.91750005e-01 -3.05899998e-01 -8.16000029e-01
  1.86500002e-01  3.50600012e-01 -5.79350006e-01 -1.52100006e-01
 -4.43700001e-01 -2.72899993e-01 -6.36500018e-02 -3.69749989e-01
  7.11000010e-01  2.93450009e-01  4.06200007e-01  6.77900009e-01
  1.29899997e-01  1.94500000e-01  3.24699996e-01  2.51299992e-01
 -2.49000043e-02 -1.93149991e-01  2.77649992e-01 -1.23849995e-01
  3.75599969e-01 -5.66650013e-01 -8.50000028e-02  2.68499963e-02
  3.07000000e-01  1.70100007e-01  1.02750001e-01  2.60800004e-01
  3.37199997e-01 -1.33500085e-02  8.26000124e-02  3.27650007e-01
  1.81900002e-01 -2.99099999e-01 -4.82050005e-01 -2.44449988e-01
 -2.19449993e-01 -1.80400006e-01  1.38099998e-01 -1.08700003e-01
 -2.60050005e-01 -8.80500004e-02 -9.10999961e-02  3.04749995e-01
  7.76499938e-02 -6.32999949e-02  1.48300000e-01 -5.37000019e-02
  6.50999993e-02 -3.74949998e-01  5.13099993e-01  5.90349987e-01
  5.41999973e-02 -5.65200001e-01 -1.50099996e-01 -1.95300009e-01
  5.54200012e-01  2.26150010e-01  1.63799996e-01 -8.81500021e-02
  4.11999971e-02 -2.23099993e-01 -1.96600019e-01  4.14199997e-01
 -2.66250013e-01  1.55949991e-01 -6.76000044e-02  2.29799993e-01
  3.42600015e-01  9.57999974e-02  1.36900004e-01 -3.19449995e-01
  4.86750007e-01  8.47999994e-02 -2.98449998e-01  3.35650001e-01
 -6.45550013e-01  4.01000005e-01  6.73200004e-01 -4.38299991e-01
 -1.26450008e-01 -2.17929998e+00 -1.03950020e-01 -2.93049999e-01
  1.44850002e-01  1.41050003e-01  2.11899990e-01  1.26400016e-01
 -1.51500003e-01 -6.84350006e-01  1.37349993e-01  3.36749986e-01
  2.35749990e-01  1.69449998e-01 -1.32999942e-02  4.47250014e-01
 -4.67699993e-01 -4.03749995e-01 -3.30549985e-01  3.43550004e-01
 -1.11314999e+00  4.55950006e-01 -1.19799996e-01 -2.11100005e-01
 -1.56499997e-01 -1.89400010e-01 -2.64150001e-01 -1.11135000e+00
 -2.94699999e-01 -5.42350007e-01  1.03500076e-02  2.30399996e-01
 -3.88000086e-02 -4.75749983e-01 -5.58500029e-02 -1.04280002e+00
 -4.70999993e-01 -1.65349992e-01  7.50003383e-04  1.59389998e+00
 -1.00759998e+00  4.36950005e-01 -1.32449999e-01 -1.90799996e-01
  5.18249990e-01 -1.92150000e-01  2.72000000e-01 -4.74999659e-03
  1.82899993e-01 -2.27150000e-01 -2.08150001e-01  2.66299993e-01
  1.34450007e-01 -1.35200003e-01  2.11500023e-02  1.75999962e-02
  2.97900010e-01 -1.50249984e-01  1.67950003e-01 -1.56200007e-01
 -2.79499912e-02 -1.90300008e-01 -1.09500000e-01  5.60199991e-01
  7.97549989e-01 -1.46399995e-01  3.43549998e-01  1.40250012e-01
 -5.62999854e-02 -4.70950002e-01 -3.80849991e-01  1.67449999e-01
 -3.55000000e-01  1.79200001e-01 -3.69999558e-03  5.45999967e-02
 -3.44999968e-02 -1.32450011e-01 -4.64649990e-01 -6.42999995e-02
 -3.44299998e-01 -6.12999927e-02 -3.05250009e-01 -3.06299996e-01]"
散策,"[-0.0797 -0.0806  0.4446  0.2277  0.2443 -0.15   -0.3048  0.0966  0.1343
  0.1795  0.056   0.376  -0.1648 -0.4171  0.2523  0.2953 -0.1767 -0.0595
 -0.2389  0.0233 -0.1142  0.1451 -0.2593 -0.1394  0.1847 -0.1179  0.0773
  0.3483  0.0404 -0.2227  0.0825 -0.1037 -0.0498 -0.0664 -0.212   0.183
 -0.214  -0.0771 -0.1512 -0.027   0.2261 -0.068  -0.1804 -0.1978 -0.0226
 -0.1593 -0.0367 -0.0813  0.0243  0.1188  0.2638 -0.1267  0.3483 -0.1247
  0.2829  0.0171  0.3208 -0.2081  0.0898  0.1991 -0.1142  0.0392 -0.1507
  0.2452  0.3034 -0.0057 -0.1824 -0.033   0.3064 -0.0873 -0.2696 -0.1384
  0.2774  0.2225  0.2819  0.0461 -0.2061  0.0156 -0.2675 -0.1382  0.1012
  0.2571 -0.0074 -0.0772 -0.114   0.1499 -0.0845  0.2136 -0.0121 -0.0128
 -0.3063 -0.1617  0.1468  0.0219  0.423  -0.1897  0.0163  0.0346 -0.0679
  0.1917 -0.0042  0.5768  0.0213 -0.0607 -0.0373 -0.0637  0.3282  0.0086
 -0.049  -0.0521 -0.0872 -0.1306  0.2935 -0.1043  0.2191  0.4522 -0.0127
  0.1387  0.4266 -0.2077 -0.087  -0.074   0.041  -0.1273 -0.2722 -0.0851
 -0.0381  0.1561 -0.0815  0.225   0.1758 -0.1948  0.182  -0.2141  0.0648
  0.816  -0.0145  0.2976 -0.1033 -0.0095 -0.0177 -0.0328  0.1568  0.0188
  0.3262  0.1153  0.1415 -0.3327  0.0535 -0.149  -0.0309 -0.0583  0.2417
  0.0297  0.6988 -0.0345  0.3064  0.2467  0.1775 -0.2763  0.0073  0.0833
 -0.1247 -0.171  -0.1013 -0.0967 -0.1312  0.183  -0.1821  0.2066  0.0285
  0.0832  0.029   0.1847 -0.1557  0.2399 -0.1145  0.1222  0.0151  0.0282
 -0.1478 -0.2726 -0.2134  0.3684 -0.1985 -0.196   0.0812  0.0457  0.0068
 -0.1994  0.1577 -0.2462  0.2811 -0.      0.1681  0.0318 -0.0183 -0.0644
  0.1088  0.399   0.1144  0.3095  0.0124  0.2115 -0.0111 -0.1135 -0.0428
 -0.1778 -0.1148  0.1415 -0.1668  0.3937 -0.0406  0.4134  0.1438 -0.4446
 -0.0401 -0.8889  0.0535  0.0869 -0.2119 -0.1347  0.1138 -0.0923  0.1625
 -0.0637  0.2907 -0.0217  0.1351  0.1456  0.0792  0.1517 -0.5192 -0.0051
  0.2337 -0.1016 -0.652   0.0618  0.2215  0.125  -0.1022  0.1414  0.547
 -0.1538  0.1038 -0.4474 -0.1971 -0.1351  0.4703  0.4617  0.0273 -0.4983
 -0.0636  0.0544  0.2125 -0.0087 -0.1408  0.028   0.3996 -0.0078 -0.291
 -0.3196  0.2094 -0.013  -0.3814  0.3197 -0.2648  0.1261 -0.2085 -0.1336
  0.0436 -0.3291  0.0636  0.3901  0.1385  0.0139 -0.1109 -0.2306  0.0371
  0.1855  0.6825  0.0354 -0.1037 -0.1681 -0.1682 -0.1704  0.1661  0.0693
 -0.0387 -0.0031 -0.1518  0.0847 -0.1656  0.4886 -0.1372 -0.2065  0.2936
  0.3142 -0.1573 -0.0395]","[ 0.1033      0.11415     0.68165001  0.38395001  0.09885    -0.21735
 -0.0016      0.11965    -0.0472      0.33799999  0.17305     0.31244999
 -0.01125    -0.6986      0.29874998  0.26545    -0.0852     -0.0096
 -0.37345    -0.01115    -0.37585001 -0.1184     -0.04149999 -0.06465
  0.10144999 -0.04805    -0.05315     0.0506      0.0034     -0.28875
 -0.1961      0.02205    -0.1441      0.28115    -0.0563      0.06235
  0.10775    -0.0599     -0.51865    -0.09825     0.31085     0.15915
 -0.2204     -0.0347      0.06625    -0.0163      0.08635    -0.0527
 -0.04125     0.45745     0.186      -0.01815     0.23565    -0.10755
  0.06665    -0.03425     0.2132     -0.01805    -0.18075     0.33460001
 -0.04775    -0.18194999 -0.17195     0.14795     0.2559      0.19104999
 -0.1945      0.0492      0.00960001 -0.48960001 -0.1443     -0.02215001
  0.1744      0.28695     0.21394999 -0.09439999  0.08504999  0.3129
 -0.10095     0.0223      0.0986      0.1358     -0.23975    -0.1415
 -0.119       0.03935     0.1098      0.07275    -0.03095    -0.07475
 -0.10140001  0.0157      0.0331      0.05245     0.2336     -0.02985
  0.04405     0.173       0.11275     0.064      -0.17345     0.58705
  0.0626     -0.07565     0.1498     -0.16225     0.41420001 -0.1348
  0.26455001 -0.1134     -0.52644999 -0.2355      0.18820001 -0.0705
  0.42904998  0.29755    -0.01405     0.18189999  0.3995     -0.13065
  0.01935    -0.01935     0.04585    -0.0655     -0.22284998 -0.1927
 -0.01115     0.0889      0.29305    -0.0935     -0.05515     0.08865
  0.0749      0.0927      0.071      -0.20195    -0.0235      0.12975
  0.07385001 -0.1345     -0.0046     -0.10125     0.23105    -0.01195
  0.77984999 -0.15384999  0.0308     -0.12645001  0.0209     -0.28075
 -0.0451      0.12235     0.11395     0.082       0.59080001  0.03725
  0.22165     0.1341      0.0906     -0.11795     0.03705    -0.07585
 -0.04405    -0.02829999  0.1086     -0.1071     -0.261       0.0145
 -0.24265     0.12455     0.0423     -0.06435    -0.03125     0.0871
  0.04634999  0.33945     0.0018      0.0264     -0.0153     -0.06125
 -0.1338     -0.2931     -0.47315001  0.20795    -0.0569     -0.08195
  0.18155001  0.63300002  0.02875    -0.24014999  0.1047     -0.2991
  0.6221      0.02025     0.1081      0.1093     -0.06845     0.0143
  0.23495     0.20074999 -0.2336      0.2024     -0.3046     -0.32894999
  0.1394     -0.27134999 -0.22960001 -0.20115    -0.0199      0.0253
  0.00805     0.42775    -0.18625     0.2705      0.10730001 -0.41554999
 -0.0563     -1.40735     0.0456     -0.069      -0.06995    -0.12785
  0.06615     0.0717      0.11995    -0.07714999  0.08629999 -0.0727
  0.12265     0.05775     0.01225    -0.1482     -0.74005003 -0.01805
  0.1476     -0.08735    -0.89715002 -0.0757      0.28065    -0.01535
 -0.1764      0.13015     0.1937     -0.387      -0.16365001 -0.69549999
 -0.23129999 -0.31425002  0.13319999 -0.39315001 -0.06875    -0.7506
 -0.26700001  0.0584      0.20525     0.00184999 -0.50265     0.10035
  0.03815001  0.01325    -0.34665    -0.08074999  0.2011      0.18335001
 -0.2482     -0.46115    -0.29970001  0.057      -0.0578     -0.01655
  0.15735    -0.29520001  0.0909      0.3176      0.1229     -0.39740001
  0.05624999 -0.28154999  0.1381      0.12915     0.9059      0.09505
 -0.0704     -0.1254     -0.21425    -0.0616     -0.0629      0.2992
 -0.0033     -0.18465001 -0.14525     0.07815     0.1098      0.2109
  0.49949998 -0.10574999  0.2409      0.35130001 -0.37695    -0.2084    ]"
神社,"[ 0.2807 -0.2119  0.3824  0.2056  0.021   0.2506  0.2979  0.1507 -0.0931
  0.2864 -0.0579 -0.0481  0.0244 -0.3049 -0.3207  0.2603 -0.0118 -0.1487
 -0.2014  0.229   0.2488  0.1231 -0.5812 -0.2994  0.2957 -0.0605  0.0957
  0.153   0.0451  0.187   0.0253  0.0739 -0.1393 -0.4642 -0.3475  0.1763
 -0.106  -0.0218  0.1853  0.4364  0.0363 -0.0167  0.0037  0.1089 -0.2605
  0.3228  0.1887 -0.0596  0.0439  0.4236  0.3675 -0.0181  0.005   0.1349
  0.2047  0.2679 -0.0824 -0.2068 -0.1203 -0.0586 -0.0787  0.0787 -0.0655
 -0.117   0.0898 -0.0431 -0.0215 -0.0469  0.2283  0.1225 -0.0416 -0.1918
  0.0076 -0.1427 -0.245  -0.0857 -0.2772 -0.3201  0.2702 -0.1101  0.0939
  0.0703 -0.1184 -0.1101 -0.0669 -0.0332 -0.0727  0.3124  0.1673 -0.3589
 -0.0925  0.0179  0.1851  0.2535  0.2442  0.1417 -0.2599 -0.1136 -0.1254
  0.0703  0.3448  0.1488 -0.1758 -0.2531 -0.0204  0.1097 -0.2365  0.1251
 -0.1188 -0.1715 -0.3772 -0.0765  0.1139  0.2942  0.0423  0.211  -0.4256
  0.3386  0.1005 -0.1943  0.1502 -0.0305 -0.0906  0.1527  0.2494  0.2487
  0.1049  0.3131 -0.2969 -0.1429 -0.2359  0.2471  0.1757 -0.0166  0.2742
  0.449   0.0202  0.168   0.0257 -0.0174  0.0569 -0.1772  0.0394 -0.1776
  0.559   0.0565  0.1197  0.1878  0.215  -0.3244 -0.1974 -0.0827  0.1283
  0.0193  0.3678 -0.2442  0.0247 -0.1819  0.057  -0.1373 -0.3049 -0.0657
  0.2982 -0.1105  0.083   0.2764  0.0787  0.0903 -0.1621 -0.0987  0.0364
 -0.0794  0.0858 -0.0823  0.3159 -0.0337  0.2027  0.1013 -0.0237  0.0183
 -0.1201 -0.5072  0.0362  0.1325 -0.1538  0.1107  0.215  -0.1759  0.128
 -0.0703 -0.0357 -0.0401  0.19   -0.1441  0.1246 -0.0204  0.387  -0.2391
  0.2021  0.0872  0.2393  0.1818  0.2479 -0.0153  0.1416 -0.0283 -0.0423
 -0.3555  0.115   0.1523 -0.1529  0.0753 -0.2572  0.2389  0.0131 -0.0726
  0.1999 -1.0009  0.2195 -0.077   0.248  -0.1335  0.4509  0.4001 -0.1105
 -0.2889  0.1068 -0.009   0.1836  0.0586  0.1985 -0.1942 -0.2411  0.0928
 -0.2306 -0.0655 -0.4893  0.1833  0.1292 -0.1949  0.0771 -0.1526  0.2801
 -0.282   0.287  -0.0233 -0.0318 -0.143  -0.0097 -0.5135 -0.1963 -0.5266
 -0.058  -0.1018  0.106   0.1193 -0.2989 -0.0868  0.0042  0.1841  0.2292
 -0.2365  0.1239  0.0916  0.1725 -0.083  -0.1192 -0.0717  0.1392 -0.1747
  0.3303 -0.1287  0.222  -0.0201  0.1457  0.037  -0.0595  0.1495  0.1071
  0.0432 -0.2382  0.0791  0.0035 -0.2326  0.0877 -0.3207 -0.0027  0.078
 -0.0415  0.0813 -0.1333  0.6055 -0.0218  0.0731 -0.1853 -0.3568 -0.0978
  0.0342 -0.1919  0.3643]","[ 7.01666495e-03 -1.05725001e-01  3.76654173e-01  7.90874991e-02
 -5.76624999e-02  3.83666673e-02  5.06666653e-02  4.77791668e-02
 -3.84083331e-02  1.18483335e-01  4.09666660e-02  2.21083327e-02
  3.56833324e-02 -5.48874997e-02 -2.40462498e-01  1.40104167e-01
 -1.87083336e-02 -6.24291651e-02 -2.02345834e-01  3.59125021e-02
  1.10829164e-01  1.84416660e-02 -3.17266671e-01 -8.02875002e-02
  1.45862500e-01 -5.73041671e-02 -7.67999976e-02 -3.39958337e-02
  5.70125001e-02 -4.74583220e-03  1.95499992e-02 -1.89208330e-02
 -5.16625010e-02 -9.71874993e-02 -7.22041661e-02  3.83958343e-02
 -3.20041660e-02 -8.31500003e-02  2.49583321e-03  6.14999990e-02
 -1.87333336e-02  2.70833320e-03 -8.36958339e-02  3.01333323e-02
  7.25708327e-02  1.32841668e-01  3.38875009e-02 -3.87874999e-02
  1.97083346e-03  1.99904168e-01 -2.03708333e-02 -6.08000003e-02
 -2.02208343e-02  3.95458330e-02  8.22333349e-02  6.94625003e-02
  1.01708335e-01 -1.69416664e-01  1.39624992e-02  6.09291676e-02
  1.07249998e-02  3.93125016e-02  1.73916677e-02  1.23583333e-02
  2.98750003e-02  2.21083336e-02 -1.48749925e-03 -1.73958335e-02
  5.93500013e-02  2.75375000e-02  4.70291657e-02  1.65624996e-02
  1.96541669e-02 -1.52133335e-01  4.84416673e-02 -3.69708310e-02
 -1.12037500e-01 -2.21666663e-02  3.60541674e-02 -7.84000001e-02
  1.93791656e-02 -9.62499890e-03 -8.34124999e-02 -9.56208335e-02
 -5.16250011e-02 -1.46250005e-02 -9.38708341e-02  5.55916684e-02
  2.64625007e-02 -4.67000002e-02 -6.04125007e-02 -7.39250004e-02
  3.04083337e-02  1.49741668e-01  1.06666738e-03  7.82166665e-02
 -2.14837500e-01 -9.44416660e-02 -1.06945834e-01 -2.48125001e-02
 -6.62497322e-04  1.31945832e-01 -8.82625021e-02 -3.97750000e-02
 -5.59125007e-02  2.89508333e-01 -5.56625001e-02  5.01291674e-02
 -8.39541671e-02 -1.64416665e-02 -1.19812501e-01  1.99166499e-03
  1.14862498e-01  3.45416659e-02 -1.01250131e-03  1.43254167e-01
 -1.43837500e-01  1.10583336e-01  9.38374998e-02 -5.09708327e-02
  8.90000000e-03 -3.90625001e-02  1.32958338e-02  3.51750014e-02
 -1.11833347e-02  2.67208328e-02  4.18874987e-02  1.33391667e-01
 -2.03583338e-02 -8.50208336e-02 -7.55750001e-02  5.91999988e-02
  7.58999993e-02 -1.07291668e-01  1.05162500e-01 -1.65583300e-02
  1.81375006e-02  6.29583342e-02  5.23875020e-02 -4.50916677e-02
  5.95833245e-03 -1.50800000e-01  4.69874982e-02 -5.25875017e-02
  2.02933332e-01  6.81208336e-02  1.72291659e-02 -4.66916667e-02
  4.13333411e-03 -4.20624962e-02 -1.65416699e-03 -2.68249999e-02
  1.30379165e-01  5.04999967e-03  1.86083333e-01 -1.73191669e-01
  1.26750000e-02 -5.26958333e-02  4.66125008e-02  1.98666660e-02
 -8.28833337e-02 -2.32083340e-02  9.26791667e-02 -5.29583325e-02
  4.13583321e-02  1.35158333e-01  6.50833217e-03  4.31583345e-02
 -3.10416678e-02 -6.50749996e-02  9.13749984e-03 -4.68041669e-02
  3.32041662e-02  1.96208331e-02  4.97416669e-02 -7.17958345e-02
  4.13041676e-02 -5.69666666e-02 -2.07458329e-02  1.57916802e-03
  6.01500002e-02 -1.56204167e-01 -1.96500014e-02  4.18666664e-02
 -2.54958334e-02  3.99374990e-02  5.39416661e-02  5.62833345e-02
  2.37791663e-02 -2.99999296e-04 -2.09083338e-02  7.29291663e-02
  9.53916674e-02 -7.38749925e-03  1.19549999e-01 -6.96250003e-02
  1.88183332e-01 -1.36624997e-02  5.41666587e-03  5.23833334e-02
 -2.30208326e-02  7.54208337e-02  5.20125005e-02  5.11041661e-02
  1.36958332e-02  2.09333328e-02  1.35250008e-02 -1.65908333e-01
  4.09041662e-02  3.07499996e-02 -1.17841669e-01  4.64541666e-02
 -2.58874997e-01  5.57583333e-02  1.22329166e-01 -1.06458334e-01
  6.92958349e-02 -8.69987508e-01  6.64875009e-02 -2.46541676e-02
  9.90333343e-02 -3.07583325e-02  1.10883333e-01  7.20916660e-02
 -2.57916681e-02 -5.99416664e-02  6.20500009e-02  3.46499990e-02
  1.96137500e-01  6.59874993e-02  3.64083325e-02 -9.07375000e-02
 -1.96070834e-01  5.37291680e-02  4.49416654e-02 -2.62083273e-03
 -3.09470834e-01  4.43583336e-02 -4.59166666e-02 -5.10333356e-02
  7.05291679e-02 -2.07333341e-02  1.79699999e-01 -2.52816669e-01
  1.44320835e-01 -1.39245834e-01 -1.04800001e-01  3.61124977e-02
 -5.57291667e-02 -2.34212498e-01  1.29999899e-03 -3.25587500e-01
 -5.64999980e-02 -3.30291672e-02  1.20075001e-01  1.23575000e-01
 -7.59583333e-02 -9.65416759e-03 -8.43791663e-02  5.25708347e-02
 -3.08041661e-02 -3.81583339e-02  5.91500003e-02  7.26625010e-02
  4.66666648e-02 -4.35833335e-02 -4.06416682e-02 -4.57791666e-02
  1.76250009e-02 -3.76666673e-02  4.12583327e-02 -1.77000002e-02
  1.24612499e-01 -2.50750002e-02  1.60166670e-02  6.00083331e-02
 -8.21541684e-02  7.64041665e-02 -1.08125003e-02  2.14416660e-02
 -1.85958314e-02  1.32583333e-02  2.06166662e-02 -1.18724998e-01
  5.32250004e-02 -2.16533332e-01 -5.31333343e-02  3.39416666e-02
 -1.12470834e-01  7.02166682e-02 -2.02250004e-02  2.19191666e-01
 -8.06250043e-03  9.76416670e-02 -1.78820834e-01 -1.01716665e-01
 -2.80416662e-02  3.53291675e-02  2.57583331e-02  2.04791667e-02]"
応神,"[ 3.1670e-01 -4.6120e-01  2.6160e-01 -6.0000e-03  1.8880e-01  4.1480e-01
  2.4700e-01  1.3900e-02 -3.8210e-01  1.8650e-01 -6.4600e-02  1.1150e-01
  2.0170e-01 -2.6890e-01 -4.0100e-01  6.8200e-02 -9.4700e-02 -4.2710e-01
 -2.4430e-01  2.6920e-01 -1.5380e-01 -1.5110e-01 -4.7070e-01  1.7160e-01
 -1.1500e-01  2.3760e-01  1.7300e-02 -3.1240e-01 -1.0800e-02  2.1800e-02
 -1.6400e-02  2.6170e-01 -2.9280e-01  1.2610e-01 -2.4810e-01  1.4920e-01
 -2.0000e-04  1.4670e-01 -1.1460e-01 -1.9580e-01 -1.0180e-01  3.5280e-01
 -1.3590e-01 -4.4230e-01  1.3370e-01  6.4210e-01  2.9820e-01  9.3500e-02
  3.1620e-01 -4.0740e-01 -6.1500e-02  1.7920e-01 -1.4270e-01  1.0640e-01
  4.6450e-01  2.3000e-03  7.8900e-02 -3.0980e-01 -3.6690e-01  1.5000e-02
 -2.0920e-01 -3.9620e-01  5.1090e-01 -4.5520e-01  3.1000e-01  2.7600e-01
  1.5030e-01 -3.0000e-02  1.2400e-01 -4.1600e-02  1.4600e-02  2.2520e-01
  1.1970e-01 -2.6570e-01 -3.3920e-01  1.1010e-01  1.4600e-02 -2.4250e-01
  4.5450e-01 -4.8280e-01 -5.7210e-01  1.3080e-01 -8.7000e-02  3.7800e-02
 -6.7550e-01  7.9000e-02 -9.0300e-02  2.8370e-01 -2.0700e-01 -3.5330e-01
  1.2680e-01 -4.9180e-01  1.7010e-01  4.9050e-01  5.6000e-03  1.3600e-01
 -4.2790e-01  4.8200e-02 -7.9300e-02 -1.9770e-01 -5.2720e-01 -9.1400e-02
 -7.8800e-02  3.7000e-02 -1.8430e-01  5.3590e-01 -2.0810e-01 -2.8990e-01
 -2.1030e-01  3.0680e-01  3.5610e-01  3.9800e-02 -2.3700e-02 -2.6140e-01
  8.8900e-02 -1.4740e-01 -2.7600e-01  6.0220e-01  1.8800e-01 -2.5800e-02
 -2.7800e-02  4.1810e-01  5.7880e-01 -2.7700e-02 -2.7900e-02  4.7600e-02
  2.8900e-02 -1.0390e-01 -2.7600e-02  1.2950e-01 -7.1620e-01  1.0340e-01
 -8.1700e-02 -5.8410e-01  1.9170e-01 -3.0430e-01 -1.4470e-01  6.9600e-02
 -4.4610e-01  6.1100e-02  3.8520e-01 -5.0950e-01  1.3860e-01  4.0260e-01
 -3.5280e-01 -4.1000e-02  1.3160e-01  1.4600e-01 -7.0400e-02  3.6980e-01
 -2.3000e-03 -4.7930e-01  2.1200e-02  1.3790e-01  4.1770e-01 -4.7030e-01
 -1.8550e-01 -4.5680e-01 -1.4430e-01 -1.2600e-02  8.8000e-02  3.0600e-02
  1.0390e-01  3.1370e-01  1.4800e-02  3.2810e-01  2.1670e-01  3.5010e-01
  2.7070e-01 -8.1900e-02  5.4300e-02  9.7700e-02  5.8100e-02  1.0280e-01
  1.9540e-01  9.6100e-02  3.9370e-01 -9.1200e-02  7.8800e-02  2.5000e-02
  2.7800e-02 -1.1820e-01  2.5450e-01  2.2200e-02  1.5940e-01  1.0080e-01
  3.0770e-01  4.9100e-02 -3.7450e-01 -4.1850e-01 -3.7920e-01 -2.8340e-01
 -4.3190e-01  1.8620e-01  1.4200e-01  1.7250e-01  3.1670e-01 -2.5380e-01
 -2.1680e-01 -1.0790e-01  2.1380e-01  2.0830e-01 -6.3770e-01 -5.9800e-02
 -1.4730e-01  1.3870e-01 -3.2700e-01 -2.1450e-01 -1.9680e-01  2.4700e-01
 -4.4340e-01  3.2310e-01 -6.0630e-01  2.1980e-01  1.2030e-01  6.8990e-01
  2.1760e-01 -1.3934e+00 -4.2450e-01 -1.7220e-01  3.5140e-01  4.5800e-02
 -5.0030e-01 -1.9930e-01 -9.7000e-02  1.0990e-01 -5.4260e-01  1.3540e-01
 -1.9140e-01 -1.9300e-02 -2.1530e-01 -3.9000e-02  4.1700e-02 -3.6740e-01
 -6.0300e-02 -2.5770e-01 -2.2930e-01 -2.3000e-01 -2.9800e-02  4.5410e-01
  3.6740e-01  3.7640e-01  1.3040e-01  1.9350e-01 -1.0770e-01 -1.6280e-01
 -1.5530e-01  1.9240e-01 -2.1480e-01  6.3740e-01 -3.4250e-01 -1.4980e-01
 -1.1810e-01  1.9470e-01  2.0590e-01  1.6900e-01 -7.8430e-01  1.1390e-01
 -2.3440e-01  7.5500e-02  5.1800e-02 -9.3700e-02  3.7640e-01 -1.4460e-01
  2.6680e-01  3.3650e-01 -1.4830e-01 -3.1340e-01  4.4500e-02 -4.2280e-01
 -1.5460e-01  3.7200e-02  2.5120e-01 -3.7030e-01 -1.9400e-02 -1.6080e-01
 -2.9100e-01  3.6120e-01  2.4810e-01  1.7920e-01 -1.4620e-01  3.5200e-02
  2.5290e-01  1.6080e-01  3.7220e-01  2.5250e-01  3.9840e-01 -1.9180e-01
 -1.9860e-01  1.5020e-01 -3.6440e-01  2.5980e-01  1.8070e-01  1.2900e-01
 -3.8370e-01 -1.2020e-01 -2.1680e-01 -1.4240e-01  2.7000e-03 -1.6090e-01]","[ 3.14100002e-01 -1.39733333e-01  2.11366663e-01  5.16666627e-03
  2.04400003e-01  2.72833327e-01  3.25999955e-02  7.66666690e-02
 -2.59999956e-02 -7.49666646e-02 -4.98999984e-02  8.76333329e-02
  6.29999936e-02 -2.66333347e-02 -3.00466662e-01  9.20333304e-02
 -6.65000007e-02 -2.38100000e-01 -1.58500001e-01  3.01066667e-01
  2.36666761e-03 -7.23666673e-02 -5.05400002e-01  1.76933337e-01
  2.96300006e-01  3.34566668e-01  2.57933335e-01 -7.63333390e-02
 -4.76666664e-03 -4.57333289e-02 -5.18333334e-02  1.17400004e-01
 -1.49600003e-01 -1.36999991e-02 -2.70566667e-01  1.50966669e-01
 -1.19066669e-01  1.99633330e-01  8.25666686e-02  4.22999977e-02
  1.07566667e-01  2.23333335e-01 -1.65433330e-01 -1.91799993e-01
 -5.06333311e-02  4.55933327e-01  2.65733341e-01  2.54999995e-02
 -1.00000203e-03 -3.28133335e-01  1.31033330e-01 -7.73999989e-02
  6.11999979e-02 -2.39000022e-02  8.22666685e-02  1.38033332e-01
  1.58466664e-01 -2.30666665e-01 -2.40033335e-01  7.76999981e-02
 -8.48999980e-02 -2.30366665e-01  2.26466675e-01 -1.52566661e-01
  1.62600002e-01  2.41733332e-01  9.11999941e-02  2.73699997e-01
  1.04200001e-01 -1.00499999e-01  1.24999989e-02  6.37999997e-02
  3.94000063e-02  1.73333306e-02 -1.10666672e-01  5.76666494e-03
 -1.54333331e-01 -1.04066667e-01  3.87666658e-01 -5.26033342e-01
 -2.23333329e-01  9.04000029e-02 -1.33166666e-01  4.61999997e-02
 -3.92233322e-01  1.04000047e-02  1.77466667e-01  1.13933330e-01
  7.33666644e-02 -2.34000000e-01  1.11666666e-01 -1.39166673e-01
 -2.15600004e-01  2.68333336e-01  5.00001634e-04  1.77399999e-01
 -3.21199993e-01 -7.24333338e-02 -1.86133342e-01 -5.49999972e-02
 -2.07466659e-01 -1.62333325e-02 -2.32700010e-01  1.52666668e-02
 -1.42533336e-01  4.94633337e-01 -1.06133334e-01 -1.34266667e-01
 -1.99300000e-01  8.27000017e-02  1.89133329e-01 -1.54666665e-02
  1.66333330e-02 -1.13766673e-01  2.68800000e-01  1.02999993e-02
 -1.93333330e-01  3.43733323e-01  2.84099996e-01 -1.25799997e-01
  1.87366663e-01  3.16300000e-01  8.27000104e-02  5.96666684e-02
 -2.67999992e-02  6.62000005e-02  2.69333329e-02 -1.36566664e-01
 -2.56333333e-02  9.71666686e-02 -2.74366665e-01  1.65266665e-01
 -1.02500002e-01 -3.15866674e-01  1.57433329e-01 -1.89800007e-01
 -2.49733339e-01 -1.04200002e-01 -1.23466671e-01  1.52233330e-01
  1.01333330e-01 -2.77266676e-01  2.22733329e-01  1.19333267e-02
 -1.54100001e-01  6.49999976e-02  9.20000076e-02  1.92033330e-01
  2.53133337e-01  2.05466668e-01  1.55333333e-01 -3.31533333e-01
  2.24566673e-01  6.97333316e-02  1.77033331e-01 -4.56399997e-01
 -1.28199995e-01 -3.76000007e-01  1.63399994e-01  8.44999989e-02
 -4.54999991e-02 -7.09666670e-02  1.54533327e-01  1.98366666e-01
 -2.35333334e-02  2.61200003e-01  2.02133333e-01  2.74933341e-01
  1.79966671e-01  3.97333329e-02 -1.07966673e-01 -1.20000002e-01
  1.56333337e-01 -8.79666706e-02  1.48166668e-01  4.76666788e-03
  1.54233335e-01 -1.22666666e-01 -1.35466672e-01  9.50000000e-03
  2.33533335e-01 -6.05333336e-02  1.42800002e-01  1.65199999e-01
  1.70633338e-01 -9.22666714e-02  9.41000034e-02  1.03166665e-01
 -5.56999991e-02 -4.21600004e-01 -2.44700005e-01 -7.78333346e-02
 -2.71433336e-01  1.07433332e-01 -1.09233325e-01  7.27000038e-02
  1.63733339e-01 -1.30933334e-01  4.98999953e-02 -1.28833331e-01
  8.73999999e-02  7.98666651e-02 -2.05133344e-01 -1.34133329e-01
  2.04999993e-01 -1.28166673e-01  2.27333364e-02 -2.56933329e-01
 -5.94999976e-02  7.22666631e-02 -2.03133332e-01  1.03066663e-01
 -3.93733328e-01  2.67666678e-02  4.56666201e-03  2.93066663e-01
  2.09566668e-01 -1.40009999e+00 -2.05766662e-01 -1.99866662e-01
  1.32333329e-01  4.10333344e-02 -2.94099992e-01 -1.12000003e-01
 -2.68999984e-02 -1.79000013e-02 -1.47933326e-01  1.98700003e-01
 -6.56333367e-02 -1.39766664e-01 -2.12833330e-01 -2.86666676e-02
 -5.54666662e-02 -1.68099996e-01  8.24333305e-02 -2.84566661e-01
 -1.43533335e-01  8.08000068e-02  4.53000013e-02  1.88100006e-01
  1.17966662e-01  2.60700002e-01  9.09999994e-02 -1.67433336e-01
 -3.64666656e-02 -1.72500002e-01  7.51999964e-02  1.74366663e-01
 -6.24000008e-02  3.88266658e-01 -2.62533337e-01 -1.39700005e-01
 -8.85666699e-02 -2.96333333e-02  1.11333332e-01  2.29500006e-01
 -5.24233341e-01 -4.13666666e-02 -9.40333356e-02  1.51966670e-01
  2.40500009e-01 -7.61666621e-02 -3.76333346e-02 -5.61333348e-02
 -2.47000058e-02  2.13466662e-01  1.70666675e-02 -6.96666644e-02
 -1.93433332e-01 -5.11333322e-02 -6.03666653e-02 -8.71999959e-02
 -1.07000036e-02 -1.09966666e-01  4.93666629e-02 -1.17633330e-01
 -4.37333360e-02  2.43366669e-01  2.09133337e-01  2.31466666e-01
 -2.96766669e-01  1.75333331e-01 -7.21333350e-02 -4.79333351e-02
 -2.14999939e-02  1.92666667e-01  2.44600003e-01 -5.04333278e-02
 -6.39666716e-02  9.75666642e-02 -2.01766665e-01  1.09499996e-01
  8.62000013e-02 -4.98666714e-02 -1.52066673e-01  8.56333350e-02
  8.25333372e-02 -2.03999989e-02  1.65733337e-01 -2.49833335e-01]"
郵便局,"[-2.19300002e-01 -7.81799972e-01  5.95800042e-01 -1.64299995e-01
  2.65200019e-01 -2.54900008e-01  2.04200000e-01  1.43399999e-01
  1.33699998e-01  3.53300005e-01 -1.41000003e-01 -2.29300007e-01
 -2.33999994e-02 -7.05000013e-02 -8.70400012e-01 -3.34600002e-01
  3.13700020e-01 -3.37700009e-01 -1.72199994e-01 -1.83699995e-01
 -4.62999977e-02 -3.63499999e-01 -6.70899987e-01 -2.96400011e-01
  5.95099986e-01  1.06400006e-01  5.85500002e-01 -2.79999990e-02
  4.74999994e-01  1.09099999e-01 -3.60000134e-03 -1.33699998e-01
  1.27800003e-01 -3.70299995e-01  1.47499993e-01  2.07000002e-02
  1.83799997e-01 -5.37999943e-02  9.32999998e-02 -3.80000025e-02
  1.80799991e-01 -3.31999987e-01 -2.82400012e-01  1.79299980e-01
  4.79999989e-01  1.89999998e-01  1.88199997e-01 -1.81500003e-01
  3.15200031e-01  4.93299991e-01  1.76699996e-01  7.72000030e-02
  2.68099993e-01  3.10800016e-01 -1.71400011e-01 -5.73799968e-01
  7.21600056e-01 -4.28700000e-01 -1.22299999e-01  5.18999994e-02
 -2.56699979e-01 -3.83000001e-02 -1.28899992e-01  2.41200000e-01
 -1.35000005e-01 -3.16300005e-01  1.22300006e-01  2.35900000e-01
 -2.30399996e-01 -1.05700001e-01  5.38200021e-01  3.35700005e-01
 -1.68300003e-01  2.62100011e-01 -2.29699999e-01 -1.53300002e-01
  3.65000010e-01  4.95999977e-02  1.52799994e-01 -2.57499993e-01
  1.59999996e-01  1.06700003e-01 -3.51000018e-02  5.95000014e-02
 -3.59999985e-02  8.67100000e-01 -8.90799999e-01  5.46800017e-01
  2.05000043e-02 -2.68999994e-01  2.12200001e-01  4.14200008e-01
 -1.05100006e-01  3.64399999e-01 -2.28999987e-01  4.10400003e-01
 -3.30000073e-02  5.28599977e-01  8.24000090e-02 -4.07900006e-01
 -7.69799948e-01  8.34299982e-01 -6.23999983e-02 -3.76599997e-01
  7.51199961e-01  2.50600010e-01 -7.37600029e-01 -4.17900026e-01
  7.75000006e-02 -1.37600005e-01 -6.21399999e-01 -5.35600007e-01
  3.27000022e-02  9.11000073e-02 -8.28000009e-01 -2.36300007e-01
 -6.71100020e-01 -6.97999969e-02  6.79900050e-01 -1.17999993e-01
  2.21599996e-01 -1.28100008e-01  4.64100003e-01  4.98300016e-01
  2.05899999e-01  3.22600007e-01 -7.16999993e-02  2.47799993e-01
 -5.72000027e-01 -4.71599996e-01 -3.92999984e-02  3.42500001e-01
 -2.56700009e-01  2.32800007e-01 -4.34000008e-02  4.89399999e-01
  1.77100003e-01  2.68100023e-01  4.13699985e-01  4.15399969e-01
 -7.98999965e-02  3.20900023e-01  8.32999945e-02 -2.50900000e-01
  8.39399993e-01 -8.63000005e-02  2.70300001e-01 -1.57999992e-02
 -1.23599999e-01 -3.61000001e-01  4.57700014e-01 -2.72300005e-01
 -9.58999991e-02  6.05000019e-01  1.08690000e+00 -2.78999984e-01
 -2.21499994e-01 -2.98900008e-01  5.96199989e-01 -4.68700022e-01
 -1.02100000e-01  2.12799996e-01 -4.21000011e-02 -3.67000014e-01
  6.21199965e-01  1.40899986e-01 -3.49900007e-01 -2.71400005e-01
 -4.06700015e-01  3.17999981e-02  3.13400000e-01 -4.27700013e-01
 -3.51700008e-01  5.84900022e-01 -2.90199995e-01  3.09300005e-01
 -1.79000013e-02  1.22099996e-01 -3.90399992e-01 -1.14299998e-01
 -8.23000073e-02 -1.49499997e-01 -2.88900018e-01  6.61000013e-02
  2.61399984e-01  4.83300000e-01 -5.23999989e-01  3.09700012e-01
 -2.49599993e-01 -1.43000007e-01 -2.64800012e-01 -5.66500008e-01
  9.57799971e-01 -4.39999998e-03  8.17399979e-01  2.28799999e-01
  3.08099985e-01  2.76799977e-01  1.77800000e-01 -1.55999996e-02
 -4.26499993e-01 -2.57600009e-01  3.99999976e-01 -1.86000001e-02
  2.35799998e-01  1.65700004e-01  1.51899993e-01 -1.47799999e-01
  3.62399995e-01  3.34299982e-01 -1.51300013e-01 -2.95000017e-01
 -3.34800005e-01 -1.80100009e-01  1.50900006e-01 -9.08999965e-02
  7.72999972e-02 -1.82560003e+00 -3.55000019e-01  9.65999961e-02
  2.34599993e-01 -2.80900002e-01 -1.81899995e-01 -4.95199978e-01
 -5.60000017e-02 -6.91699982e-01 -9.70999971e-02 -5.13200045e-01
  1.53699994e-01  1.76600009e-01 -8.28000009e-02  3.60899985e-01
  6.49999827e-03  1.76699996e-01  1.97599992e-01  7.88000003e-02
 -1.01320004e+00  3.96999985e-01  2.96000019e-02  6.81800008e-01
 -3.40700001e-01 -1.67100012e-01  1.29400000e-01 -8.65000010e-01
  1.36999995e-01 -5.43500006e-01 -6.47000000e-02 -3.36400002e-01
  3.40000540e-03 -1.03299999e+00  2.36100003e-01 -7.70599961e-01
 -3.98999900e-02 -6.19799972e-01 -2.37399995e-01  9.12000000e-01
 -8.79999995e-03 -4.46000010e-01 -5.14699996e-01 -3.56000029e-02
  2.61399984e-01  2.85200000e-01  6.32999986e-02 -6.64499998e-01
  4.99400020e-01 -5.81799984e-01  1.24899998e-01  3.40200007e-01
  3.07000000e-02  3.64999995e-02 -2.92999983e-01 -1.70399994e-01
  3.53399992e-01 -5.02699971e-01 -5.28400004e-01 -7.69999921e-02
  3.33000012e-02  2.56099999e-01  4.66700017e-01 -2.51299977e-01
  8.81000087e-02  1.66400000e-01  7.11400032e-01 -7.02399969e-01
  6.50999993e-02 -1.31399989e-01 -1.09999627e-03  1.28399998e-01
 -6.26000017e-02  2.82700002e-01  3.76599997e-01 -8.74999985e-02
 -4.05300021e-01  5.68400025e-01 -2.74500012e-01 -5.95600009e-01
 -1.51799992e-01  3.82099986e-01  1.81000009e-02  9.95499969e-01]","[-0.20339999 -1.49399999  1.097      -0.0156      0.60960001 -0.2256
 -0.05010002  0.4687      0.28619999  0.8199     -0.28319999  0.0061
  0.08260001  0.06719999 -1.4052      0.06749999  0.38040001 -0.11340001
 -0.59849999 -0.1697      0.0656     -0.4159     -0.88649999 -0.2707
  0.78429998  0.4301      0.5556      0.1085      0.54489999  0.1131
 -0.1342     -0.2498     -0.2265     -0.87789999  0.129       0.1296
  0.0456     -0.03679999  0.15529999  0.0195      0.01289999 -0.24299999
 -0.3818      0.25049997  0.23779999  0.4852      0.0762     -0.15680001
  0.15890001  0.88659999  0.1394     -0.20449999  0.6275      0.34830001
 -0.4353     -0.77489997  1.19540003 -0.57089999  0.03749999  0.0069
 -0.66679999  0.32650001 -0.55839999  0.0812     -0.4362     -0.1287
  0.13929999 -0.26289999 -0.36199999 -0.137       0.78369999  0.72819998
 -0.3016     -0.1615     -0.1051     -0.3249      0.32319999  0.0314
  0.1628     -0.2612      0.4361      0.41150001 -0.2258      0.26910001
 -0.4637      0.8071     -1.21280002  0.15200002 -0.1759     -0.3424
  0.4124      0.4047     -0.3567      0.4694     -0.31809999  0.22209999
 -0.20490001  0.76249999 -0.1497     -0.68460002 -1.04609997  1.18789998
 -0.1566     -0.53369999  1.2037      1.1105     -0.98480002 -0.45880001
 -0.0231     -0.18630001 -0.42289999 -0.55509999  0.2075     -0.0867
 -1.3997      0.02079999 -1.02309998  0.1236      1.01990002 -0.31789998
  0.0116     -0.2626     -0.04809999  0.83760001  0.0803      0.53300001
 -0.51460001  0.56180001 -0.6632     -0.8336     -0.098       0.597
 -0.64460001  0.0476     -0.25019999  0.2588      0.61650002  0.03720002
  0.06509999  1.03769997  0.137       0.34060003  0.65019998 -0.3236
  1.32469999 -0.05479999  0.59780001 -0.2608     -0.1991     -0.25679997
  0.1675     -0.39389999  0.12159999  0.9206      1.45260001 -0.2695
 -0.6744     -0.0488      0.6738     -0.31710002  0.34899999  0.2129
  0.203      -0.51330001  0.43819999  0.10369999 -0.3763      0.06500001
 -0.46230001  0.0452      0.42420001 -0.52050001 -0.1778      0.67539999
 -0.6709      0.2449      0.0306      0.2451     -0.5093     -0.1007
  0.0581     -0.3898     -0.1791      0.2159      0.3224      0.5153
 -0.66909999  0.449      -0.1738      0.05509999  0.255      -0.35630001
  0.89369996  0.3212      1.15810001  0.3438      0.8942      0.60299999
  0.30149999  0.2698     -0.83819999 -0.32340001  0.36559999  0.0405
  0.03149999  0.661       0.30690001 -0.0697      0.6374      0.4879
 -0.15990001 -0.73850001 -1.07580002  0.35249999  0.78949999 -0.38599999
 -0.4735     -3.49019998 -0.37530001  0.00749999  0.20069999 -0.3962
  0.0071     -0.6261     -0.02869999 -0.63400001  0.0441     -0.39900001
  0.59870001  0.30080001 -0.2261      0.5669     -0.0792      0.28000001
  0.61249999 -0.11980001 -1.7536      0.5331      0.43170001  0.96440002
 -0.85330002  0.04519999  0.5589     -1.2752      0.3953     -0.6814
 -0.0267     -0.1665      0.3913     -1.37289995  0.3004     -1.10759999
  0.37220001 -0.8851     -0.19749999  1.42470001 -0.4722     -0.6023
 -0.77859998  0.03399999 -0.01170001  0.3341      0.16599999 -0.77040001
  0.2625     -1.21519996  0.0992      0.50570001  0.35710001  0.1899
 -0.66080001 -0.4132      0.48689999 -0.4647     -0.44499999 -0.51179999
  0.0406      0.1265      0.1855     -0.56120001  0.37019999  0.5882
  0.98730001 -0.7627      0.10250001 -0.1491     -0.2104     -0.1686
 -0.5178      0.0041      0.2849      0.23559999 -0.4788      1.5103
 -0.4673     -0.54599999 -0.23479999  0.3419      0.12579999  1.12999997]"
