aspect,aspect_vecs,cluster_main_vecs
露天風呂,"[-0.0491 -0.0462  0.1259  0.0053 -0.0022  0.0285  0.1158 -0.0507 -0.0469
  0.034   0.0693  0.0545 -0.0937 -0.0586 -0.1007  0.0531 -0.0911 -0.0872
 -0.1413 -0.0945 -0.0425  0.0867 -0.1099 -0.015   0.0632  0.0354  0.0278
  0.0446  0.0295 -0.0146  0.0966 -0.0028 -0.0469 -0.0277  0.0298  0.1045
  0.1416  0.0811  0.0816  0.0412 -0.0633 -0.0018  0.0309  0.1535 -0.0664
 -0.1034 -0.1469 -0.0832 -0.0803 -0.0225  0.1164 -0.1365 -0.0772  0.0472
  0.0589 -0.0747  0.0042 -0.0112  0.0659  0.0539  0.0515 -0.0927  0.0175
  0.008  -0.0424  0.0799 -0.0577  0.0494 -0.1759  0.1654  0.1233  0.0208
  0.0141 -0.0187  0.0818 -0.0459 -0.02   -0.0433 -0.0343 -0.0192  0.0081
  0.0566  0.0232  0.0782  0.0207 -0.0062 -0.034  -0.0157 -0.0324  0.04
 -0.0624  0.1181  0.0458  0.0394  0.0246 -0.0841 -0.1001 -0.0652 -0.1028
 -0.0035  0.0276  0.0972  0.0207 -0.0801  0.0563  0.1299  0.0326  0.0064
 -0.064   0.0702 -0.0769 -0.0342 -0.0444  0.0232  0.0686  0.1999 -0.0499
  0.0751  0.0947  0.0028  0.0368  0.0399  0.041  -0.0736  0.0297 -0.1742
  0.1279 -0.006  -0.0186  0.0912 -0.0241  0.0729 -0.0243  0.0399 -0.0248
  0.1663  0.0511 -0.0116  0.0698 -0.0335 -0.013   0.0526  0.0512 -0.0805
  0.0361 -0.0132 -0.0708 -0.1081  0.0695  0.0091  0.1412  0.0563  0.0007
 -0.0166  0.1462 -0.0929 -0.0991  0.0353  0.0406 -0.0392  0.0818 -0.0541
 -0.2283  0.0271  0.1587 -0.0027 -0.0934  0.0584  0.0401 -0.0757  0.019
 -0.0256 -0.1289 -0.0163  0.0005 -0.0328 -0.0181  0.1052  0.1082  0.0437
 -0.0054  0.0354 -0.0441 -0.0666 -0.0865 -0.1092  0.029   0.0469  0.0658
  0.0579  0.0825  0.0503  0.091   0.0611 -0.0587 -0.0239  0.0352 -0.0661
  0.1053  0.0147 -0.0388 -0.068  -0.0918 -0.0295 -0.0828 -0.0723 -0.0393
 -0.1172 -0.0094 -0.1328 -0.0432  0.0386  0.06    0.0771  0.0557 -0.1461
 -0.0098 -0.3774  0.0892 -0.0511 -0.0271 -0.04   -0.0476  0.0776  0.0351
  0.0641 -0.1388 -0.0229  0.1065  0.0004  0.0602 -0.0127 -0.1376 -0.0021
  0.0274 -0.0604 -0.1408  0.0874  0.0545 -0.1225 -0.0361 -0.0019  0.1522
 -0.1188  0.0529 -0.0452 -0.0967  0.0656  0.0093 -0.0679 -0.0833 -0.0706
  0.0331  0.0256  0.0287  0.0239  0.0305 -0.0277  0.0159 -0.1009 -0.015
 -0.0234 -0.0656  0.0499  0.0059 -0.06    0.0968  0.0325 -0.066   0.0353
  0.0098 -0.0018 -0.0524  0.0248 -0.0757 -0.0155 -0.0119  0.0938  0.0274
 -0.0588 -0.0662  0.0861 -0.0637 -0.0129  0.0848 -0.0645 -0.0128 -0.0156
  0.0408 -0.0877 -0.0669 -0.0533  0.0146  0.0226 -0.1527 -0.0868  0.0731
 -0.0233 -0.0124 -0.0391]","[-0.12965     0.00306667  0.14296667  0.02926667  0.0121      0.08006667
  0.08236667 -0.04385    -0.04765     0.0539      0.08066667  0.114
 -0.13106667  0.02206667 -0.11226667 -0.06351666 -0.02463333 -0.12246667
 -0.13663333 -0.06375    -0.06665     0.085      -0.10941666  0.03521667
  0.00396667  0.07531667 -0.03851667  0.11526667  0.02825     0.0464
  0.01901667  0.05145    -0.01345    -0.02336667  0.08415     0.03711667
  0.06478333  0.0227      0.03146667  0.00326667 -0.09335     0.01105
  0.05253333  0.25268333 -0.09198333 -0.07736667 -0.08768333 -0.0837
 -0.03113333  0.01166667  0.00995    -0.1026     -0.05888334  0.07323333
 -0.00535    -0.07623333  0.05185     0.01151667  0.05281667  0.04438333
  0.05985    -0.07196667 -0.08245    -0.01808333 -0.02591667  0.03776667
 -0.05266667 -0.03788333 -0.06206667  0.10836667  0.0644      0.0044
 -0.02013333 -0.02308333  0.0238     -0.04926667 -0.04616667  0.02726667
 -0.0209     -0.03216667 -0.018       0.11231667 -0.00665     0.04726667
 -0.1131     -0.01116667  0.05388333 -0.07476667  0.02726667  0.02683333
 -0.07865     0.07248334  0.04863333  0.04658333 -0.01045    -0.15593333
 -0.11051667 -0.10543333 -0.07101667 -0.03143333  0.0904      0.12251667
 -0.03688333 -0.07068333  0.08978333  0.13583333  0.04591667  0.02513333
  0.01725     0.04646667 -0.0421     -0.0245     -0.00853333  0.00711667
  0.04453333  0.10286667  0.04288333  0.0661      0.02453334 -0.0231
  0.0737      0.06358333  0.04361667 -0.08211667  0.02058333 -0.17
  0.03266667 -0.07993333 -0.0069      0.09491667 -0.05201667  0.1195
 -0.02053333 -0.05988333 -0.00271667  0.20616667  0.06788333 -0.01845
  0.05886667  0.03318333  0.00903333  0.11373333  0.12455    -0.09763333
  0.03261667 -0.02283333 -0.04418333 -0.09798333  0.02985    -0.00623333
  0.13475     0.05341667 -0.01151667  0.01986667  0.1311     -0.0944
 -0.04913333  0.08948333  0.06971667 -0.00976667  0.06876667 -0.01568333
 -0.26643334  0.0087      0.17325     0.04946667 -0.1087      0.07668333
  0.01705    -0.08575    -0.03948333  0.0229     -0.08751667 -0.0364
 -0.04013333 -0.07175    -0.00833333  0.06908333  0.12396667  0.07726667
  0.0135      0.10646667 -0.03743333 -0.08126667 -0.03848333 -0.11653333
  0.05893333  0.06966667  0.054       0.06476667  0.12143334  0.07755
  0.03273333  0.081       0.02223333 -0.03023333  0.0602     -0.12231666
  0.11393333 -0.005      -0.06478333 -0.04923333 -0.05415    -0.02795
 -0.11741667 -0.07583333 -0.06785    -0.01651667 -0.00073333 -0.09436667
 -0.02923333  0.04873333 -0.00703333  0.09913333  0.04603333 -0.10855
  0.03251667 -0.52388334  0.0875     -0.08251667  0.01236667  0.00425
 -0.05133333 -0.00463333  0.08283334  0.1303     -0.11803333  0.01445
  0.12041667  0.03545     0.06111667  0.00785    -0.17416667  0.0383
  0.00633333 -0.04223333 -0.1805      0.07193333  0.091      -0.14598333
 -0.0232      0.02306667  0.16415    -0.12905     0.06833333 -0.0934
 -0.14446667  0.03128333 -0.00956667 -0.03816667 -0.04618333 -0.11528333
  0.01921667  0.06496667  0.0145      0.00293333 -0.03148333 -0.02681667
 -0.00978333 -0.05785     0.01543333 -0.07985    -0.02126667  0.02731667
 -0.04313333 -0.05413333  0.06983333  0.00841667 -0.0729     -0.02573333
  0.06113333 -0.04693333 -0.12393333  0.04206667 -0.00171667 -0.02175
 -0.06541667  0.14213333  0.02918333 -0.1188     -0.01083333  0.05453333
 -0.11176667  0.01096667  0.04906667 -0.01681667  0.01843333 -0.01853333
  0.01106667 -0.06928333 -0.04701667 -0.1049     -0.06185     0.08135
 -0.0914     -0.07146667  0.00716667 -0.01956667  0.02283333  0.0133    ]"
すずらん,"[ 2.650e-02  1.930e-02  4.650e-02  7.400e-03  1.005e-01  6.080e-02
  3.190e-02 -1.238e-01  2.030e-02  8.600e-02  4.500e-03  1.289e-01
  2.200e-03 -1.490e-02 -3.200e-02  1.000e-03 -1.000e-04  1.096e-01
 -1.300e-01 -1.350e-02 -3.300e-02 -3.930e-02 -1.376e-01 -2.940e-02
 -7.260e-02 -4.930e-02 -1.410e-02 -5.030e-02  5.420e-02 -8.050e-02
  1.540e-01 -3.180e-02 -2.880e-02  9.270e-02 -3.000e-02 -4.400e-02
 -6.570e-02 -1.670e-02  1.543e-01 -8.700e-03  5.860e-02 -7.580e-02
 -1.017e-01 -1.608e-01  1.211e-01 -3.160e-02  9.670e-02 -3.210e-02
 -1.000e-03 -3.520e-02 -9.900e-03  1.290e-02  9.480e-02  6.290e-02
 -3.230e-02  1.469e-01  8.770e-02 -2.170e-02  1.196e-01  4.400e-03
  7.960e-02 -5.300e-02 -2.400e-02  4.930e-02 -5.670e-02  2.450e-02
 -4.660e-02  3.600e-02 -9.460e-02  6.060e-02 -1.442e-01  5.690e-02
  1.494e-01 -7.900e-02  5.700e-03 -1.030e-02  9.700e-02  1.211e-01
  7.340e-02 -1.210e-02 -6.500e-02 -2.920e-02 -5.340e-02 -4.760e-02
  4.020e-02 -2.800e-03 -2.620e-02 -1.011e-01  1.198e-01  2.860e-02
 -4.910e-02  1.231e-01 -2.200e-03  3.180e-02 -5.700e-02  3.570e-02
 -8.800e-02 -1.169e-01 -1.380e-02  3.520e-02 -2.700e-02  3.950e-02
 -2.320e-02 -4.420e-02  1.810e-02  1.244e-01  7.610e-02  6.530e-02
 -9.350e-02 -3.860e-02 -8.750e-02 -6.610e-02 -2.090e-02  3.780e-02
  7.360e-02  2.120e-02 -1.870e-01  1.110e-02 -1.990e-02 -1.042e-01
 -7.890e-02  4.650e-02  3.860e-02  5.860e-02 -7.420e-02  2.050e-02
  3.640e-02  9.810e-02 -4.540e-02 -5.960e-02  7.430e-02 -3.960e-02
  4.530e-02 -1.340e-02  7.090e-02 -8.940e-02  8.400e-03  2.400e-02
  4.870e-02  2.540e-02 -1.065e-01  8.920e-02  6.420e-02 -6.040e-02
 -7.500e-03 -7.200e-03 -1.420e-02  7.100e-03 -5.500e-03 -5.410e-02
 -1.020e-02 -9.000e-04  2.980e-02 -7.660e-02  9.640e-02 -9.090e-02
  1.140e-02 -2.250e-02  2.740e-02 -5.220e-02 -6.290e-02 -1.020e-01
 -2.740e-02 -7.890e-02  5.240e-02  7.020e-02 -4.590e-02 -1.312e-01
  7.060e-02 -5.130e-02  4.970e-02 -4.940e-02 -1.240e-02  2.120e-02
 -6.290e-02 -4.680e-02  2.480e-02 -5.270e-02 -5.140e-02 -5.980e-02
  1.300e-02 -9.160e-02  6.220e-02 -1.117e-01 -3.690e-02 -5.180e-02
  2.870e-02  3.100e-03 -5.350e-02  4.190e-02  2.790e-02 -4.830e-02
 -5.340e-02  1.900e-03 -2.790e-02 -1.400e-03  1.000e-01 -2.490e-02
 -7.940e-02  4.300e-03  4.660e-02  1.574e-01 -3.580e-02  9.910e-02
 -8.310e-02  2.930e-02 -4.510e-02  1.700e-03 -9.750e-02  7.480e-02
  6.510e-02  3.070e-02  8.190e-02 -1.090e-02  2.092e-01 -5.290e-02
  1.310e-02 -2.959e-01 -3.250e-02  4.390e-02  2.080e-02  3.320e-02
  9.730e-02  3.600e-02  2.450e-02  4.560e-02 -1.870e-02 -5.780e-02
  3.900e-03  2.490e-02  5.100e-03 -2.870e-02 -6.320e-02  7.670e-02
 -9.200e-03 -3.590e-02 -1.252e-01  2.410e-02  7.140e-02  3.940e-02
 -1.460e-02  1.619e-01  1.367e-01 -1.135e-01 -2.000e-03 -7.600e-02
 -9.010e-02  7.300e-03 -8.900e-02 -2.580e-02  7.000e-03 -1.931e-01
  2.620e-02 -1.583e-01 -7.800e-03  1.050e-02  2.340e-02  2.820e-02
  2.710e-02 -1.750e-02 -6.930e-02 -3.900e-02  1.235e-01  8.540e-02
 -1.930e-02 -1.756e-01  2.520e-02  1.323e-01 -9.540e-02  5.100e-03
 -4.980e-02 -5.160e-02 -3.800e-03 -1.100e-02  1.200e-02 -2.330e-02
  5.880e-02  3.720e-02 -1.100e-02  1.530e-01 -9.300e-03  1.058e-01
 -6.060e-02  1.704e-01 -3.740e-02 -4.000e-03 -3.300e-02  1.200e-03
  3.860e-02 -2.190e-02  6.430e-02  5.760e-02 -1.254e-01  2.610e-02
 -7.590e-02 -3.600e-03 -5.440e-02 -9.340e-02  6.490e-02 -8.390e-02]","[-0.02815714  0.0366      0.04585714  0.01128571  0.04425714  0.01202857
  0.03275714  0.01418571  0.00512857  0.09497143  0.02857143  0.03514286
 -0.04515714  0.0178     -0.07852857  0.03438571  0.02702857  0.02868571
 -0.14878571 -0.0431      0.02252857 -0.02784286 -0.12941429 -0.0472
 -0.03491429  0.00081429  0.01132857  0.0333     -0.0366      0.04522857
  0.07648571  0.01811428 -0.0545      0.0027     -0.01661429 -0.05888571
  0.01712857 -0.03117143  0.06138571 -0.05938571  0.0213      0.02447143
  0.04372857  0.00821429  0.03591429 -0.03264286  0.0223     -0.0256
  0.0389     -0.0407      0.04887143 -0.06167143  0.0169      0.04145714
 -0.03648571 -0.02322857  0.00111429  0.02851429  0.06148571  0.02884286
 -0.01       -0.03415714  0.02021429  0.07247143  0.0233     -0.10312857
 -0.00302857  0.02512857 -0.024       0.0237      0.03614286 -0.0086
  0.03927143 -0.03684286  0.02704286 -0.09947143  0.0515      0.05818572
 -0.00568571  0.03912857 -0.04411428  0.04818571 -0.06061429 -0.0127
 -0.01845714  0.01317143 -0.00475714 -0.02127143  0.05877143  0.00678571
 -0.02534286  0.09251429  0.09552857 -0.02747143 -0.0038     -0.00457143
 -0.10547143 -0.06888571 -0.06871429 -0.01931429 -0.0144      0.0708
 -0.0467     -0.05712857  0.04545714  0.15971428  0.0376     -0.01462857
  0.02155714  0.01671429 -0.0722      0.04425714  0.00717143  0.06337143
  0.04031429  0.04725714 -0.09727143  0.01234286 -0.03931429 -0.0411
 -0.03312857 -0.00338571  0.02138572 -0.01184286 -0.06241429  0.00478572
  0.0165      0.05878572 -0.08124286  0.06787143  0.07122857  0.0047
  0.04668571 -0.03512857 -0.02424286 -0.0245     -0.03041429  0.00958571
  0.00535714  0.0103     -0.01418571  0.08138571  0.03072857 -0.07307143
  0.00504286  0.04264286  0.02868571 -0.0244     -0.01578571 -0.01051428
  0.03454286  0.07238571  0.04518572 -0.01245714  0.03775714 -0.10841429
 -0.0285     -0.03068571  0.03118571 -0.03501429 -0.06984286 -0.03274286
 -0.02902857 -0.12772857  0.06425714  0.03304286  0.01062857 -0.07952857
  0.0037      0.00304286  0.04032857  0.02422857 -0.00057143  0.00675714
 -0.054      -0.01534286  0.03378571 -0.06481429 -0.00924286 -0.04294286
 -0.00804286 -0.00484286  0.08812857 -0.02222857 -0.01774286  0.00624286
  0.03052857 -0.03594286 -0.01222857  0.00898571  0.01428571 -0.05451429
 -0.00868571  0.00135714  0.00337143  0.0131      0.04341429 -0.01
  0.02938571 -0.00132857  0.07151429  0.07881428 -0.05442857  0.03658571
 -0.07228571  0.02362857  0.01245714 -0.00797143 -0.04092857 -0.00425714
 -0.04255714  0.11121429  0.06148571  0.02554286  0.11774286 -0.04272857
 -0.03662857 -0.36667143 -0.02261429 -0.00327143  0.01092857  0.02171428
 -0.00511429  0.01851429  0.03781428  0.00654286 -0.00665714 -0.04291429
 -0.01264286  0.01938571  0.03714286 -0.00081429 -0.13954286  0.01977143
  0.00392857 -0.04681429 -0.14668572  0.01377143  0.04551429 -0.04187143
 -0.01565714  0.01515714  0.11758571 -0.1322     -0.03204286 -0.06775714
 -0.05094286  0.00344286 -0.04012857 -0.05172857  0.01925714 -0.20787143
  0.04401429 -0.08084286  0.02451428  0.00292857  0.01728571  0.06688571
  0.02817143 -0.06362857 -0.00187143 -0.04928571  0.02055714  0.03345714
 -0.0185     -0.10541429  0.08735714  0.07005714 -0.06337143 -0.04621428
 -0.05664286 -0.02985714  0.01504286  0.00968571  0.0053     -0.046
 -0.03527143  0.01867143 -0.03802857  0.06272857 -0.05468571 -0.0078
 -0.0311      0.02527143  0.02097143 -0.01672857 -0.0202     -0.05182857
 -0.0037     -0.03837143 -0.02324286  0.02811428 -0.10668571  0.01107143
 -0.02608571 -0.08247143 -0.0096     -0.08004286  0.02172857 -0.0437    ]"
トリートメント,"[-2.960e-02 -1.940e-02  3.400e-02 -1.240e-02  5.220e-02 -1.810e-02
  1.070e-02  7.000e-03 -9.800e-03  2.970e-02  2.180e-02  5.660e-02
 -2.800e-02 -2.850e-02 -2.320e-02 -6.750e-02  6.700e-03  2.500e-03
  1.660e-02 -1.000e-04  2.160e-02 -1.660e-02 -2.990e-02  9.200e-03
  1.630e-02  2.160e-02 -9.250e-02  6.510e-02 -5.060e-02  5.790e-02
 -7.600e-03  5.940e-02 -1.220e-02 -2.350e-02  1.890e-02  9.500e-03
  2.580e-02 -1.880e-02  2.030e-02  3.240e-02 -9.000e-03  7.610e-02
 -2.770e-02 -4.300e-03  5.700e-03 -1.390e-02  1.750e-02 -4.900e-03
 -3.560e-02  6.100e-03  5.150e-02 -3.120e-02  2.390e-02  3.150e-02
  7.400e-03  1.850e-02  2.000e-04  3.910e-02  4.800e-03  1.100e-02
 -6.610e-02 -2.040e-02  1.230e-02 -5.500e-02 -1.320e-02  5.660e-02
  2.470e-02 -2.050e-02 -4.100e-02  3.000e-03  3.410e-02  2.370e-02
 -5.550e-02 -2.200e-03  4.860e-02 -1.580e-02  9.300e-03 -2.020e-02
  1.010e-02  6.150e-02 -7.000e-02  3.040e-02 -2.580e-02 -1.620e-02
 -3.260e-02  2.980e-02  7.500e-02 -1.910e-02  2.630e-02  7.400e-03
 -1.500e-02  5.100e-03  4.860e-02 -3.840e-02  5.000e-02 -2.200e-03
 -3.480e-02  6.760e-02  4.020e-02 -1.150e-02 -7.100e-03  5.350e-02
 -4.010e-02 -3.710e-02 -2.700e-03  2.570e-02  3.200e-03 -3.850e-02
  4.300e-02  8.000e-04 -3.660e-02 -3.870e-02 -2.240e-02 -6.500e-03
 -8.600e-03  5.700e-02  1.090e-02 -2.530e-02 -6.000e-03 -1.440e-02
  7.470e-02  6.430e-02  3.800e-02 -1.870e-02  2.500e-02 -1.700e-03
  1.390e-02 -7.700e-03  1.750e-02  2.560e-02  2.160e-02  6.950e-02
 -2.200e-02  2.320e-02 -1.100e-03  1.144e-01  2.850e-02 -2.830e-02
  8.900e-03  1.230e-02  1.460e-02  1.165e-01 -2.760e-02  2.810e-02
 -1.780e-02  1.450e-02 -2.880e-02 -4.000e-03 -3.030e-02 -1.840e-02
  1.440e-02  1.720e-02 -3.670e-02  1.030e-02  7.830e-02 -9.600e-03
  2.970e-02  2.040e-02  3.350e-02  2.950e-02 -8.700e-03 -8.200e-03
 -1.060e-02 -6.880e-02  5.530e-02  2.030e-02  1.360e-02  1.540e-02
  4.870e-02  1.790e-02 -4.090e-02 -4.300e-03  2.000e-03 -1.710e-02
 -9.700e-03  2.050e-02 -2.920e-02 -1.610e-02 -3.950e-02  2.970e-02
  2.170e-02  1.640e-02  3.120e-02 -3.080e-02  2.630e-02 -3.350e-02
 -4.460e-02  1.410e-02 -1.030e-02 -2.200e-03  2.800e-02  6.550e-02
  7.760e-02  1.620e-02  3.470e-02  9.510e-02  6.700e-03 -2.690e-02
  3.650e-02  1.910e-02  4.500e-03 -1.700e-02 -8.770e-02 -4.020e-02
  1.630e-02 -1.660e-02 -2.990e-02  7.190e-02  4.290e-02 -1.060e-02
 -6.170e-02  4.410e-02  4.400e-03 -1.460e-02 -4.900e-03  1.970e-02
  1.050e-02 -1.747e-01  7.650e-02 -5.380e-02 -2.530e-02 -6.690e-02
  2.990e-02  1.340e-02 -4.000e-03  1.200e-02 -3.150e-02  1.550e-02
 -2.200e-03 -1.100e-02  2.380e-02 -5.100e-03 -5.940e-02  1.070e-02
  2.160e-02 -7.360e-02 -6.310e-02 -3.230e-02 -1.080e-02  1.500e-03
 -2.700e-03  8.500e-03  3.610e-02 -4.770e-02 -2.550e-02 -5.340e-02
  4.000e-03 -1.560e-02 -1.670e-02  1.690e-02 -3.280e-02 -7.470e-02
 -9.100e-03  9.600e-03  3.010e-02 -2.460e-02  1.590e-02  1.350e-02
 -4.180e-02  5.300e-02 -5.310e-02 -2.400e-03 -7.900e-02  4.830e-02
 -5.100e-02 -1.220e-02  6.200e-02  2.500e-03 -2.000e-04  7.200e-03
  4.710e-02  5.840e-02  2.090e-02  3.800e-03 -2.240e-02 -3.800e-03
 -4.020e-02  5.800e-02  0.000e+00  2.820e-02 -3.960e-02  4.900e-03
  1.830e-02  2.170e-02 -3.460e-02  6.930e-02  5.300e-03  2.070e-02
 -4.100e-03 -7.300e-03  2.000e-02 -2.410e-02 -2.890e-02 -2.100e-03
 -2.700e-02 -6.830e-02  2.820e-02 -4.100e-03  2.830e-02 -1.400e-03]","[-6.15208332e-02 -1.87625002e-02  9.53708328e-02  6.20000002e-03
  2.39291667e-02  4.61666658e-03  5.78750012e-03  1.77500039e-03
 -1.33291661e-02  3.13041663e-02  4.33250000e-02  2.57666666e-02
 -2.55708339e-02 -8.33327067e-06 -4.18708328e-02 -4.57499964e-03
 -1.03208332e-02 -8.25833317e-03 -3.44375000e-02 -6.61666696e-03
  7.47499986e-03 -8.32500020e-03 -4.32375004e-02 -3.09166658e-03
 -1.05875003e-02  6.79166652e-03  1.08666661e-02  4.41166665e-02
 -1.72458332e-02  1.76166667e-02  6.07500014e-03  2.42708331e-02
  1.65750002e-02 -7.93750042e-03  4.02666660e-02  1.75041671e-02
  7.25416641e-03  3.19166669e-03 -1.62083362e-03  1.55125004e-02
  2.65833385e-03  3.11249995e-02 -1.03958333e-02  6.20833462e-04
 -6.55000005e-03 -2.95249997e-02 -1.06833326e-02 -1.26583331e-02
 -1.44583334e-03  1.28666666e-02  1.71874998e-02 -1.03833334e-02
 -1.52541669e-02  1.17000001e-02  2.70833717e-04  1.18750002e-02
  9.21666652e-03  2.66083329e-02  5.19583326e-03  9.87500010e-03
 -2.48333314e-03 -3.75625000e-02 -1.38375000e-02 -9.60416694e-03
  4.56250003e-03  1.46166666e-02 -7.42499970e-03  3.37125002e-02
 -3.17874997e-02  2.35833332e-02  1.35625001e-02 -5.41669433e-05
 -2.07999999e-02  1.51541669e-02  6.44583331e-03 -4.61874994e-02
  1.93708330e-02 -7.85416655e-03 -1.59541665e-02  7.52500050e-03
 -3.67500005e-02  1.52041668e-02 -2.23000000e-02  6.41250019e-03
  1.42291668e-02  2.28249999e-02  2.37666670e-02  1.55749999e-02
 -4.04166666e-03  4.27541665e-02  9.39583339e-03  1.83750015e-03
 -7.95833389e-03  1.20541665e-02  3.41916662e-02 -2.42416673e-02
 -4.99666663e-02 -2.41541668e-02  2.27500034e-03 -3.85791664e-02
  1.50791665e-02  6.52875003e-02 -8.44583364e-03 -1.17499998e-02
  3.75083335e-02  6.52749997e-02  1.65416667e-02 -8.41666647e-03
  5.84583372e-03  5.25000049e-03 -3.57041669e-02 -7.54999969e-03
  1.11875000e-02 -1.59583330e-03  1.88500000e-02  1.20583341e-02
 -9.07916684e-03 -1.20708335e-02  9.80833319e-03  9.59166652e-03
  2.92916657e-03  1.07208330e-02  2.36999995e-02 -1.80208334e-02
  1.13291665e-02 -4.56749996e-02 -4.78750000e-03 -2.00166667e-02
  2.58416672e-02  2.80750001e-02  6.01249994e-03  2.16833331e-02
  2.00874998e-02 -9.49166700e-03 -4.90416663e-03  4.42708339e-02
  1.77625003e-02 -6.29166686e-03  1.02416668e-02  8.16666689e-03
 -1.20750003e-02  8.83583326e-02  2.77583335e-02 -6.10416690e-03
  3.73541665e-02 -1.24166663e-02  6.07083320e-03 -1.26625000e-02
 -2.49499999e-02 -2.15958334e-02 -8.49999962e-03  2.13166666e-02
 -1.78708331e-02  8.19583378e-03  6.50833326e-02 -1.98166670e-02
  1.29750002e-02  1.14249994e-02  2.03666669e-02  1.69958330e-02
  5.95833117e-04 -1.81791665e-02 -3.42875001e-02 -1.61333338e-02
  4.69541668e-02 -2.66666682e-03 -2.55999998e-02  5.82916681e-03
  1.86750003e-02 -4.72916624e-03  4.97083334e-03  1.89458334e-02
 -2.10000013e-03 -4.84166700e-03 -3.14541669e-02 -1.16125001e-02
 -1.14625000e-02 -6.44583337e-03  1.38874998e-02  1.84041670e-02
  5.24166636e-03  7.95833323e-03 -9.84166675e-03 -2.36666662e-02
 -1.93083334e-02 -6.57500010e-03 -8.27916646e-03  5.11583335e-02
 -7.64999997e-03 -1.11833335e-02 -2.95416677e-03  3.87374996e-02
  2.11666666e-02  2.18708335e-02  1.68708331e-02  8.41250023e-03
 -4.65416643e-03 -2.72666672e-02  3.07458332e-02  3.17083301e-03
 -1.98958331e-02  2.77083347e-03 -2.01750005e-02 -3.09458330e-02
 -1.47583333e-02 -1.62250003e-02 -1.47624997e-02  3.46000003e-02
  1.74291670e-02 -1.67875001e-02 -2.46833334e-02  2.32666668e-02
  4.53208333e-02 -3.54750005e-02  1.83666666e-02 -1.85833328e-03
 -4.67916682e-03 -2.30995834e-01  1.95416671e-03 -3.69416666e-02
 -4.26749999e-02 -3.24166655e-03 -7.89583364e-03 -1.40125000e-02
  1.57916666e-02  6.86250007e-03 -1.66666671e-02 -2.07499994e-03
 -5.62500034e-04 -9.42499992e-03  2.29833332e-02 -6.66666642e-03
 -9.94291652e-02 -2.68125001e-02  8.87083313e-03 -3.58583327e-02
 -9.49250004e-02  1.20958329e-02  1.51458334e-02  3.59166736e-03
  7.73749991e-03  1.29583362e-03  1.62875000e-02 -5.73583329e-02
 -1.17124996e-02 -6.50458335e-02 -3.23166668e-02 -3.37166670e-02
  2.06624999e-02 -5.29166633e-03 -2.16083335e-02 -8.45833329e-02
  2.46458329e-02  1.11541666e-02  3.79750004e-02 -2.46124999e-02
  4.16727077e-06  1.23500000e-02  1.71333336e-02  1.31374999e-02
 -2.31374997e-02 -2.55666672e-02 -2.29000003e-02  2.33166675e-02
 -1.80458332e-02  1.66250038e-03  6.70708335e-02 -6.12083295e-03
 -1.92541666e-02  1.82916661e-03  2.33083335e-02  2.18333389e-03
 -4.07916663e-03 -9.66250009e-03 -1.63499997e-02 -1.07333334e-02
 -9.62916643e-03  1.99249993e-02 -2.66416671e-02 -5.75833332e-03
  3.05666663e-02 -3.77916667e-03 -1.95666666e-02  2.38625001e-02
 -2.15000048e-03  2.52541672e-02 -5.58333355e-04 -1.12083340e-03
  1.09208332e-02 -1.40416647e-03  8.84583292e-03 -2.12125001e-02
 -1.25666668e-02  1.15291668e-02 -5.48333322e-03 -5.22458333e-02
 -1.24500002e-02 -2.81541668e-02 -4.36249954e-03 -2.57583331e-02]"
レストラン,"[ 0.0174 -0.0125  0.1009 -0.0121  0.0636  0.0297 -0.0022 -0.006  -0.0638
  0.0374  0.0164 -0.0032 -0.0485 -0.0336 -0.0664  0.0572  0.0024 -0.0105
 -0.048  -0.0484  0.0042 -0.0069 -0.032  -0.0843 -0.0074 -0.0552  0.0373
  0.0086 -0.0119  0.0196  0.0202  0.0111 -0.0184 -0.0491 -0.0479  0.0052
  0.0042  0.0386  0.0039 -0.073   0.0422  0.0172  0.054   0.0368 -0.0282
 -0.0599 -0.0521  0.0577  0.0548 -0.0073 -0.0538  0.0633  0.0162 -0.0142
  0.0617  0.0665  0.0522 -0.0282  0.0195  0.0538  0.0104 -0.0379 -0.035
  0.0293 -0.0535  0.0538 -0.0018 -0.0176 -0.019   0.0637  0.0075  0.0539
 -0.0333  0.0167  0.0095 -0.0554 -0.0234 -0.0053 -0.0609 -0.0327 -0.0444
  0.006   0.0163  0.0388  0.0201 -0.0385 -0.0219  0.0266  0.01   -0.0137
 -0.0102 -0.0374 -0.031  -0.0405  0.0674 -0.0709 -0.0465 -0.0291 -0.079
 -0.0074 -0.0366  0.0749  0.0066  0.0433  0.0462  0.056  -0.0343 -0.0137
 -0.0555  0.0453 -0.0605 -0.0227  0.0306 -0.0579  0.0648  0.0465 -0.0392
  0.0577  0.144   0.014   0.0443 -0.041   0.0422 -0.0007 -0.0314 -0.0979
 -0.0358 -0.0049 -0.0525  0.0333  0.0587 -0.054  -0.0114 -0.0064  0.0341
  0.1305  0.0646 -0.0235  0.0132 -0.0516 -0.0035  0.0357  0.0676 -0.0354
  0.0593  0.1063 -0.0239 -0.0521 -0.0328 -0.0704 -0.0218 -0.0258 -0.0101
 -0.0082  0.1072  0.0252  0.02    0.0345 -0.016  -0.0043  0.0073  0.0026
 -0.0198 -0.0096  0.0014 -0.0374 -0.1085 -0.1118  0.0518 -0.0442  0.0181
  0.006   0.0133 -0.055  -0.027  -0.0018 -0.0557 -0.0197  0.0048 -0.0348
 -0.0848 -0.0802 -0.0158  0.0016  0.0292  0.0281 -0.072   0.0301  0.0318
  0.0049 -0.01    0.0436  0.0866  0.0444  0.0322 -0.003   0.0344 -0.036
  0.0019  0.0447 -0.054   0.006  -0.0031 -0.0134 -0.0108  0.0174  0.1019
  0.072  -0.0405 -0.0229  0.0462  0.0062  0.0592 -0.0027  0.0517 -0.0643
  0.0435 -0.1808 -0.0088 -0.0214 -0.0288 -0.0183  0.0177  0.0227  0.0136
  0.0037 -0.0711 -0.0554  0.003  -0.0607  0.0139  0.0077 -0.0877  0.0161
 -0.079   0.0169 -0.1096  0.025   0.0142 -0.0309 -0.0038 -0.0389  0.0999
 -0.0943 -0.0276 -0.0464 -0.0387 -0.0131 -0.0439 -0.0609  0.0167 -0.0665
  0.0233 -0.0157  0.0106  0.0148 -0.0835  0.0196  0.042   0.0889 -0.0021
  0.0048 -0.0584  0.0047 -0.0456 -0.0372  0.0959 -0.0113 -0.0761 -0.0048
  0.0207 -0.0248 -0.0795  0.0369 -0.0269 -0.0513 -0.0058 -0.0463 -0.0189
  0.0378 -0.0164 -0.0117 -0.0335 -0.0266 -0.019  -0.025  -0.0052  0.0138
 -0.0199 -0.0323 -0.0373  0.0173 -0.0984  0.0166 -0.0835 -0.0103 -0.0507
 -0.0529 -0.0545 -0.0291]","[-7.52499962e-03 -9.90000041e-03  1.27850000e-01  7.72499992e-03
  9.83250029e-02  2.29749999e-02  4.36500004e-02  3.15000047e-03
 -1.09600000e-01  9.19499993e-02  3.54500008e-02 -2.21249991e-02
 -8.03249996e-02 -5.75749986e-02 -9.21499999e-02  9.45999995e-02
 -2.16000006e-02  3.76750007e-02 -7.18000010e-02 -4.92500095e-03
 -4.84749994e-02 -2.81750003e-02 -6.72750007e-02 -4.21749980e-02
  3.98000015e-02 -4.46499996e-02  7.15250019e-02  4.51000002e-02
  2.43749990e-02  5.09250010e-02  6.38000006e-02  2.30749997e-02
  3.24499998e-02  6.35000039e-03 -3.43249985e-02 -5.37499972e-03
  8.31500038e-02  2.16500005e-02 -4.45000012e-03 -6.61499987e-02
  1.12800002e-01 -1.15000005e-02  1.15000010e-02  5.93249998e-02
  5.22499927e-03 -9.92250005e-02 -1.57499990e-02  1.65749994e-02
  6.98000006e-02 -2.85499997e-02 -2.01250017e-02 -2.15500016e-02
  7.59999966e-03 -2.69999998e-02  7.02000004e-02  1.29824998e-01
  2.24999618e-04 -2.13999997e-02 -9.00000019e-03  4.63250012e-02
  2.24999618e-04 -5.60000003e-02 -1.37999995e-02  2.86250007e-02
 -5.27500082e-03  8.60500019e-02 -5.30249997e-02 -1.35000004e-02
 -2.94500003e-02  3.20749989e-02  9.70000005e-03  4.56750002e-02
 -7.03250002e-02  1.55000002e-02  2.41250007e-02 -1.17875000e-01
 -3.89499995e-02  1.32250001e-02 -1.08049998e-01 -2.44000000e-02
 -2.05999999e-02 -3.01749991e-02 -7.99999965e-03 -8.49999953e-04
  4.31499989e-02 -2.61249989e-02 -4.48999993e-02  9.16000009e-02
  3.97749995e-02 -3.47250001e-02  7.20000034e-03 -3.58999998e-02
 -5.24999807e-04 -5.70999994e-02  1.00475002e-01 -3.56750002e-02
 -6.44250000e-02 -1.80250008e-02 -5.67000018e-02  1.89249997e-02
 -4.23000014e-02  1.10775000e-01  1.99249997e-02  6.96749988e-02
 -2.25499999e-02  1.24175001e-01  6.35000097e-03 -3.36000000e-02
 -4.72000007e-02  1.31425001e-01 -5.27750007e-02 -3.12750004e-02
 -4.69999900e-03 -7.77250007e-02  8.64250001e-02  9.61750001e-02
 -7.79500008e-02  5.52250007e-02  1.14774997e-01 -7.44999945e-03
 -2.17999998e-02 -2.34250014e-02  7.84000000e-02 -5.45250008e-02
 -4.24999045e-04 -8.17250013e-02  6.25001267e-04  3.79249997e-02
 -4.47499990e-02  2.62000004e-02  6.68249996e-02 -3.65000049e-03
  3.46749998e-02  7.01500012e-02  6.81500011e-02  1.98075004e-01
  2.63749999e-02  1.73499994e-02 -1.45250000e-02 -2.36000009e-02
  2.62500043e-03  7.42500124e-03  1.07999998e-01 -2.13499996e-02
  8.42000013e-02  9.19999983e-02 -2.02250006e-02 -4.66499992e-02
  1.75499995e-02 -3.51249992e-02 -7.58000007e-02 -5.02250008e-02
  1.84750003e-02  2.87749995e-02  1.66124994e-01  8.81999983e-02
  4.73750012e-02  2.47249994e-02  1.64500005e-02 -2.60000024e-03
  1.82000006e-02 -3.16750004e-02 -8.61750003e-02  1.38999999e-02
  1.39750006e-02 -9.63000003e-02 -1.24350001e-01 -1.42324999e-01
  1.21000002e-01  1.84750017e-02  6.00749995e-02  6.15249998e-02
  1.50500000e-02 -3.82500002e-02  1.08999995e-02  5.37499995e-03
 -6.66249990e-02  3.61999986e-02  6.30000007e-03 -8.82500014e-03
 -3.39249982e-02 -7.97500005e-02 -1.80749999e-02  1.16000003e-02
 -1.35500003e-02 -1.85000002e-02 -7.50999986e-02  5.29250004e-02
  7.94750005e-02 -2.08000005e-02 -1.64999999e-02  1.37499953e-03
  1.31300001e-01  5.48000000e-02  6.81500002e-02 -1.28999997e-02
  3.27750007e-02 -6.91500008e-02  4.44000009e-02  1.10225001e-01
 -5.90000022e-03  2.61749993e-02  3.91249988e-02  7.55000068e-03
 -6.11750009e-02 -2.57249996e-02  7.84999977e-02  2.09749984e-02
  1.42500037e-03 -1.08749997e-02  6.06249999e-02  1.95250006e-02
  9.64249978e-02  1.02749998e-02  3.96250007e-02  1.11999991e-02
  2.06000004e-02 -3.11900001e-01 -3.37500032e-03 -2.35750008e-02
 -7.66749997e-02  9.24999965e-03  4.60749986e-02  6.33250009e-02
  1.37500002e-02  2.97499972e-03 -4.60249982e-02 -7.70500009e-02
  4.37500002e-03 -3.61749995e-02  3.28999995e-02 -1.72999999e-02
 -1.64799998e-01  2.98000006e-02 -4.47250023e-02  1.96750001e-02
 -1.92375001e-01  3.78500003e-02  8.82500020e-03 -4.93250005e-02
 -1.29750003e-02  2.34500007e-02  9.63499993e-02 -1.16125001e-01
  1.69750005e-02 -6.76249978e-02 -8.96749981e-02 -6.92500014e-03
 -2.59750008e-02 -2.45999992e-02 -4.46250006e-02 -9.29250000e-02
  6.01250003e-02 -2.48749999e-02  2.28750007e-02 -2.52500002e-02
 -7.81749992e-02  4.44999989e-03  1.50249996e-02  7.86250001e-02
  7.19999999e-03 -5.47250002e-02 -5.05750007e-02  3.58749998e-02
 -3.34999999e-02 -2.59499997e-02  1.41699996e-01 -3.36250009e-02
 -7.37499986e-02 -3.37249998e-02 -1.53250006e-02 -5.23750014e-02
 -1.09849998e-01  2.71999985e-02 -1.74500005e-02 -5.65500003e-02
 -2.32000002e-02 -6.92500018e-02 -5.79000011e-02  7.53499998e-02
 -1.01749999e-02  1.10999993e-02 -6.16500023e-02 -2.44750001e-02
  1.49499997e-02 -7.55249988e-02  3.14999999e-02  2.56250000e-02
  3.10499994e-02 -3.28000002e-02 -4.06750012e-02 -1.63750006e-02
 -7.51249972e-02  9.87499952e-03 -1.42725001e-01 -6.35750000e-02
 -2.01250012e-02 -5.40750012e-02 -2.86999998e-02 -7.14250017e-02]"
雰囲気,"[-6.230e-02  2.420e-02  3.532e-01 -3.000e-03  1.690e-02  7.220e-02
  2.349e-01 -3.580e-02 -1.630e-01  1.837e-01  1.401e-01  4.140e-02
 -8.170e-02 -1.499e-01 -9.740e-02  9.230e-02 -6.200e-03 -4.790e-02
 -4.930e-02 -1.250e-02 -6.840e-02 -1.650e-02  2.600e-02 -4.980e-02
 -3.280e-02 -9.320e-02  1.460e-01  4.130e-02 -3.400e-02  7.700e-02
 -7.720e-02 -3.740e-02 -1.910e-02  3.180e-02  6.720e-02 -4.590e-02
  2.360e-02 -1.330e-02 -7.060e-02  5.480e-02  1.166e-01  1.179e-01
  1.900e-03  5.110e-02 -3.530e-02 -1.448e-01  1.665e-01 -9.390e-02
 -6.800e-02  9.840e-02 -7.430e-02 -6.000e-02  1.400e-01 -5.850e-02
  2.690e-02  1.320e-02  3.330e-02 -9.200e-02 -5.890e-02  1.688e-01
  1.000e-04 -4.900e-03  9.800e-02  3.230e-02 -1.530e-02  1.079e-01
 -4.690e-02 -1.400e-03 -4.850e-02  1.558e-01  6.700e-03 -9.590e-02
 -5.760e-02  9.910e-02 -2.700e-03 -1.302e-01 -2.130e-02  7.730e-02
 -4.880e-02 -5.950e-02  3.180e-02  1.104e-01 -4.890e-02 -8.700e-02
 -2.200e-03  1.820e-02  2.330e-02  9.190e-02 -3.310e-02 -2.640e-02
 -1.660e-02  5.200e-03  1.030e-02  8.520e-02  8.430e-02  6.610e-02
  4.670e-02 -4.900e-02  3.080e-02  1.680e-02 -9.300e-02  2.196e-01
  4.910e-02 -5.040e-02  2.160e-02  7.800e-03 -3.250e-02 -1.800e-03
 -1.510e-02 -2.470e-02 -2.985e-01 -1.003e-01 -1.134e-01 -1.054e-01
  3.900e-02  8.080e-02  4.770e-02  4.980e-02  8.620e-02  1.900e-03
 -6.960e-02 -6.180e-02  9.050e-02 -4.730e-02  7.100e-02 -2.040e-02
 -8.330e-02 -7.200e-02  8.760e-02  5.000e-04  2.280e-02 -4.550e-02
  1.655e-01  3.170e-02  1.210e-02 -7.410e-02  9.360e-02 -3.310e-02
  1.057e-01  1.170e-02 -1.200e-03 -2.450e-02  1.149e-01 -3.380e-02
  2.220e-02 -1.246e-01 -1.408e-01 -3.180e-02  1.684e-01 -2.132e-01
 -2.820e-02  7.190e-02 -3.780e-02 -1.636e-01 -2.520e-02  1.047e-01
 -7.900e-03 -2.750e-02  4.760e-02 -2.440e-02 -1.269e-01 -8.580e-02
 -5.200e-03  1.080e-01  1.860e-01  1.370e-02  1.200e-03 -1.434e-01
 -1.260e-02  4.890e-02  7.870e-02  8.350e-02 -7.100e-03 -8.430e-02
  6.160e-02  2.920e-02 -3.280e-02 -6.300e-02  7.190e-02 -3.680e-02
  1.620e-02 -8.200e-02 -3.590e-02  1.667e-01  1.900e-03 -8.610e-02
 -3.810e-02  1.867e-01  1.860e-02 -7.190e-02  3.550e-02  4.220e-02
  1.863e-01  3.400e-03  4.000e-03  7.290e-02  4.500e-02 -3.790e-02
  6.540e-02  2.010e-02 -1.150e-02 -5.140e-02 -5.190e-02 -3.750e-02
 -4.450e-02 -1.050e-02  1.839e-01  1.166e-01  2.800e-02 -8.150e-02
  3.780e-02  2.083e-01 -1.200e-02 -1.703e-01  9.690e-02 -9.100e-03
  6.330e-02 -3.231e-01 -1.220e-02 -3.020e-02  1.540e-02  2.000e-02
 -1.058e-01 -5.710e-02  2.520e-02  8.100e-03  6.920e-02 -6.240e-02
  9.740e-02 -8.800e-03  7.860e-02  8.570e-02 -2.162e-01  6.370e-02
  1.690e-02 -2.600e-02 -2.562e-01 -9.580e-02  7.310e-02 -6.400e-02
  1.710e-02 -5.250e-02  5.200e-02 -1.170e-01  1.373e-01 -4.120e-02
 -1.503e-01  2.860e-02  2.380e-01 -3.576e-01  2.680e-02 -1.870e-01
  5.830e-02  1.400e-03  6.020e-02 -1.730e-02 -1.921e-01  7.070e-02
  5.090e-02 -2.450e-02 -1.116e-01 -1.424e-01 -1.700e-03  7.580e-02
 -2.910e-02 -1.976e-01  2.830e-02  8.100e-02 -2.110e-02 -4.180e-02
  1.733e-01  1.700e-02 -5.040e-02  8.000e-02  7.170e-02  7.400e-03
  1.132e-01 -7.540e-02 -4.100e-02  2.930e-02  1.946e-01  6.390e-02
  7.200e-02 -7.200e-03 -1.639e-01  4.260e-02 -4.740e-02 -6.140e-02
  5.630e-02  1.560e-01 -7.870e-02 -1.130e-02 -4.640e-02  1.416e-01
  6.070e-02  1.800e-02  7.520e-02  6.000e-04 -8.290e-02  5.700e-03]","[-5.89642863e-02 -3.39428574e-02  2.48357146e-01  1.43642857e-02
  3.28285713e-02 -1.18071431e-02  3.43214276e-02  2.53714289e-02
 -3.29999998e-02  8.34785717e-02  1.08028571e-01  4.18785712e-02
 -1.51000002e-02 -1.96857150e-02 -8.69714285e-02  1.04714282e-02
  3.29857147e-02 -1.80214284e-02 -3.59714285e-02  6.83571432e-03
 -1.11428578e-02 -2.52857139e-03 -1.18142852e-02 -7.21428553e-03
  5.65714296e-03 -1.60214284e-02 -4.57142899e-03  3.27071428e-02
 -4.14785723e-02 -1.88000000e-02 -2.54285808e-03  1.35571432e-02
 -5.28571428e-02  1.44999999e-02  3.28357141e-02  4.71285721e-02
  3.06142855e-02  9.89285681e-03 -2.40000013e-02  2.10071423e-02
 -1.33642855e-02  5.76357138e-02 -3.77857144e-02  9.93571357e-03
 -3.51785721e-02 -1.00400000e-01 -5.13785710e-02 -2.67857147e-02
  2.49928564e-02  3.41500001e-02 -4.10357148e-02 -1.06500003e-02
  3.72357147e-02  1.66499999e-02 -5.14285672e-03  2.37071431e-02
  2.43571430e-02  8.50000136e-04  1.07142851e-02  2.71428570e-02
  1.33571430e-02 -5.69714285e-02  8.67142841e-03  7.21428604e-03
 -5.39285710e-03  6.68428579e-02 -4.22714283e-02 -1.32857050e-03
 -1.16807144e-01  9.89214294e-02  4.57285715e-02 -1.38857141e-02
 -3.31857139e-02  2.45642869e-02  1.32857138e-02 -1.08849999e-01
  2.38071432e-02 -5.35714223e-03 -5.62499992e-02  5.26428499e-03
  8.54285740e-03  3.19928573e-02 -6.35857140e-02 -4.04857138e-02
 -1.48428581e-02  2.52428572e-02  3.87285719e-02  1.76928565e-02
 -1.67285712e-02  4.19785716e-02 -1.47928572e-02  1.39571435e-02
  8.12857138e-03  5.49214288e-02  3.58785715e-02  7.98571436e-03
 -5.21571419e-02  1.77071429e-02  4.00857137e-02 -1.19214282e-02
 -1.83857143e-02  1.39150001e-01 -1.39071429e-02 -8.79285680e-03
 -1.48928568e-02  8.64571432e-02  1.16285711e-02 -1.08071429e-02
  3.27571416e-02  1.15785713e-02 -1.55107144e-01  3.96571436e-02
  2.63428565e-02 -3.21500003e-02 -2.50785717e-02  5.98857131e-02
 -1.68642864e-02  4.48571419e-02  8.93214298e-02 -2.70714280e-02
 -4.95714284e-02 -2.62500002e-02  2.94214284e-02  2.25285711e-02
  1.52142797e-03 -7.95714297e-03 -5.26214293e-02  2.85357147e-02
  8.69785726e-02  3.38357139e-02  2.84428569e-02  5.00000015e-04
 -1.10785716e-02 -1.61428577e-02 -2.78571621e-04 -6.01071424e-02
  1.79857152e-02  1.37714291e-02  4.04428581e-02  3.04428568e-02
 -8.55000079e-03  2.80142852e-02  7.20928571e-02 -7.50714318e-03
  1.00978571e-01 -9.30714306e-03  7.89285761e-03 -6.07143289e-04
 -7.56428554e-03 -3.83357153e-02  3.04500010e-02  5.27142855e-02
  2.51999997e-02 -3.74999993e-02  6.45071423e-02 -1.98214295e-02
  3.31000000e-02  2.48642852e-02  2.21428195e-04  2.93214283e-02
 -3.84857144e-02 -3.87999994e-02 -7.50000012e-02  2.26142873e-02
  7.17142868e-02 -2.08785720e-02 -4.39999998e-02 -7.13071430e-02
  6.59285655e-03 -6.68500005e-02  3.81571424e-02  3.77071426e-02
 -1.78857146e-02  3.38071436e-02 -8.01428531e-03  1.93642859e-02
 -7.32857119e-03 -4.38857137e-02 -1.85713937e-04 -2.26357148e-02
 -1.12142840e-03 -5.42499998e-02 -1.76499996e-02  3.93571540e-03
  5.72857161e-03 -7.83571361e-03  2.76500000e-02  1.28864286e-01
  5.44285724e-03  1.32428562e-02 -1.99071429e-02  3.86285727e-02
  1.07864284e-01  2.77857132e-03  8.22142859e-02  1.05428567e-02
  1.92785716e-02  7.90714273e-03  2.57785715e-02  1.02999982e-02
 -4.44142860e-02  1.28571423e-03 -2.97214292e-02 -9.06428642e-03
 -1.97214286e-02 -2.63714294e-02  3.10857141e-02  8.93714290e-02
  5.88000000e-02 -3.64428574e-02 -1.22928570e-02  8.65142842e-02
  7.66857140e-02 -6.39357154e-02  7.67999984e-02 -1.16928568e-02
  2.88928567e-02 -3.50700001e-01 -1.55428571e-02 -4.18571434e-02
 -5.96857150e-02 -6.69285718e-03 -4.27285712e-02  4.80285729e-02
  2.63714289e-02  2.40499993e-02 -2.98571387e-03 -3.49642857e-02
  4.63714287e-02  2.81428480e-03  3.45857142e-02  1.42857113e-03
 -1.78907141e-01 -4.04071433e-02 -1.53642866e-02 -7.37785714e-02
 -1.82864284e-01  2.61642863e-02  4.80714295e-02 -7.37857140e-03
 -8.38571431e-03  2.97857214e-03 -3.69857144e-02 -1.43178572e-01
 -6.63571364e-03 -9.05357142e-02 -1.08692856e-01 -7.22642860e-02
  2.98642853e-02 -2.25607142e-01 -2.96571425e-02 -1.81449999e-01
  7.17571431e-02  4.43357145e-02  4.67714286e-02 -7.20714225e-03
 -4.08571422e-02  2.85714200e-04  2.73928576e-02  3.12928584e-02
 -1.41000001e-02 -8.10142861e-02 -2.10142857e-02 -1.16499992e-02
 -1.80714277e-02 -1.67071439e-02  1.35750001e-01  4.45214280e-02
 -2.08357146e-02 -1.19785719e-02  3.21857140e-02 -1.55785716e-02
 -4.87571432e-02  8.72142811e-03  2.82857147e-02 -3.09928568e-02
  3.04285728e-02 -1.00857141e-02 -8.52785722e-02  1.97857139e-03
  1.05635715e-01 -5.39285717e-02  1.42214279e-02  5.07928575e-02
 -6.42357137e-02  5.23714293e-02 -1.12142846e-02 -6.04285703e-03
  4.91428575e-02  1.31500003e-02 -5.16428612e-03 -1.84500001e-02
 -7.78428577e-02  4.81928576e-02  4.51785711e-02 -4.22357151e-02
  1.61857142e-02 -6.05428561e-02  1.20571442e-02 -7.54285707e-03]"
店員,"[-1.797e-01  1.710e-02  1.936e-01  9.430e-02 -4.990e-02  6.660e-02
  2.042e-01 -1.442e-01 -1.881e-01  2.000e-02  1.026e-01 -3.480e-02
 -5.545e-01 -2.246e-01 -4.424e-01  1.827e-01 -1.344e-01 -3.050e-01
 -2.149e-01 -1.298e-01  1.370e-01 -8.960e-02 -3.904e-01 -1.406e-01
 -2.500e-01 -1.136e-01  2.350e-02  1.879e-01 -3.859e-01  3.980e-02
  3.170e-02 -1.293e-01 -2.450e-02 -2.117e-01  2.648e-01 -4.940e-02
 -4.244e-01 -2.133e-01 -2.710e-02  2.568e-01  3.054e-01 -1.783e-01
 -1.150e-02 -3.680e-01 -2.640e-02 -1.024e-01 -1.442e-01 -3.200e-03
  1.721e-01 -1.621e-01 -3.638e-01  1.676e-01 -7.170e-02 -4.090e-02
 -1.011e-01 -2.290e-01 -3.040e-02  5.470e-02 -1.767e-01 -2.500e-01
 -4.890e-02 -4.415e-01 -3.160e-02 -1.910e-01 -9.860e-02  2.780e-02
 -4.447e-01  5.440e-02  3.700e-03 -1.262e-01 -9.530e-02  4.085e-01
 -3.285e-01  1.439e-01 -4.920e-02 -3.820e-02  1.100e-02 -8.400e-03
 -2.294e-01 -2.508e-01 -3.239e-01 -8.600e-03  1.360e-02 -6.200e-03
  1.929e-01  1.050e-02  3.780e-02  2.188e-01  1.952e-01  2.250e-01
  3.402e-01 -1.296e-01  1.598e-01  1.238e-01  2.847e-01 -2.221e-01
 -2.395e-01  1.975e-01 -4.746e-01 -2.774e-01 -1.415e-01  4.384e-01
  1.175e-01 -4.043e-01  3.322e-01  2.771e-01 -1.309e-01 -1.522e-01
 -2.266e-01  3.250e-02 -3.349e-01 -2.385e-01  1.042e-01 -2.840e-02
 -4.540e-02 -3.643e-01 -2.825e-01  6.130e-02  1.285e-01  3.534e-01
  6.200e-03  5.190e-02  7.000e-02  6.810e-02  2.509e-01 -2.550e-01
 -1.810e-02  1.040e-02 -2.829e-01 -1.207e-01  2.076e-01  1.776e-01
  2.381e-01  1.310e-01 -2.840e-02  2.154e-01  2.720e-01 -2.653e-01
 -1.294e-01  2.780e-02  1.432e-01  2.785e-01  4.998e-01 -5.960e-02
  5.282e-01  3.438e-01 -4.000e-02  2.200e-02 -1.431e-01 -1.225e-01
  4.640e-02 -1.456e-01  2.200e-02 -1.226e-01  1.649e-01  2.296e-01
 -2.827e-01  1.960e-01  8.600e-02  4.180e-02  2.490e-02  3.450e-02
 -1.290e-01  1.393e-01  5.110e-02 -4.140e-02  4.300e-02 -5.655e-01
  1.689e-01 -1.860e-01  5.250e-02 -4.030e-02  1.743e-01  3.300e-02
  3.054e-01  3.160e-02  1.459e-01  9.230e-02  3.267e-01 -9.580e-02
 -2.483e-01 -3.080e-02 -1.913e-01 -3.442e-01 -1.620e-02 -2.205e-01
  1.543e-01  1.118e-01  4.550e-02 -5.460e-02 -4.020e-02  2.200e-02
  1.028e-01 -1.483e-01  1.576e-01  1.744e-01 -6.070e-02 -1.532e-01
  3.800e-03  1.856e-01 -2.912e-01 -5.830e-02  1.700e-03 -2.492e-01
 -2.980e-02 -2.932e-01  1.569e-01 -2.882e-01 -1.204e-01  4.790e-02
  1.662e-01  6.930e-02 -7.720e-02 -2.144e-01 -9.460e-02 -1.572e-01
  1.187e-01 -7.723e-01 -1.612e-01  3.035e-01 -3.780e-02 -9.000e-03
  4.480e-02  4.630e-02  2.360e-02 -1.840e-01  1.890e-01  1.149e-01
 -1.420e-02  1.217e-01  1.398e-01 -5.140e-02 -3.982e-01  7.000e-04
  1.197e-01 -2.271e-01 -2.438e-01  2.170e-02  1.450e-02 -2.210e-02
  2.940e-02 -1.690e-02  3.140e-02 -3.332e-01 -7.300e-03 -4.264e-01
 -9.040e-02 -1.507e-01 -1.091e-01 -1.025e-01 -4.300e-02 -3.790e-01
 -2.899e-01  2.270e-02 -6.980e-02 -1.224e-01 -1.030e-02  6.800e-02
  2.711e-01  1.562e-01 -4.410e-02 -1.454e-01 -5.480e-02 -7.700e-02
  2.092e-01 -9.670e-02  2.455e-01  7.410e-02 -8.720e-02  0.000e+00
  4.050e-02  1.131e-01  1.288e-01 -4.320e-02  8.120e-02  2.280e-02
  7.860e-02 -8.000e-02  4.110e-02  2.721e-01 -7.660e-02  2.450e-02
  1.098e-01 -1.569e-01 -1.251e-01 -2.740e-01 -2.600e-03  5.170e-02
  3.463e-01 -3.844e-01 -9.950e-02 -5.340e-02 -5.413e-01 -1.441e-01
  6.140e-02 -8.400e-02 -2.148e-01 -3.680e-02  7.070e-02 -3.323e-01]","[-1.72333336e-01  5.31999990e-02  2.15533336e-01  1.19166665e-01
  2.68999996e-02 -1.77733329e-01  8.02999996e-02 -1.43566666e-01
 -1.84333329e-01  5.28333336e-02  1.04766666e-01 -5.35666657e-02
 -2.63766663e-01 -7.22666681e-02 -4.23766673e-01  1.88899996e-01
 -8.51999993e-02 -2.66833338e-01 -2.45933334e-01 -1.28000043e-02
  1.47833332e-01 -1.17666672e-02 -2.02766663e-01 -1.95100002e-01
 -1.03566666e-01  6.59000048e-02  1.37900001e-01  1.69933341e-01
 -3.55833322e-01  1.13000013e-02 -4.45333334e-02 -1.66166666e-01
  9.26666396e-03 -5.13666694e-02  2.80666669e-01 -1.38733337e-01
 -2.04533334e-01 -7.39000005e-02  6.41666638e-02  1.38866665e-01
  2.03500005e-01 -2.32499997e-01  1.08266667e-01 -1.54533337e-01
 -1.53800001e-01 -2.29866666e-01 -9.15666645e-02  4.89666668e-02
  1.39466666e-01  3.26000005e-02 -3.09666661e-01  1.02400001e-01
 -8.19333320e-02  1.78000008e-02 -2.29033331e-01 -1.29100000e-01
  8.38666645e-02 -1.78933334e-01 -1.52533329e-01 -2.42233336e-01
 -9.70000004e-02 -7.73333361e-02  1.97999999e-02 -1.50233335e-01
 -9.85999995e-02  1.43466668e-01 -3.59800001e-01 -1.12333338e-02
  8.02666647e-02 -2.53666677e-02  5.27000005e-02  2.61799994e-01
 -2.24266668e-01  1.34233336e-01 -1.07466665e-01 -7.91333330e-02
 -2.55333309e-02  8.00000073e-03 -2.26366664e-01 -1.96733337e-01
 -1.88633340e-01  1.47666646e-02 -2.76999998e-02  3.14000015e-02
  1.24366670e-01  9.42999997e-02  2.65666669e-02  1.00899994e-01
  1.93766663e-01  1.47333344e-02  1.44700003e-01 -1.12699999e-01
  1.50266661e-01  1.27233331e-01  2.71733334e-01 -2.39766672e-01
 -2.19966665e-01  7.80000021e-02 -3.69566659e-01 -6.87333290e-02
 -1.50999998e-01  4.18899993e-01  1.12566665e-01 -3.94533336e-01
  2.29399999e-01  3.53933334e-01 -8.62999993e-02  8.96666447e-03
 -2.75866667e-01  3.03333333e-02 -2.24533331e-01 -8.46666098e-03
  1.66699998e-01 -7.66666676e-03 -5.87333366e-02 -2.15266675e-01
 -6.70999984e-02  7.76333325e-02  1.71966667e-01  1.87266666e-01
  6.75333327e-02 -2.23333389e-03  3.92999997e-02  1.76666677e-03
  2.74199997e-01 -2.12333332e-01 -1.04333336e-02 -6.03000065e-02
 -2.00433339e-01 -1.52966671e-01  1.58133330e-01  1.64200000e-01
  1.52900003e-01 -3.20000077e-03  1.22699997e-01  2.02433328e-01
  2.46133337e-01 -1.58566669e-01 -1.29033332e-01  8.77666641e-02
  7.64999986e-02  2.21166665e-01  3.45366667e-01  8.40000001e-02
  3.90733326e-01  2.88433332e-01  3.77000012e-02  5.78333313e-02
 -1.37666663e-01  3.99998079e-04  6.92666639e-02 -3.42333342e-02
  1.79933329e-01  7.96666990e-03  1.79133331e-01  1.06266666e-01
  1.77333278e-02  1.64466668e-01 -5.25333335e-02 -1.32866669e-01
  3.83000001e-02 -1.12333344e-02 -1.49699996e-01  1.47766670e-01
  1.83333332e-02  4.72666671e-02 -7.36333306e-02 -4.87033347e-01
  1.68266662e-01 -1.82733340e-01  7.78000007e-02 -1.36000000e-01
  1.34433333e-01 -1.72800002e-01  1.51433340e-01 -1.35533332e-01
  7.16666381e-03  1.87366665e-01  1.18433336e-01  7.65999978e-02
 -2.47466671e-01  2.33666655e-02 -2.98333342e-02 -2.90866666e-01
  9.29999991e-02 -9.62666683e-02  8.23666677e-02  3.12999998e-02
 -1.03666663e-01 -3.02999988e-02  4.80666682e-02  1.04499997e-01
  1.39266665e-01 -8.59666709e-02  2.45266671e-01  4.95333349e-02
 -4.90000099e-03 -8.28666662e-02  9.30666709e-02  2.50499994e-01
 -1.65800006e-01 -1.87999991e-02  1.61166668e-01 -6.68666686e-02
 -1.26033334e-01 -1.96499993e-01  8.80000008e-02 -3.31666668e-02
  1.07333337e-01  4.40999990e-02  6.19999990e-02  5.50666669e-02
 -1.10800001e-01 -1.04899998e-01 -2.90533332e-01 -1.29966664e-01
  2.85433332e-01 -8.03066671e-01 -8.05333331e-02  3.28533332e-01
 -8.44000007e-02 -2.73333366e-03  2.20466663e-01  2.33666673e-02
  4.31666660e-02 -2.39599998e-01  1.47100002e-01  8.52000006e-02
 -5.96000024e-02  1.56833331e-01  7.04333348e-02  9.83333339e-03
 -3.85966669e-01  3.36667003e-03  1.32033333e-01 -2.22933332e-01
 -2.80133332e-01  3.23333337e-02 -2.16666609e-03 -8.23333797e-03
  1.64733334e-01 -5.58333322e-02  2.03333423e-03 -3.22899997e-01
 -5.45000019e-02 -3.64099999e-01 -1.28033337e-01 -2.25333373e-02
 -5.23333351e-02 -1.65066664e-01 -2.65666672e-02 -3.23233336e-01
 -4.39866662e-01  4.99666693e-02  4.58000023e-02  4.85333353e-02
  9.68666682e-02  7.38333371e-02  1.89466670e-01  1.94800004e-01
  1.05666655e-02 -2.70000348e-03  5.20666689e-02 -3.84666671e-02
 -1.95666688e-02 -9.63666681e-02  1.84166665e-01  2.03666662e-02
  8.05666645e-02  7.29999940e-03  8.45333338e-02  6.58666665e-02
  1.06200002e-01 -3.61666667e-02  8.41000015e-02 -3.85000004e-02
  1.26666650e-02  6.47000012e-02  1.54000012e-02  1.34900001e-01
 -8.19666671e-02 -3.39999975e-02  1.33866667e-01 -3.17666680e-02
  3.64333342e-02 -1.50833327e-01 -3.18666655e-02  1.76666665e-02
  1.20733336e-01 -2.31900004e-01 -1.72166670e-01 -1.15299998e-01
 -2.57033333e-01 -1.06266667e-01 -1.06999997e-01 -1.94700000e-01
 -2.19633336e-01  5.63333345e-02  9.43666672e-02 -2.27733331e-01]"
温度,"[-2.1800e-01  2.5460e-01  3.2830e-01  1.4300e-02 -3.7330e-01  1.9190e-01
  2.7560e-01  5.5500e-02  1.4350e-01  2.0280e-01  1.2000e-02 -3.3900e-02
  1.9600e-02 -1.4570e-01 -4.7020e-01 -4.2400e-02  2.0010e-01  1.9100e-01
 -2.4940e-01 -3.1060e-01 -1.5900e-02 -1.4030e-01 -2.0000e-03  2.2480e-01
  3.5400e-02 -2.9080e-01 -1.5490e-01  3.3070e-01 -1.1750e-01 -2.1010e-01
 -1.8560e-01 -1.5380e-01 -1.8250e-01 -3.3240e-01  1.8940e-01  3.0400e-02
 -5.3470e-01  3.5400e-02 -1.7060e-01  1.2650e-01 -4.3420e-01  4.2030e-01
 -2.4790e-01  2.2290e-01 -2.5420e-01  4.3000e-03 -1.0460e-01 -1.1190e-01
 -3.4670e-01 -2.1380e-01 -1.5960e-01 -8.0700e-02 -1.3290e-01 -2.7680e-01
 -5.7000e-02 -5.1400e-02 -2.6700e-01  4.2420e-01  9.2200e-02  2.9160e-01
  1.6300e-02  1.3560e-01  2.2400e-02  5.6510e-01 -1.1860e-01 -1.1960e-01
 -9.6100e-02 -2.2400e-01 -1.5850e-01  3.7330e-01  3.7600e-01 -2.2000e-01
 -1.0130e-01  2.4370e-01 -1.3250e-01  3.8000e-02 -2.5500e-02  3.4220e-01
  3.6200e-02  3.9040e-01  6.5600e-02  6.5600e-02 -3.0430e-01  1.0190e-01
  3.7600e-02  1.9320e-01  5.5500e-02 -3.4300e-02  1.1380e-01 -9.1000e-03
 -5.9100e-02  2.5170e-01 -4.4400e-02  2.0090e-01 -3.0230e-01 -4.1940e-01
  1.1030e-01 -2.0670e-01 -1.3790e-01  1.6130e-01 -1.8780e-01  8.0180e-01
  1.6620e-01  4.7500e-02  1.3010e-01  4.0500e-02 -2.3460e-01  1.1480e-01
  6.0410e-01 -1.1870e-01 -3.0100e-01 -2.0560e-01 -3.1210e-01  7.4000e-02
  2.3310e-01  1.4130e-01  1.9800e-01 -9.9200e-02  1.0200e-01  1.3130e-01
  1.3800e-01  2.4800e-01 -1.4970e-01 -1.9550e-01 -3.1100e-02 -1.4150e-01
 -3.6400e-02  2.9000e-02  7.8400e-02 -2.0080e-01 -1.2290e-01  2.5000e-02
  1.0240e-01  6.5100e-02 -4.0700e-02  2.1600e-01  4.7000e-03  1.2110e-01
  6.1300e-02 -3.7100e-02 -6.9600e-02  1.9700e-01  4.5860e-01 -5.7700e-02
 -6.1400e-02  1.9580e-01 -4.9870e-01 -6.6600e-02  2.4320e-01  2.1010e-01
  1.9930e-01 -4.2310e-01 -3.8350e-01  3.9990e-01  1.7750e-01  1.6790e-01
  6.0390e-01  1.5500e-02  1.7700e-01 -3.9900e-02  6.5900e-02 -3.6600e-01
 -4.9600e-01  4.9130e-01  9.3900e-02 -4.2200e-02 -4.7200e-02  4.9600e-02
  1.8970e-01  2.6000e-02 -1.3390e-01  4.8240e-01  2.1800e-02  6.0400e-02
  2.4200e-02  1.3600e-02  7.9000e-02  4.0420e-01  2.9580e-01  9.0000e-03
  1.0720e-01  1.0310e-01  1.2460e-01 -5.5600e-02  3.6600e-02 -1.2230e-01
  4.5700e-02  1.3810e-01 -1.8220e-01 -1.4990e-01 -6.8800e-02 -1.0510e-01
  3.2870e-01 -3.4620e-01 -2.4300e-02 -2.3130e-01  3.5400e-02 -3.1400e-01
 -1.3200e-01 -1.6300e-01 -1.3540e-01  1.5200e-01  1.5100e-02 -3.2450e-01
 -1.2830e-01 -5.5000e-02  3.3260e-01  1.2290e-01  1.9000e-03 -2.8020e-01
 -4.3000e-03  3.7790e-01 -1.4020e-01 -3.5200e-02  6.8500e-02  1.1980e-01
 -1.6960e-01 -1.0003e+00  1.1610e-01  6.0300e-02  3.8500e-02 -3.3990e-01
  2.6570e-01 -1.0300e-01  3.4010e-01 -3.7600e-02 -3.6900e-02 -6.1200e-02
  6.8800e-02 -1.8500e-02 -1.9370e-01 -2.5150e-01 -2.4430e-01  5.8200e-02
 -3.3060e-01 -6.0000e-04 -3.5340e-01  2.9010e-01 -8.0700e-02 -1.4700e-02
  8.0500e-02  8.4000e-03  8.4500e-02 -4.5930e-01  2.8080e-01 -5.0430e-01
 -3.4600e-02 -2.4120e-01 -1.2130e-01 -6.0200e-01 -7.1900e-02 -5.0310e-01
  2.6100e-02 -7.4400e-02 -2.4000e-03  1.6130e-01 -2.3700e-02 -1.9980e-01
 -2.1780e-01  1.2070e-01 -1.1450e-01 -6.1300e-02  2.5300e-01 -1.0260e-01
 -2.6740e-01  3.6500e-01  2.5450e-01  1.1510e-01 -1.1420e-01 -5.5200e-02
 -2.2200e-02  4.8800e-02 -1.7570e-01  3.9020e-01  4.7200e-02  2.0670e-01
 -6.1990e-01  2.5760e-01  2.4150e-01 -1.7150e-01  1.9290e-01 -1.6230e-01
  1.2440e-01 -3.0290e-01 -4.4800e-02 -1.7680e-01 -1.2000e-03 -8.1500e-02
 -2.0000e-03  4.5400e-02  1.4080e-01 -3.8300e-02 -2.8170e-01  1.4860e-01
  3.4720e-01 -2.2600e-02 -5.6000e-03  3.7780e-01 -1.2270e-01  2.4720e-01]","[-0.11978     0.10626     0.69652     0.15882    -0.1809      0.0175
  0.28405999 -0.32334    -0.03256     0.00626     0.14606     0.01888
 -0.08542    -0.14634    -0.66786     0.21506    -0.0468      0.04348
 -0.20218     0.11901999 -0.08464     0.07852     0.02492     0.16656001
 -0.05276    -0.12658    -0.14662     0.30046    -0.28464    -0.16402
 -0.12146    -0.14828    -0.01686    -0.08872     0.25714001 -0.10554
 -0.32807999  0.06644     0.17492     0.06998    -0.29618     0.1784
 -0.01626     0.1788      0.0685      0.28118    -0.31001999  0.07166
 -0.47912001  0.00382001 -0.0737      0.07432    -0.18534     0.04606
 -0.16868    -0.15628     0.06876     0.1555      0.19852     0.11201999
  0.07548     0.00721999 -0.10972     0.37604001 -0.09836     0.06806
 -0.03872    -0.07892    -0.27302     0.12279999  0.31803999  0.02510001
 -0.0866      0.06172    -0.05202    -0.3132      0.06996     0.12736
 -0.09326     0.1359      0.05568     0.04804    -0.35626    -0.01152
  0.03082     0.25660001  0.1397     -0.01216    -0.06936001  0.08692
  0.0661      0.1801      0.04194     0.15100001 -0.14734    -0.29156
 -0.26526     0.07708    -0.0423      0.01482    -0.19776     0.78618002
  0.12462     0.00527999  0.15024     0.34528    -0.25826    -0.07296
  0.54749999  0.09126001 -0.44984001 -0.0514     -0.09762    -0.05732
  0.19516     0.22698    -0.00896     0.08249999  0.11776    -0.02998
  0.05416     0.1235      0.11044001 -0.06594     0.01203999 -0.11074
  0.03522     0.02586     0.10782    -0.10264    -0.16902     0.0758
  0.09868     0.01628    -0.16544    -0.13584    -0.02256     0.15124
  0.02312     0.00782    -0.16038     0.324       0.16528001  0.04242
  0.23921999  0.0938     -0.46968    -0.0233      0.1287      0.0684
  0.10186    -0.2386     -0.3108      0.27652     0.33636    -0.06428
  0.42692001  0.23858    -0.11554    -0.1392     -0.06692    -0.13689999
 -0.36802     0.10019999  0.14588     0.14484    -0.07018     0.0535
  0.10908001 -0.12054    -0.05644     0.1232     -0.02612     0.11342
  0.01384     0.052       0.19886     0.49082     0.1237      0.12446
  0.04594    -0.0682     -0.02497999  0.12196001  0.05204    -0.07066
  0.00846     0.23271999 -0.156      -0.2449      0.1156     -0.05956
  0.39004     0.06264    -0.09582     0.017       0.1729     -0.1875
 -0.03614    -0.09934    -0.03966     0.06202    -0.22732    -0.22014
 -0.10456    -0.18446    -0.03340001  0.30256    -0.0232     -0.3091
 -0.20448     0.06186    -0.28294     0.13414     0.40762     0.01616
 -0.05072    -1.43904001  0.09248     0.03012    -0.13567999 -0.1869
  0.22078    -0.2362      0.2467     -0.25602    -0.13616    -0.12828
  0.06622    -0.10918    -0.01362    -0.3021     -0.44917999 -0.26058
 -0.25484    -0.05174    -0.48524001  0.28194    -0.12764     0.083
  0.36174001  0.02112    -0.0764     -0.68844001  0.54954    -0.52129999
 -0.15009999 -0.1822     -0.10075999 -0.59458     0.12424    -0.62655999
 -0.08998    -0.01288     0.04174     0.37984     0.17254    -0.14726
 -0.15704     0.21246    -0.23974    -0.15368     0.10449999  0.04694001
 -0.08374     0.54582001  0.04946    -0.043      -0.00342    -0.16115999
  0.07876     0.01238    -0.04092     0.28243999  0.1027      0.22988
 -0.31231999  0.30086    -0.1031     -0.08558     0.20252    -0.03216
  0.04866    -0.09515999 -0.20446    -0.08744    -0.0094     -0.15562
 -0.04586    -0.09328     0.162      -0.14318    -0.59344     0.24049999
  0.17026    -0.2018     -0.06704     0.41887999 -0.15872     0.28814   ]"
食事,"[ 1.160e-02 -2.477e-01  4.370e-01  1.036e-01  4.678e-01  6.030e-02
  1.740e-02  1.428e-01 -7.900e-03  1.606e-01  1.671e-01 -1.129e-01
 -2.152e-01 -2.626e-01 -1.956e-01  1.532e-01 -1.049e-01 -1.770e-01
 -3.156e-01  6.930e-02  1.128e-01 -7.670e-02 -9.580e-02 -8.300e-03
 -1.512e-01 -7.080e-02 -9.050e-02 -2.830e-02 -4.290e-02 -2.340e-02
  6.000e-04  1.514e-01  5.590e-02  1.713e-01  6.190e-02  2.677e-01
  4.230e-02  8.890e-02 -4.150e-02 -1.049e-01  2.416e-01 -1.196e-01
  3.749e-01  4.430e-02  1.854e-01 -2.326e-01  1.102e-01  1.054e-01
 -1.228e-01  1.286e-01  5.080e-02 -4.300e-02  8.300e-03  3.490e-02
  3.913e-01  3.083e-01  1.056e-01  3.320e-02 -2.800e-03  7.220e-02
 -7.140e-02 -4.056e-01  8.990e-02  5.980e-02 -1.236e-01  2.828e-01
  8.650e-02  1.497e-01 -8.010e-02  3.095e-01 -1.042e-01 -1.519e-01
  2.466e-01  1.420e-01  1.658e-01 -1.657e-01 -6.650e-02  3.300e-02
 -1.878e-01 -2.352e-01  1.182e-01  1.719e-01 -6.620e-02 -1.680e-02
 -2.051e-01  4.500e-03 -1.319e-01  1.226e-01  4.310e-02  6.250e-02
 -6.570e-02  8.780e-02 -3.620e-02 -1.378e-01 -3.600e-03 -3.195e-01
 -1.788e-01 -2.630e-02 -1.519e-01  1.765e-01 -7.280e-02  4.629e-01
 -8.210e-02  2.683e-01  1.732e-01  3.266e-01  1.062e-01  1.191e-01
  6.660e-02  1.103e-01 -2.051e-01 -2.822e-01  4.450e-02  3.640e-02
 -1.021e-01 -1.100e-03  1.253e-01  4.606e-01  2.506e-01 -4.200e-02
  2.070e-02 -1.354e-01 -1.905e-01 -8.710e-02  1.460e-01 -1.409e-01
 -1.530e-01 -4.970e-02 -5.140e-02  2.017e-01  2.038e-01 -9.210e-02
  1.212e-01 -1.065e-01  2.457e-01  4.771e-01  1.273e-01 -6.690e-02
 -3.219e-01  3.500e-03  1.108e-01  3.938e-01  1.906e-01  1.080e-02
  3.170e-02  1.004e-01 -2.304e-01 -1.669e-01 -2.690e-02  1.175e-01
 -6.650e-02  1.000e-01  3.340e-02 -2.392e-01  4.183e-01  1.356e-01
  3.772e-01  2.612e-01 -5.400e-02 -1.353e-01 -4.320e-02 -8.620e-02
 -8.730e-02 -1.576e-01  8.650e-02  4.290e-02 -4.349e-01 -9.630e-02
  1.605e-01  4.670e-02  1.542e-01  3.950e-02 -1.150e-02 -2.528e-01
 -1.684e-01  3.530e-02 -8.240e-02  1.657e-01  6.600e-03  1.791e-01
  7.170e-02 -7.210e-02 -6.190e-02  3.301e-01  8.670e-02  8.290e-02
 -3.600e-01  1.215e-01  1.484e-01  5.000e-02 -1.628e-01  4.290e-02
  4.466e-01  2.012e-01  1.872e-01 -2.906e-01  3.930e-02 -2.710e-01
  3.510e-02 -3.050e-02 -3.300e-03  1.612e-01 -5.640e-02 -1.420e-02
 -1.204e-01 -1.936e-01  2.808e-01  2.680e-02  1.396e-01 -2.327e-01
  3.339e-01 -1.000e-02 -1.687e-01 -1.470e-02  6.750e-02  3.560e-02
  2.518e-01 -8.373e-01  9.950e-02 -4.051e-01 -5.200e-02 -1.635e-01
 -1.517e-01 -1.127e-01 -7.000e-04 -4.700e-02 -2.076e-01 -2.630e-02
  5.820e-02 -9.700e-02  1.021e-01 -1.368e-01 -5.822e-01 -7.990e-02
 -2.183e-01  7.490e-02 -3.797e-01  6.310e-02  4.420e-02  3.070e-02
 -1.340e-01 -8.390e-02  3.217e-01 -1.018e-01  1.170e-02 -2.613e-01
 -1.524e-01 -1.298e-01  1.005e-01  1.219e-01  1.632e-01 -3.137e-01
 -6.860e-02  1.725e-01  2.060e-02 -4.150e-02 -3.030e-02  2.270e-02
  4.320e-02  3.477e-01  1.099e-01 -1.146e-01 -2.975e-01 -1.668e-01
 -1.045e-01  2.167e-01  3.150e-02  1.326e-01  7.090e-02  3.100e-02
 -1.404e-01  3.850e-02 -1.026e-01  2.801e-01  6.320e-02 -2.070e-01
 -5.280e-02 -1.149e-01 -1.689e-01 -1.400e-02  3.580e-02 -1.626e-01
 -3.350e-02 -3.703e-01 -5.790e-02 -8.250e-02 -2.900e-02 -1.590e-02
  1.295e-01 -2.021e-01  1.211e-01  3.990e-02 -1.224e-01  2.124e-01
 -1.496e-01 -2.417e-01 -3.030e-02  1.515e-01 -4.800e-03 -3.570e-01]","[-4.45999997e-02 -1.11753848e-01  4.47161543e-01  2.04515386e-01
  1.88930768e-01  1.30984619e-01 -5.07923081e-02 -5.31769247e-02
 -9.54615343e-03  1.84223081e-01  1.75761540e-01  1.58153860e-02
 -1.58476924e-01 -1.22569232e-01 -1.83807693e-01  5.32923081e-02
 -1.26884615e-01 -3.15923086e-02 -2.87607695e-01 -6.19538470e-02
  3.78923096e-02  6.55846149e-02 -1.22261538e-01  6.46923010e-03
  2.15923065e-02 -6.94615295e-03  2.49846172e-02  1.23930769e-01
 -5.79230767e-02  1.15230760e-02  2.46923076e-02  7.86846147e-02
 -9.27692311e-03  1.12092304e-01 -2.35384438e-03  1.45130765e-01
  3.83307687e-02  1.10538449e-02 -5.09230613e-03 -7.09846144e-02
  1.27076925e-01 -7.32538454e-02  2.56800003e-01  4.50615378e-02
  1.41707691e-01 -2.26530772e-01  1.02684615e-01 -3.47000009e-02
 -4.54461548e-02  1.34500000e-01  4.62076929e-02  3.95076938e-02
 -3.57538457e-02 -2.53076932e-02  1.34830769e-01  1.64638461e-01
  6.40846160e-02 -1.19423079e-01  1.02123075e-01  1.04015387e-01
 -3.69076919e-02 -1.16038463e-01  3.25999995e-02  6.25384517e-03
  3.31230778e-02  7.36153838e-02  1.32076923e-02  5.61923068e-02
 -6.54769246e-02  6.46769243e-02 -7.58000010e-02 -7.59999877e-03
  1.08146157e-01  8.94692289e-02  8.76615391e-02 -2.01600002e-01
 -9.89230829e-03 -8.82923077e-02  5.09999775e-03 -1.57461536e-01
  9.51076916e-02  8.89846138e-02 -9.78999992e-02 -1.38846155e-02
  1.79692318e-02  8.56923255e-03 -4.58769221e-02  7.18999995e-02
  8.67076917e-02  9.93153857e-02  2.32692293e-02  2.64384618e-02
 -1.33261538e-01  2.30769089e-04  9.92615386e-02 -2.42630771e-01
 -1.77023078e-01  1.07691265e-04 -8.67769210e-02  2.24615314e-03
 -1.14538466e-02  4.40423079e-01 -6.70307696e-02  5.64692304e-02
  1.07900000e-01  2.91907689e-01  1.52115384e-01 -1.69461530e-02
 -1.75769207e-02 -1.74000009e-02 -1.93892308e-01 -2.67799998e-01
  6.05384614e-02  1.23307706e-02  2.96230780e-02  3.04230755e-02
  4.41153844e-02  1.73161537e-01  1.18230772e-01  5.79230813e-03
 -2.34923065e-02 -1.45976922e-01 -1.60769395e-03  2.77000004e-02
  2.53076909e-03 -9.80999999e-02 -6.25999995e-02 -1.79507692e-01
 -4.31538456e-02  6.52461533e-02  5.99615372e-02  3.77000006e-02
  1.39515383e-01 -6.61461554e-02  1.44161541e-01  2.91115388e-01
  7.43692293e-02 -6.92692312e-02 -1.27761540e-01  2.31615383e-02
  1.12276922e-01  2.56215380e-01  3.32769207e-02 -1.29538466e-02
  1.31899996e-01 -3.25384514e-03 -1.15792308e-01  5.73846149e-02
 -4.46692305e-02 -5.78461540e-02  6.44153849e-02  1.06615409e-02
  5.15769241e-02 -7.62076915e-02  2.35738459e-01 -1.32923050e-02
  1.09515384e-01  1.21838462e-01  1.17076906e-02 -4.04230759e-02
 -2.32615371e-02 -6.48692318e-02 -9.07692314e-02 -5.79076905e-02
  1.77538454e-02  8.32307600e-03 -2.63546156e-01 -3.24538468e-02
  3.57923077e-02 -1.04292309e-01  7.12384632e-02 -7.41538620e-03
  6.15384597e-02 -6.03846054e-03  2.63692290e-02  2.46538479e-02
 -5.33615394e-02  3.79846149e-02 -3.70769174e-03  7.52230772e-02
  3.81692305e-02 -3.65846152e-02 -1.13215386e-01  1.20415385e-01
 -5.69229946e-04  2.88846167e-02 -1.43746156e-01  1.29076921e-01
  5.35538437e-02 -4.76769242e-02 -2.39769229e-02 -1.84230759e-02
  3.07961536e-01  9.78076898e-02  1.33084616e-01 -5.32692318e-02
  2.68076929e-02 -1.08830770e-01  1.05407693e-01  3.90076915e-02
  5.31538481e-02  1.19100000e-01 -3.63692313e-02 -9.78615389e-02
 -5.04153839e-02 -2.05930770e-01  9.18153876e-02  1.84153828e-02
  3.90999982e-02  2.15153827e-02  1.58323078e-01 -1.44230758e-02
 -8.09230757e-02  1.77615395e-02 -5.00692307e-02  1.42230750e-02
  1.49146153e-01 -9.16269224e-01  9.82538474e-02 -1.40076922e-01
 -3.23692294e-02 -6.88307687e-02 -8.70846166e-02 -3.81230742e-02
  7.14769246e-02 -5.99230760e-02 -7.91538472e-02 -5.63153857e-02
  4.17230764e-02 -5.95307681e-02  5.50538461e-02 -1.15761539e-01
 -5.23184615e-01  7.86692302e-02 -1.49846159e-02  5.30767040e-04
 -4.60338465e-01  5.19000005e-02  3.90999982e-02  5.61307683e-02
  4.09692303e-02  1.79384635e-02  1.76692308e-01 -1.37823077e-01
 -1.47846150e-02 -2.82915385e-01 -1.42900001e-01 -5.42538467e-02
  3.06384608e-02 -5.23846184e-02  2.62076927e-02 -3.93184611e-01
 -5.32923057e-02  1.29769231e-01  7.75076920e-02 -1.79538464e-02
 -1.82846157e-02 -5.60846169e-02  1.87692390e-03  8.85307706e-02
  5.85384509e-03 -1.05438460e-01 -3.49692330e-02 -2.41923092e-02
 -9.85461545e-02  1.73223078e-01  7.72384634e-02  3.86384605e-02
  6.05769209e-02  9.82999990e-02  3.98461541e-02 -1.46715385e-01
 -2.13538474e-02  9.83307685e-02 -2.45307703e-02 -1.62092308e-01
 -1.20461533e-02 -3.33076955e-03 -4.92384600e-02  4.68230769e-02
  2.42992304e-01  2.33076934e-02 -1.02384628e-02 -2.17853846e-01
 -1.04884616e-01 -1.58184614e-01  2.71230773e-02  2.26846152e-02
 -2.19615384e-02 -5.18230751e-02  6.22307781e-03  9.08615373e-02
 -1.48653848e-01  1.73038463e-01 -2.39976923e-01 -1.53300001e-01
 -7.62076916e-02  1.44815384e-01 -1.85615392e-02 -1.96992306e-01]"
空間,"[-8.780e-02 -1.330e-02  3.334e-01  4.620e-02  1.723e-01 -2.380e-02
  8.830e-02  1.777e-01 -2.561e-01  2.964e-01  1.679e-01  8.770e-02
  3.390e-01 -1.803e-01 -1.893e-01  1.355e-01  2.420e-01 -3.800e-03
 -3.800e-03 -1.212e-01 -1.737e-01 -1.840e-02  2.100e-03  1.538e-01
  2.010e-02 -3.183e-01 -9.050e-02  6.830e-02  1.490e-02  7.560e-02
 -1.408e-01 -1.200e-03 -4.099e-01  4.970e-02  7.630e-02  5.300e-03
  1.953e-01 -7.070e-02 -2.397e-01  1.147e-01 -6.250e-02  1.864e-01
  1.250e-02  2.139e-01 -2.438e-01 -1.655e-01 -4.480e-02 -3.284e-01
 -8.960e-02 -1.716e-01 -2.624e-01  1.980e-01  3.180e-02 -7.870e-02
 -1.486e-01  3.258e-01  1.758e-01 -1.416e-01  2.010e-02  2.170e-02
  3.150e-02 -2.326e-01 -1.214e-01 -1.703e-01 -2.542e-01  1.401e-01
 -1.110e-02 -9.780e-02 -2.888e-01  1.716e-01 -1.396e-01 -2.820e-01
 -1.834e-01  7.043e-01  6.600e-03 -1.378e-01 -3.400e-03  3.148e-01
 -3.293e-01  1.786e-01  9.360e-02 -2.016e-01 -2.431e-01 -1.690e-02
  1.520e-02 -1.553e-01  6.840e-02  2.600e-01 -7.430e-02  1.131e-01
 -1.217e-01  1.030e-02 -6.560e-02  6.920e-02  4.010e-02 -4.183e-01
 -4.120e-02 -5.910e-02  2.718e-01  9.660e-02  1.557e-01  3.969e-01
 -2.343e-01 -3.110e-02 -1.001e-01  1.600e-03 -6.590e-02 -2.001e-01
 -1.220e-02  2.440e-02 -5.129e-01 -2.149e-01 -1.940e-02  3.790e-02
  2.827e-01  2.721e-01 -8.920e-02  2.250e-02  1.925e-01 -1.727e-01
  9.390e-02 -3.520e-02 -7.600e-03 -3.500e-03 -4.360e-02 -1.417e-01
 -6.120e-02  1.224e-01 -1.034e-01  4.131e-01 -1.625e-01 -1.274e-01
  1.984e-01 -8.230e-02  7.070e-02 -1.175e-01  1.843e-01  2.994e-01
  7.230e-02  9.820e-02  1.419e-01 -1.656e-01  5.600e-03 -2.170e-02
  3.639e-01  1.534e-01  1.439e-01  1.004e-01 -1.037e-01  1.150e-02
  4.450e-02  7.950e-02 -1.741e-01 -1.309e-01  3.417e-01  1.294e-01
  2.623e-01 -2.890e-02  1.991e-01 -1.437e-01  1.232e-01 -3.406e-01
 -1.754e-01  1.934e-01  4.393e-01 -1.850e-02  1.493e-01 -3.537e-01
  6.300e-02 -1.387e-01 -1.410e-02  3.340e-01 -2.843e-01  1.065e-01
 -8.900e-02 -1.154e-01  1.754e-01 -1.770e-02  8.960e-02 -6.270e-02
  1.719e-01  5.230e-02  5.530e-02  3.124e-01  8.330e-02 -4.399e-01
 -4.260e-02  5.150e-02 -1.770e-02 -1.429e-01  1.349e-01  3.062e-01
  3.051e-01  3.614e-01  6.300e-02  7.590e-02 -2.375e-01  1.771e-01
  2.675e-01  3.320e-02 -8.120e-02  2.091e-01 -1.039e-01  4.620e-02
  3.000e-04 -3.980e-02 -1.050e-01  6.650e-02 -1.227e-01  8.100e-03
  3.470e-02  3.269e-01  1.067e-01 -2.598e-01  1.809e-01 -3.320e-02
  5.720e-02 -7.703e-01 -3.500e-02 -1.056e-01  2.657e-01 -2.304e-01
 -5.920e-02  1.820e-02  5.800e-03 -1.311e-01 -2.582e-01 -1.060e-02
  2.836e-01  1.430e-01  6.800e-02 -4.220e-02 -2.825e-01  2.396e-01
  6.200e-03  1.027e-01 -4.527e-01  7.310e-02  4.700e-03 -1.020e-02
 -8.900e-03  7.310e-02  8.280e-02 -3.395e-01  9.500e-02 -1.323e-01
 -2.927e-01 -1.830e-02 -1.870e-02 -5.308e-01 -2.503e-01 -3.215e-01
 -7.050e-02  5.790e-02 -2.540e-02  4.784e-01 -3.124e-01 -1.290e-02
 -1.614e-01 -8.790e-02  2.535e-01 -1.774e-01 -1.200e-03 -1.181e-01
 -1.362e-01 -9.450e-02  7.000e-04  8.180e-02  2.923e-01 -6.870e-02
  9.000e-02  6.980e-02  1.171e-01  3.403e-01 -5.990e-02  4.574e-01
  3.956e-01 -1.590e-02 -1.283e-01 -3.210e-02 -6.460e-02 -1.736e-01
  3.910e-02  1.652e-01 -5.630e-02 -9.960e-02 -4.553e-01  2.210e-02
  6.130e-02  6.230e-02 -2.436e-01  2.008e-01 -1.900e-01  3.917e-01
  2.005e-01  3.084e-01  7.500e-02 -1.690e-02 -9.520e-02  4.670e-02]","[ 8.45333313e-02  3.97666674e-02  4.12066668e-01  8.26666641e-02
  9.32333320e-02  4.46999982e-02  1.52800001e-01  2.25999989e-02
 -1.01466666e-01  3.02100003e-01  1.61266665e-01  1.37166666e-01
  1.70499998e-01 -1.52866662e-01 -3.89699996e-01  4.86666672e-02
  4.57666665e-02  1.63266663e-01 -1.42466673e-01 -9.16333323e-02
 -1.25166672e-01  1.16399997e-01 -9.17333309e-02 -3.56666694e-02
 -1.48333323e-02 -2.64266675e-01 -1.45233328e-01 -6.49666637e-02
 -8.24333302e-02 -1.43999996e-02 -1.01800002e-01  4.01999993e-02
 -1.65266668e-01 -5.26666654e-02  6.16333410e-02  5.74333319e-02
 -2.36666948e-03 -8.42000015e-02 -8.29666679e-02  6.60333360e-02
  1.23333372e-03  1.38666664e-01  4.73999999e-02  5.56666652e-02
 -1.27133333e-01 -1.46233335e-01 -6.76000013e-02 -1.03233332e-01
 -8.32999994e-02 -1.02666666e-01 -1.30000015e-02 -2.01433336e-01
  1.28000001e-01 -8.57333342e-02 -5.43333218e-03  2.43199999e-01
  1.53466667e-01  8.80000244e-03  2.05333363e-02  7.23666692e-02
 -2.83000010e-02 -1.96133330e-01 -9.76666684e-02  3.09333305e-02
 -8.89333375e-02 -7.33333305e-02  1.01033333e-01 -1.97666685e-02
 -2.22433334e-01  2.55199994e-01  1.75000032e-02 -1.56900002e-01
 -3.21333359e-02  3.65933324e-01  1.07266667e-01 -1.19899993e-01
  3.57333353e-02  6.68999950e-02 -1.21266663e-01  8.42666676e-02
  3.23000004e-02  1.46333332e-01 -2.45733336e-01  1.28666678e-02
  6.84666686e-02 -1.17266669e-01  1.56866670e-01  9.56999958e-02
  5.58333335e-02 -7.43333325e-02 -1.81366662e-01  4.85999997e-02
  8.28666662e-02 -6.54666709e-02 -1.02033330e-01 -2.32233333e-01
 -3.42999995e-02  3.80333327e-02  9.67666705e-02  1.10333333e-01
 -2.27666646e-02  5.16899983e-01 -6.97000014e-02 -3.09999846e-03
 -6.72000020e-02  2.20299995e-01 -7.90000012e-02 -1.25366668e-01
 -2.61666657e-02 -3.90000020e-03 -3.39933331e-01 -1.23800000e-01
 -6.61666670e-02 -3.54999999e-02  1.02833334e-01  2.53766661e-01
 -2.82666658e-02  7.88333331e-02  1.66100000e-01 -7.67000020e-02
  1.31133335e-01  2.40000027e-03  1.84899999e-01 -1.53366670e-01
 -4.16333334e-02 -9.22666683e-02  5.02999996e-02  1.09866664e-01
 -7.04000005e-02  1.57566669e-01 -7.06999997e-02  5.33333669e-04
  1.61533338e-01 -1.18966669e-01  1.35633332e-01  9.33331748e-04
  2.45633331e-01  9.72000006e-02  6.90000008e-02  2.32766663e-01
  7.88000003e-02  2.06666676e-02  2.10333341e-02 -7.47333343e-02
  2.62233337e-01  7.21333342e-02  8.51333352e-02  9.20000002e-02
  4.44333362e-02 -4.37333342e-02 -6.13333285e-03  1.59433336e-01
 -1.92699999e-01 -3.77333313e-02  2.17700000e-01 -9.23333317e-02
  9.54666734e-02 -6.05666681e-02  1.21199999e-01 -2.73400009e-01
 -1.63999982e-02 -1.24466670e-01 -5.86666991e-03  2.23466662e-01
  3.34266664e-01 -5.96666584e-03  9.59333330e-02 -1.18833337e-01
  1.16900000e-01  3.62333357e-02  8.56333319e-02  1.79866667e-01
 -1.24000000e-01  5.18666680e-02  1.44033333e-01 -1.29899999e-01
  4.21666677e-02  3.84999992e-02 -6.09000002e-02  4.09333321e-02
  5.72000009e-02  4.84999997e-02  6.04000005e-02  7.85000051e-02
 -6.03333488e-03 -2.11233335e-01 -2.82666683e-02  6.16666672e-02
 -6.17333322e-02 -1.27900002e-01  2.09466671e-01  6.65666647e-02
  1.64133335e-01  1.75633334e-01  1.04500001e-01  5.90000162e-03
 -3.26333319e-02  7.21666676e-02  1.40666671e-01 -6.26666720e-03
  7.55999958e-02  7.78333309e-02 -1.20566669e-01  9.12666668e-02
 -1.35599997e-01 -1.17200001e-01 -1.09266666e-01 -1.29999965e-03
 -1.66600001e-01 -3.59999991e-02 -7.33333329e-02  5.65433323e-01
  5.32666693e-02 -1.78199991e-01  2.78999999e-01  3.12333343e-02
  4.65666664e-02 -7.78133313e-01 -5.89999966e-02 -1.42800005e-01
  7.22666681e-02 -1.68433331e-01  2.69333329e-02 -1.26133331e-01
  1.28000001e-02 -1.02266666e-01 -4.81333298e-02 -1.13033334e-01
  5.64333325e-02  2.36333330e-01 -1.51766663e-01 -1.29800002e-01
 -3.37166667e-01  5.14000015e-02  6.09999987e-02  1.21400000e-01
 -4.73300000e-01  1.71000014e-02  6.03333442e-03  4.56666729e-03
  3.80000019e-02  7.91999989e-02  1.50600000e-01 -3.13200002e-01
  1.74433331e-01 -2.50699997e-01 -2.20199997e-01  4.23000008e-02
  9.68000007e-02 -3.98499991e-01 -2.26666623e-02 -3.70966663e-01
 -7.04333335e-02 -5.87666656e-02  1.71100005e-01  2.54266659e-01
 -2.26133337e-01  9.59666651e-02 -8.19000018e-02  5.63333184e-03
  9.14333382e-02 -8.04666641e-02 -3.21333322e-02 -3.41333337e-02
 -2.42033328e-01 -1.04000000e-01 -3.61999983e-02  1.13766665e-01
  9.47666640e-02 -3.99333344e-02  1.31766667e-01 -1.25666683e-02
  1.88033332e-01  2.23466665e-01 -3.03333352e-02  2.96899996e-01
  1.81433330e-01  1.15066665e-01  9.60000108e-03  7.88000052e-02
  6.78000003e-02 -4.43666677e-02 -4.66667116e-04  1.07833328e-01
  8.97666688e-02  5.67000012e-02 -2.67900000e-01  4.21999997e-02
  2.99333328e-02  7.93333364e-02 -2.09133332e-01  5.39000009e-02
 -1.77666644e-02  1.70033332e-01  2.32166668e-01  5.36000021e-02
  3.00666690e-02  8.85000018e-02 -9.03333227e-03 -2.12633332e-01]"
館内,"[-2.620e-02 -2.924e-01  3.423e-01  9.790e-02  1.640e-01 -4.000e-04
 -1.000e-04  6.790e-02 -9.300e-02 -8.970e-02  8.800e-02  2.128e-01
 -2.590e-01 -1.233e-01 -4.410e-01 -2.179e-01 -1.565e-01 -3.812e-01
 -2.990e-01 -1.662e-01 -1.094e-01 -1.422e-01 -1.822e-01 -4.040e-02
 -2.051e-01 -1.441e-01  4.690e-02  2.658e-01 -1.517e-01  3.990e-02
 -5.420e-02 -3.909e-01 -1.887e-01 -3.331e-01 -8.600e-03  1.701e-01
 -7.060e-02  7.330e-02 -2.718e-01  2.109e-01  1.480e-02  5.350e-02
  5.210e-02 -3.090e-02 -2.115e-01 -7.310e-02 -2.080e-02 -6.050e-02
 -2.523e-01  3.860e-02  1.090e-02 -5.560e-02 -3.400e-02  6.040e-02
  1.203e-01  7.800e-03  3.165e-01 -4.080e-01  2.659e-01 -5.400e-03
  1.461e-01 -1.506e-01 -3.956e-01 -1.072e-01 -6.990e-02  1.367e-01
 -7.490e-02  3.444e-01 -3.127e-01  1.266e-01 -9.860e-02 -2.732e-01
  1.127e-01  3.033e-01 -2.280e-02 -5.680e-02 -2.918e-01 -1.388e-01
 -3.380e-02 -1.906e-01  1.189e-01 -5.550e-02  1.250e-02  3.740e-02
 -9.310e-02  1.401e-01  1.549e-01 -4.820e-02 -8.550e-02 -2.370e-02
 -1.195e-01 -9.870e-02  7.440e-02  4.020e-02  3.354e-01 -4.670e-01
 -3.996e-01 -1.480e-01  1.360e-02  5.200e-03  6.780e-02  7.340e-02
 -7.380e-02 -2.207e-01  2.607e-01  6.322e-01 -5.640e-02 -1.821e-01
  2.650e-02 -1.395e-01  1.480e-02  1.790e-02  1.717e-01 -7.590e-02
  1.799e-01  1.014e-01 -5.810e-02  6.199e-01  2.125e-01 -2.534e-01
 -2.470e-02  2.524e-01  1.685e-01 -2.707e-01 -2.140e-02 -4.880e-02
 -4.770e-02  5.000e-03  7.350e-02 -6.400e-02  5.710e-02 -3.840e-02
 -1.540e-01 -9.720e-02  1.248e-01  1.644e-01  1.633e-01  3.250e-02
  3.772e-01  2.167e-01  1.270e-01 -1.730e-02  3.832e-01  1.880e-02
  3.600e-01  3.075e-01 -1.136e-01 -1.863e-01 -1.989e-01 -1.570e-02
  2.218e-01  7.080e-02 -2.438e-01  1.217e-01  4.929e-01 -3.120e-01
  9.070e-02  3.130e-02  2.049e-01  2.500e-01 -5.770e-02  1.052e-01
 -3.746e-01  1.550e-02  6.979e-01  4.870e-02 -1.702e-01 -3.807e-01
 -1.337e-01 -4.200e-02 -1.262e-01  6.430e-02 -5.150e-02 -1.160e-01
 -2.071e-01  1.046e-01 -1.042e-01 -7.140e-02 -6.040e-02  9.380e-02
  6.510e-02  2.014e-01 -2.508e-01  4.079e-01  6.820e-02  1.700e-02
 -2.306e-01  2.241e-01 -1.102e-01 -1.248e-01  2.538e-01 -4.580e-02
  1.772e-01 -9.550e-02  9.600e-03  2.472e-01  5.000e-04 -9.500e-02
  1.167e-01  1.977e-01 -1.139e-01 -1.216e-01  4.170e-02 -2.931e-01
 -6.680e-02  1.250e-02  3.517e-01  2.094e-01  2.200e-03 -1.508e-01
  3.600e-03  2.244e-01  9.060e-02 -1.269e-01  4.670e-02 -2.008e-01
 -2.780e-02 -8.377e-01  8.790e-02  3.444e-01 -4.240e-02  7.420e-02
 -1.831e-01 -4.390e-02  1.213e-01 -1.078e-01 -1.233e-01 -3.720e-02
  2.846e-01 -1.439e-01  2.310e-01  7.250e-02 -1.586e-01  2.300e-02
  6.770e-02 -1.064e-01 -1.684e-01  2.590e-01  3.597e-01 -2.223e-01
 -4.500e-02 -3.176e-01  3.693e-01 -4.568e-01  1.063e-01 -3.500e-03
 -1.257e-01 -8.950e-02  2.720e-02 -2.908e-01 -8.510e-02 -2.397e-01
  6.800e-03  1.239e-01  4.730e-02  8.810e-02 -1.853e-01 -5.870e-02
  3.046e-01  8.480e-02 -1.370e-02 -1.641e-01  2.100e-02 -6.470e-02
 -1.100e-01 -6.380e-02  1.453e-01  1.322e-01 -3.855e-01 -1.550e-01
 -1.280e-01  7.510e-02 -2.686e-01  1.766e-01  6.970e-02  3.132e-01
 -2.482e-01  1.713e-01 -1.503e-01 -3.640e-01 -3.410e-02 -6.450e-02
 -1.855e-01 -1.124e-01 -1.660e-01 -5.700e-03 -2.040e-01 -3.090e-02
  3.467e-01 -1.553e-01 -1.276e-01 -1.392e-01 -2.522e-01  1.414e-01
 -2.688e-01 -2.752e-01 -7.860e-02  1.303e-01 -1.290e-02 -6.480e-02]","[-6.19399992e-02 -1.14889998e-01  4.00049999e-01  1.47100003e-02
  1.02520002e-01 -1.79400004e-02  6.41000176e-03 -2.58400002e-02
 -4.86700015e-02  9.91600022e-02  1.38220002e-01  7.32099995e-02
 -7.37999998e-02 -1.07629998e-01 -3.80030002e-01  4.29499984e-02
 -4.07900000e-02 -1.80899998e-01 -2.04839998e-01 -3.39399992e-02
  9.24000088e-03 -2.71599992e-02 -1.71919999e-01  2.22000089e-03
 -7.99994916e-05 -1.18250000e-01  3.54700014e-02  1.25550001e-01
  1.79996155e-04  1.21500008e-02 -4.13800005e-02 -2.10810000e-01
 -7.97699995e-02 -1.15820002e-01  7.16699999e-02 -8.73999875e-03
 -3.78999785e-03  4.31999989e-02 -1.06300002e-02  4.30200009e-02
 -1.52999954e-03  9.48100006e-02  1.26560000e-01  1.97160004e-01
 -2.67030001e-01 -6.71099998e-02 -5.21799989e-02  3.86699993e-02
 -1.25730000e-01  3.78900006e-02 -6.89999936e-03  1.54099993e-02
  4.45200000e-02  8.13699997e-02 -1.23399988e-02 -3.23899981e-02
  2.21010002e-01 -9.29299984e-02  1.67420000e-01  3.17600013e-02
  8.39100011e-02 -1.05199999e-01 -5.04099986e-02  1.32600008e-02
 -5.30699993e-02  1.70299990e-02 -5.68900013e-02 -1.81599997e-02
 -1.87380000e-01  2.24539998e-01  9.52900030e-02 -7.87800033e-02
 -6.58799963e-02  2.27199968e-02  3.17500014e-02 -1.70519999e-01
 -1.57849999e-01 -1.44400023e-02 -8.02799993e-02 -7.19800021e-02
  1.22100007e-02  2.16100001e-02 -7.18000002e-02  4.28899975e-02
 -6.34599978e-02  6.00008760e-05 -3.82100016e-02  3.03999998e-02
  2.33800000e-02 -4.37700006e-02 -1.88919999e-01  1.04260001e-01
  6.25000028e-03  1.71089998e-01  1.21759995e-01 -1.33950001e-01
 -2.53880000e-01 -5.11799980e-02 -8.20899992e-02  1.01599999e-02
  7.82300004e-02  3.32610001e-01 -6.06499983e-02  4.87600008e-02
  9.47099992e-02  4.43669998e-01 -7.67099998e-02 -7.78000024e-03
  4.97500012e-02  8.38999987e-02 -1.82719997e-01 -4.80000006e-02
  1.09520001e-01 -1.00890001e-01  2.69490003e-01  7.75900003e-02
 -3.54699986e-02  2.90179999e-01  2.14299998e-01 -1.00400001e-01
  1.85099991e-02  8.68499987e-02  6.01900019e-02 -7.89300008e-02
 -7.50100020e-02 -1.29650000e-01  4.47200004e-02  1.95900030e-02
 -1.14409999e-01  6.58499992e-02  9.37400002e-02  9.59998369e-04
 -5.35800001e-02  1.59998238e-04  3.26999966e-03  1.44169998e-01
  2.10499999e-01  9.05399994e-02  1.69449999e-01  2.46000141e-03
  7.38000241e-03  4.67999998e-02  2.51920002e-01 -9.84900011e-02
  2.10059999e-01  7.34999999e-02 -8.24199984e-02 -3.68299986e-02
 -1.06489999e-01 -1.37340000e-01  5.63600019e-02  3.97699990e-02
  1.38299993e-02 -5.51600005e-02  3.87729998e-01 -1.31060000e-01
  3.31100011e-02  1.10829999e-01  1.13520000e-01  2.64000008e-02
  4.36199988e-02 -8.01599983e-02 -1.89159998e-01  7.57899972e-02
  3.40140002e-01  3.09400009e-02 -2.39580002e-01 -2.76650002e-01
 -1.55300003e-02 -1.15040001e-01  9.13199995e-02  1.32649999e-01
  6.23099992e-02 -7.72500005e-02 -4.60699994e-02 -8.06100000e-02
 -4.16000094e-03  7.88899997e-02  5.91300000e-02  9.67199971e-02
  4.24699996e-02 -6.52300021e-02 -1.38740002e-01  4.10200004e-02
 -3.89999980e-03 -3.29199984e-02 -2.11090000e-01  1.03880001e-01
  9.83700007e-02 -1.27300013e-02  2.03909999e-01  1.13499995e-02
  1.40230001e-01  2.71399983e-02  9.71100002e-02  6.45000013e-02
  3.27399976e-02 -7.65099999e-02  1.07729998e-01 -3.88900011e-02
 -1.72210004e-01 -1.75499991e-02 -5.87700002e-02 -2.34249998e-01
 -9.90500020e-02 -1.07810002e-01  1.65280004e-01  1.00090001e-01
  1.06699999e-02 -1.42119999e-01  5.33400005e-02  1.99299987e-02
 -3.92900009e-02 -3.25000044e-03  2.41900017e-02 -2.21829997e-01
  1.16699992e-02 -9.17180008e-01  6.01600026e-02 -2.68400007e-02
 -1.97799999e-02 -2.55000002e-02  5.76299991e-02  4.49300017e-02
  1.55879999e-01 -1.18309999e-01 -1.25849999e-01  1.58999994e-02
  1.13849999e-01  2.08099996e-02  1.57170001e-01  1.17530002e-01
 -2.71359999e-01 -1.23699998e-02  1.42900018e-02 -1.67700006e-02
 -3.35069999e-01  1.23429999e-01  1.49360000e-01 -1.01260001e-01
 -3.17500005e-02 -2.61000006e-02  2.59879997e-01 -4.62680003e-01
  9.33999993e-02 -1.30510001e-01 -1.68830000e-01 -1.71599999e-02
 -6.57300023e-02 -3.39490002e-01 -6.89800000e-02 -3.46419999e-01
  7.51799987e-02  1.37110000e-01  7.96599980e-02  2.00740001e-01
 -2.04280001e-01 -6.39999992e-02  4.85999919e-03  7.18499990e-02
  2.17399998e-02 -1.45340001e-01 -4.05899996e-02 -5.30600009e-02
 -9.13199976e-02 -1.01899998e-01  1.57370001e-01 -1.70199992e-02
 -8.98600023e-02  1.98899969e-02  6.22000042e-03  6.20899994e-02
 -1.15699997e-02  6.92000110e-03  4.21400007e-02  5.88399995e-02
 -1.03359999e-01  2.35700002e-02 -2.08709999e-01 -1.44089997e-01
  1.07590001e-01 -4.04000394e-03 -1.13679999e-01 -1.31000018e-02
  7.25699971e-02 -1.53800003e-01 -1.55149997e-01 -6.09999523e-04
  1.65340003e-01  1.13509998e-01 -5.62400004e-02 -1.60499993e-02
 -2.68559997e-01  1.96549998e-01 -2.14350000e-01 -6.93000294e-03
 -1.23719999e-01  8.72200014e-02  4.92199993e-02 -1.17399980e-02]"
サウナ,"[-0.309   0.0474  0.1451 -0.0227  0.0419  0.0127  0.0554  0.0745 -0.019
  0.1424  0.0721  0.0746 -0.2238  0.0302 -0.1592 -0.021   0.0145 -0.0744
 -0.0983  0.0596 -0.0047 -0.0126 -0.162  -0.0282  0.0227  0.1399  0.1008
  0.0738  0.0788  0.2144  0.1513  0.0881  0.1348 -0.1193  0.1603 -0.0659
 -0.0901  0.0233  0.0531  0.0945 -0.1068  0.061  -0.023   0.2266 -0.0965
 -0.108  -0.0501 -0.1466 -0.0759 -0.1361  0.1371 -0.0338 -0.0005 -0.0051
 -0.1221 -0.0053  0.0761  0.0217  0.1982 -0.0014  0.1038 -0.1181 -0.0774
 -0.0282  0.0387  0.1306 -0.12   -0.0874 -0.1539  0.1003  0.0246  0.0319
 -0.0239 -0.0402  0.0411 -0.1614 -0.0776 -0.135  -0.1048 -0.0986  0.0346
  0.0895 -0.0008 -0.0509 -0.0811  0.1113  0.1616 -0.0634  0.0417  0.1578
  0.0174  0.0409 -0.0394  0.0464 -0.0803 -0.3639 -0.1587  0.0202 -0.0967
  0.0138  0.1364  0.128  -0.1219  0.0234  0.1158  0.2459  0.0379 -0.0206
  0.1055 -0.0006  0.0191  0.017   0.0534 -0.0776  0.031   0.064  -0.1161
  0.0709 -0.0046  0.0114  0.1687  0.1328 -0.15   -0.1325 -0.0242 -0.2582
 -0.0416 -0.1982  0.0024  0.103   0.0572  0.0694 -0.1095  0.0476 -0.0384
  0.2649  0.1046 -0.0858 -0.0638 -0.0693 -0.0184  0.1696  0.1116 -0.1179
  0.0286 -0.0414 -0.0286 -0.1084 -0.0112 -0.2043  0.065  -0.0075 -0.0555
  0.0876  0.1274 -0.017  -0.0177  0.0461  0.1344  0.063  -0.006  -0.1301
 -0.1424 -0.0241  0.1955 -0.0418 -0.1875  0.0477  0.0458 -0.0872  0.0617
  0.1144 -0.2697 -0.1425 -0.0515  0.0053 -0.0208 -0.001   0.1117  0.0813
  0.1193 -0.0201  0.035  -0.1403  0.2537  0.0102  0.0007  0.0417 -0.0722
  0.061  -0.1208 -0.063   0.1059  0.0938  0.0991 -0.0058  0.0248 -0.0604
  0.2007  0.0005 -0.0482  0.0264 -0.0329 -0.0427 -0.1294  0.0574 -0.0633
 -0.079   0.0279 -0.0033 -0.1407  0.0178  0.057   0.1043  0.1293  0.0143
 -0.0838 -0.439   0.0804 -0.0189  0.0252 -0.0405 -0.0316 -0.0781  0.2046
  0.1202 -0.12   -0.0413  0.0326  0.1536  0.0485  0.1446 -0.2388 -0.0764
 -0.0195  0.0525 -0.2607  0.1597  0.0093 -0.1717 -0.03    0.0027  0.15
 -0.1309 -0.0369 -0.0812 -0.0106 -0.1078  0.0074 -0.0133 -0.0044 -0.2255
  0.1849  0.0201  0.03   -0.0788 -0.0865 -0.1233  0.1114  0.1951  0.0612
 -0.1723 -0.0839  0.1348 -0.0672 -0.0909  0.1769 -0.0221 -0.1623  0.0029
  0.1483 -0.0495 -0.1382  0.1949  0.0031  0.0011 -0.1337  0.079   0.1284
 -0.0551 -0.0624  0.0172 -0.185   0.0294  0.004  -0.0657  0.087   0.0345
 -0.0085  0.081  -0.1354 -0.1948 -0.2383 -0.0087 -0.2534 -0.2052 -0.0712
 -0.0732  0.0687  0.0112]","[-1.60171422e-01  4.62000008e-02  2.93985714e-01  7.79142859e-02
 -3.26714279e-02  1.04349998e-01  1.56214280e-02  1.20571440e-02
 -9.64785698e-02  2.25249998e-01  1.31614285e-01  1.44614288e-01
 -1.30042859e-01 -8.15428561e-02 -3.62478577e-01  3.42428574e-02
  4.56428687e-03 -9.68714286e-02 -2.51742858e-01  1.05735715e-01
  8.42928566e-02  5.52071420e-02 -2.75492855e-01 -2.50928570e-02
 -2.11428611e-03  5.71571430e-02  3.41357116e-02  1.02271429e-01
  7.20928589e-02  6.16785691e-02  7.22357143e-02  8.16857151e-02
  5.14928566e-02 -5.64642849e-02  2.43671432e-01 -1.32214264e-02
  2.10000054e-03  2.46857149e-02  6.22357139e-02  2.35642860e-02
 -1.76500007e-02  3.95642877e-02  8.98928586e-02  9.35571472e-02
  1.57357138e-02 -2.41164290e-01 -1.56428564e-02 -6.88785683e-02
 -1.67142853e-03 -2.07571415e-02  1.36664285e-01  2.02642856e-02
 -3.50000008e-02  2.47785712e-02  5.56214285e-02  2.39714303e-02
  4.21429485e-04  1.20078571e-01  2.56835717e-01  5.01571438e-02
  1.47285705e-02 -1.29428572e-01 -8.63357130e-02  1.71142851e-02
  9.55285728e-02  7.36642870e-02 -5.85214294e-02 -9.77928562e-02
 -7.18071431e-02  1.10128571e-01  9.52285720e-02  8.50285719e-02
 -8.53285712e-02  8.99999921e-03  4.71928574e-02 -2.29828573e-01
 -1.20621427e-01 -8.91571455e-02  3.04714292e-02 -9.65499978e-02
  3.76642861e-02  7.30000014e-02 -1.30514287e-01 -1.70714315e-03
 -4.39571440e-02  1.38692856e-01  1.23435712e-01 -6.86285701e-02
  1.09571430e-01  1.03914287e-01 -1.98428563e-02  4.03571442e-02
  7.58071427e-02  2.18714282e-02  8.10428562e-02 -1.42064286e-01
 -2.54335716e-01 -1.39357145e-02 -1.01907143e-01  3.44071437e-02
  2.61999994e-02  3.31350001e-01  9.42857261e-03 -1.02000003e-01
  1.21307145e-01  4.26635712e-01 -2.96714271e-02 -4.91571420e-02
  1.21007147e-01  6.06428646e-03 -1.08114283e-01  1.90014287e-01
 -1.60100000e-01 -3.07285710e-02  1.15571427e-01  1.79507144e-01
 -8.27999986e-02  3.03928565e-02 -3.33071443e-02  1.25285706e-02
  8.90499996e-02  1.26685714e-01  6.49071416e-02 -5.11071409e-02
 -5.91642854e-02 -1.45399997e-01  6.06642841e-02 -4.26785713e-02
 -1.68742857e-01  4.92857150e-02  5.03428577e-02  1.04021430e-01
  2.26428598e-02 -4.70714268e-03 -5.91499999e-02  2.72178573e-01
  1.19599998e-01 -3.47642848e-02 -6.46142858e-02  2.10214275e-02
  1.33014284e-01  2.87135714e-01  3.41285697e-02 -5.50071439e-02
  1.36235715e-01  2.41428516e-03 -3.98285731e-02 -4.08357147e-02
 -3.64284829e-04 -6.89000029e-02  4.80000006e-02 -1.79285702e-03
  5.58928587e-02  3.05642846e-02  1.36585715e-01 -4.86785720e-02
  4.76285692e-02  8.19714289e-02  4.72071426e-02  3.11857164e-02
 -3.85357156e-02 -8.21357136e-02 -1.11314282e-01 -1.61264284e-01
  1.95292857e-01  6.33714272e-02 -2.48857130e-02  9.11071421e-02
  1.07092855e-01 -8.55857158e-02 -4.47928564e-02  1.50714203e-03
 -2.06664282e-01  2.44499991e-02  4.29214274e-02 -1.38492858e-01
  9.63571458e-03 -2.43428573e-02  1.56899999e-01 -2.89357133e-02
  5.66642858e-02  8.48928579e-02  1.76764286e-01 -7.15571440e-02
  7.68642824e-02 -6.32500017e-02  2.20142844e-02 -5.13999987e-02
 -4.74642876e-02  6.81857143e-02 -8.60642861e-02 -3.49571437e-02
  1.52385713e-01  1.38614285e-01  1.34371427e-01 -5.88785728e-02
  3.34571437e-02 -1.14835712e-01  1.41335709e-01 -4.31642858e-02
 -2.25000185e-03 -1.47571433e-02 -5.99071432e-02 -1.07407141e-01
 -1.11885715e-01 -3.79714280e-02 -7.14714274e-02 -6.62785731e-02
  5.01071429e-02 -2.38571439e-02 -2.19528572e-01  1.55528573e-01
  1.27143014e-03  7.57571423e-02  1.76800000e-01  1.10664287e-01
 -2.37642858e-02 -9.47757133e-01  1.24771427e-01 -1.07143606e-04
 -8.23714291e-02 -7.85428572e-02  9.62142859e-02 -5.44857151e-02
  1.17785715e-01 -7.94285701e-02 -1.32507144e-01 -2.77857130e-03
  1.14357115e-02  1.04471431e-01  4.51928568e-02  2.69571450e-02
 -4.13921435e-01 -5.22214245e-02  1.83857123e-02 -3.93571618e-03
 -3.95485710e-01  6.72785724e-02 -6.05714288e-02 -3.84285737e-02
  3.84428568e-02  7.40142878e-02  8.50428591e-02 -3.18835716e-01
  7.59857153e-02 -2.36035715e-01 -1.37571427e-01 -9.06642855e-02
 -1.03771425e-01 -1.09828573e-01 -8.99999943e-03 -4.01835717e-01
  1.41035715e-01  5.90428572e-02 -3.52571431e-02  1.01142864e-02
 -8.20000037e-02 -6.66357144e-02  6.96714302e-02  2.03078571e-01
 -1.64999994e-02 -1.12564286e-01 -8.74857141e-02  2.06285718e-01
 -1.47564286e-01 -4.87071403e-02  2.27607143e-01  1.95785696e-02
 -8.67071462e-02  2.29571436e-02  6.01428581e-03  2.43642866e-02
 -1.91642862e-02  2.30714321e-02  5.36499987e-02  5.57642866e-02
  3.72142923e-03  1.30378571e-01  7.02142845e-02 -2.15999995e-02
 -1.35200001e-01  1.50642845e-02 -1.20471429e-01 -1.74642859e-02
 -3.10714282e-02  1.89785694e-02  1.47735713e-01  6.29285730e-03
  2.90214280e-02 -4.58571409e-02 -6.03785682e-02 -8.44285910e-03
 -1.30942858e-01  1.26635714e-01 -1.58828570e-01 -1.62864285e-01
 -7.50000088e-03  1.19571416e-02  1.52571445e-02 -8.39999983e-03]"
臭い,"[-1.101e-01  1.268e-01  4.874e-01  3.494e-01  3.132e-01  1.040e-02
  9.090e-02 -1.732e-01  2.228e-01  4.229e-01  1.474e-01  2.718e-01
  6.750e-02 -1.476e-01 -1.462e-01 -2.183e-01 -1.841e-01  2.784e-01
 -3.081e-01 -4.230e-02  6.200e-03  1.118e-01 -1.400e-01 -2.016e-01
 -6.700e-03 -7.900e-02 -5.280e-02 -2.258e-01 -1.410e-01  2.056e-01
  2.400e-03 -9.240e-02  3.622e-01  4.330e-02  1.551e-01  2.758e-01
  1.438e-01  1.273e-01  1.122e-01  9.090e-02  8.080e-02  1.090e-02
  2.933e-01  2.410e-01  1.076e-01 -3.030e-01 -2.580e-01  5.090e-02
 -6.200e-03 -1.613e-01 -1.933e-01 -1.457e-01  2.654e-01  7.670e-02
  6.730e-02 -1.065e-01 -9.660e-02  4.098e-01 -2.300e-02  2.100e-01
  1.020e-01  1.670e-01  1.537e-01  1.739e-01  2.504e-01 -1.970e-02
 -1.014e-01 -4.090e-02 -2.027e-01  3.093e-01 -4.180e-02  1.258e-01
  7.390e-02  3.711e-01  4.660e-02 -1.021e-01  1.373e-01 -9.800e-02
 -2.024e-01 -2.068e-01  1.156e-01 -8.630e-02 -5.680e-02  1.829e-01
  7.900e-03 -1.135e-01  3.379e-01 -8.900e-02  2.190e-01  7.990e-02
  3.630e-02 -9.060e-02 -1.091e-01  8.830e-02  1.101e-01 -2.505e-01
  1.883e-01 -8.700e-03 -1.757e-01  1.978e-01 -9.100e-02  6.113e-01
 -2.664e-01  1.944e-01  2.813e-01 -8.100e-03 -7.500e-03 -2.870e-02
  2.950e-01 -2.824e-01 -3.309e-01  5.730e-02  2.990e-01  2.666e-01
  1.719e-01 -1.306e-01  2.084e-01  2.792e-01  4.570e-02  4.060e-02
  1.238e-01  2.966e-01  2.635e-01 -1.430e-02  2.003e-01 -9.500e-03
  1.630e-02 -1.760e-02  4.300e-02  1.029e-01 -4.970e-02 -1.155e-01
  3.172e-01 -1.920e-01  8.770e-02 -1.783e-01  2.192e-01  1.490e-02
 -2.660e-02  2.540e-01  5.330e-02  2.636e-01 -5.140e-02  4.000e-02
  2.343e-01 -9.520e-02  2.870e-02  3.310e-02  2.250e-02 -2.512e-01
 -1.756e-01  2.713e-01 -4.484e-01  2.137e-01 -3.144e-01  1.090e-01
 -4.049e-01 -2.882e-01  1.065e-01 -1.099e-01  2.084e-01 -4.150e-02
  1.888e-01 -1.246e-01  1.224e-01  6.020e-02  6.540e-02 -1.410e-01
  1.785e-01  1.234e-01  5.150e-01 -4.230e-02  6.270e-02 -1.721e-01
  2.399e-01  6.920e-02 -1.454e-01  2.174e-01 -2.620e-02  1.866e-01
  1.088e-01  4.797e-01  4.560e-02 -2.650e-01  8.710e-02 -4.750e-02
  2.504e-01  1.963e-01  3.790e-02 -3.288e-01 -8.970e-02  1.610e-01
 -2.098e-01 -2.161e-01  4.096e-01 -2.441e-01  8.980e-02  3.557e-01
  1.013e-01 -1.477e-01 -1.091e-01  1.512e-01 -8.800e-02  1.250e-01
 -9.600e-03 -4.084e-01  3.570e-02 -2.798e-01  1.966e-01 -1.379e-01
 -6.050e-02  9.360e-02 -3.430e-02 -2.421e-01  2.423e-01 -1.012e-01
 -2.110e-02 -8.285e-01 -7.000e-04 -1.053e-01  2.183e-01  8.300e-03
  1.383e-01 -1.303e-01  2.288e-01 -4.180e-02 -5.950e-02 -9.270e-02
 -1.417e-01  3.632e-01 -1.188e-01  1.299e-01 -5.303e-01 -1.684e-01
 -2.625e-01  2.151e-01 -6.503e-01 -1.359e-01  4.576e-01 -3.409e-01
 -6.830e-02 -9.860e-02 -2.660e-02 -1.264e-01  4.051e-01 -4.019e-01
 -6.049e-01  4.710e-02  1.412e-01 -1.891e-01 -2.700e-03 -3.901e-01
  5.000e-04 -4.120e-02  2.754e-01  1.639e-01 -5.770e-02 -5.430e-02
 -3.323e-01  2.267e-01 -8.730e-02 -1.152e-01 -1.406e-01 -2.623e-01
 -2.087e-01 -7.420e-02  2.290e-02  4.592e-01 -1.725e-01  7.680e-02
 -1.407e-01 -1.739e-01  1.956e-01 -2.864e-01  5.800e-02  9.160e-02
 -1.530e-01  2.261e-01 -7.430e-02 -6.500e-03  4.131e-01  4.470e-02
 -1.457e-01  8.900e-03 -2.080e-01 -1.484e-01 -2.733e-01  6.290e-02
  1.415e-01  7.606e-01 -1.443e-01 -5.380e-02 -7.030e-02 -1.330e-02
  3.339e-01  9.600e-03 -1.260e-02  1.760e-01 -1.902e-01 -3.331e-01]","[-2.58566668e-01  3.56933334e-01  5.83366667e-01  4.15633343e-01
  3.31233330e-01 -8.92666647e-02 -2.98333342e-02  2.43333479e-03
  2.60366667e-01  5.42433326e-01  1.59500005e-01  2.59900007e-01
  6.45000028e-02  3.53333245e-03 -2.17833334e-01 -1.40799999e-01
 -1.24300003e-01  2.71900000e-01 -5.58199984e-01 -1.15366668e-01
 -1.77799999e-01 -2.46999996e-02 -2.81333334e-01 -9.24666681e-02
  7.70000058e-03 -5.56333385e-02 -1.14266669e-01 -3.85466655e-01
 -1.79000000e-01  2.50333330e-01  1.17033329e-01 -1.51333337e-02
  2.78133331e-01  1.62766666e-01  1.89666669e-01  4.10266659e-01
  1.50100003e-01  9.33331127e-04  3.26166668e-01  1.30933329e-01
 -3.53333602e-03  5.40666667e-02  5.22866664e-01  3.65333332e-01
  8.76666699e-02  5.92666666e-02 -1.89899989e-01  8.43333267e-03
  1.72133337e-01 -1.61866665e-01 -2.07966661e-01 -3.04233329e-01
  2.14933325e-01  9.02333359e-02  2.57000004e-02 -1.56633332e-01
 -5.97000003e-02  3.64299996e-01  8.49000004e-02  1.44099994e-01
  1.03766664e-01  1.49833332e-01  6.72333290e-02  1.34066659e-01
  2.53833339e-01 -2.38333331e-01 -5.97333362e-02 -9.43999986e-02
 -1.17100005e-01  1.63433343e-01  1.85166668e-01  1.12100001e-01
  4.25000004e-02  4.01566674e-01  7.96666679e-02 -4.43600004e-01
  1.12500002e-01  2.12000025e-02 -5.62333297e-02 -1.49099999e-01
  2.59666666e-02 -1.08000040e-02 -1.63133336e-01  2.53033330e-01
 -2.46333331e-02 -5.77666648e-02  2.84100013e-01 -6.71666662e-02
  3.26500000e-01  9.90333327e-02  3.15666677e-02 -3.01999971e-02
  1.10000061e-03  4.29333312e-02 -5.75333318e-02 -3.13433326e-01
 -9.48333343e-02 -8.63333419e-03 -1.95266664e-01  1.01866662e-01
  2.49999389e-03  5.66266664e-01 -3.03566673e-01  2.55866664e-01
  1.68266672e-01  2.10300003e-01  6.44999996e-02 -3.73333322e-02
  1.71399998e-01 -3.14200010e-01 -3.39200010e-01 -3.06666456e-03
  3.09966665e-01  1.56466675e-01  1.63700005e-01 -6.64666724e-02
 -7.98333377e-02  2.69233328e-01 -9.42666661e-02  9.10333352e-02
  2.75666664e-01  2.61600013e-01  2.90600001e-01 -1.35066664e-01
  1.22933325e-01  4.13333283e-03 -2.47333342e-02  7.37000033e-02
 -1.42366668e-01  2.53099997e-01 -8.51666654e-02 -2.07500006e-01
  1.61266672e-01 -3.67899997e-01  2.95233333e-01 -2.23899995e-01
  2.84399999e-01  1.27433331e-01  1.07300004e-01 -1.72999916e-02
  1.17333339e-02  3.21399992e-01  6.25666659e-02 -8.32333332e-02
  3.87266671e-01 -8.61666699e-02  4.11333355e-02 -1.21600003e-01
 -8.67333350e-02 -1.78466659e-01 -7.28000064e-02  8.79999928e-02
 -2.61499991e-01  3.69033332e-01 -2.97733323e-01  1.68333290e-02
 -4.69100013e-01 -5.60666565e-02  7.61999985e-02 -5.59999984e-02
  1.63666663e-02  2.02333337e-02  8.52000027e-02 -1.69733335e-01
  4.01300003e-01  1.12800002e-01  1.56866663e-01 -6.12000016e-02
  1.29633333e-01  1.56400000e-01  4.37666658e-01  7.67000001e-02
  8.55999993e-02 -2.38433332e-01  6.48999950e-02 -7.65333311e-02
 -2.01033335e-01  1.16666668e-01 -1.21933332e-01  5.84999953e-02
  1.07133333e-01  3.31133332e-01  1.48199997e-01 -6.14666600e-02
  1.80066664e-01 -1.67866669e-01  8.28333367e-02  7.14333331e-02
  6.72666660e-02 -3.12533331e-01 -1.63333345e-02  1.03666664e-01
 -2.38433340e-01 -1.56366671e-01  1.08599991e-01 -2.31366671e-01
  3.30000003e-01  3.16066659e-01  1.71600000e-01 -1.03599999e-01
  1.31266662e-01 -1.79666731e-02 -1.61166666e-01  2.11233333e-01
 -1.19266668e-01 -2.89366667e-01  4.16666679e-02 -2.02366666e-01
  1.61000018e-02 -1.77099998e-01 -2.30300003e-01  3.51266664e-01
 -1.37766670e-01 -1.65000004e-01  4.61266669e-01 -2.19133335e-01
 -4.76666664e-02 -1.35819997e+00 -1.11000024e-02 -7.42333354e-02
  1.54633334e-01  2.81999999e-02  2.35266665e-01 -1.10466665e-01
  3.78666669e-02 -1.10766665e-01 -1.06566667e-01 -3.31866662e-01
 -9.49666680e-02  3.65633337e-01 -1.20166667e-01 -3.93333907e-03
 -6.90566684e-01 -5.02333353e-02 -2.52666656e-01  2.06533335e-01
 -8.29133352e-01 -1.17233337e-01  5.51566665e-01 -3.33100005e-01
  4.32666639e-02  2.34433337e-01 -9.99992092e-05 -3.89333324e-01
  4.27599989e-01 -3.65466664e-01 -5.32533335e-01  7.52000008e-02
  1.32933340e-01 -2.78366661e-01  9.43333594e-03 -7.06066673e-01
  2.27100000e-01 -2.01333339e-02  3.40600007e-01  4.72699994e-01
 -2.18033338e-01  2.14666690e-02 -1.60966674e-01  1.27066663e-01
 -1.42000005e-01 -1.50533332e-01 -7.71333308e-02 -2.02800011e-01
 -3.10266670e-01 -2.49100000e-01 -2.03866666e-01  3.71566664e-01
 -1.75833337e-01 -4.48666650e-02  7.93333414e-03 -4.14666682e-02
  2.42266668e-01 -9.13333284e-02  1.43566663e-01 -1.79966671e-01
 -1.99333332e-01  2.21066665e-01  1.17299999e-01  1.37000022e-02
  4.18166671e-01  1.96666474e-03 -2.34966662e-01 -3.33666665e-02
 -5.06666700e-02 -1.42199998e-01 -3.30966664e-01  6.74666674e-02
  2.50066665e-01  6.49466649e-01 -1.68966667e-01  3.45666643e-02
 -2.66666586e-03 -1.48833333e-01  2.81066670e-01  7.73000002e-02
 -2.20000061e-03  1.28066664e-01 -2.18566671e-01 -4.51966662e-01]"
清潔感,"[-1.48800001e-01 -2.64699996e-01  1.01569998e+00 -1.29999965e-03
 -1.08500004e-01  1.19800016e-01 -1.06599994e-01 -1.17800005e-01
 -6.30000234e-03  6.61499977e-01  3.39300007e-01 -1.48999989e-02
  1.43999998e-02 -6.72699988e-01  3.35999876e-02  2.62300014e-01
 -4.10099983e-01  1.28600001e-01 -2.75400013e-01  5.84000014e-02
 -9.39000025e-02 -6.36200011e-01  1.02900006e-01 -3.43300015e-01
 -3.47000062e-02 -4.21700001e-01  2.87600011e-01  4.10200000e-01
  1.06799997e-01  3.77999991e-02 -2.38800004e-01  2.31000006e-01
  2.98999958e-02 -2.49400005e-01  5.91700017e-01  5.06799996e-01
  2.62999982e-01  2.44300008e-01 -1.83200002e-01 -5.47000021e-02
  2.25999989e-02  2.80499995e-01  1.89300001e-01  8.79999995e-03
 -6.44100010e-01 -4.57499981e-01  5.09599984e-01 -3.24299991e-01
 -4.33700025e-01 -1.10800013e-01 -6.05599999e-01  2.59000026e-02
  2.61500001e-01  1.15499996e-01  2.22000033e-02  3.23899984e-01
 -8.48999992e-02  5.27400017e-01  3.96300018e-01 -3.01999897e-02
  7.38999993e-02  2.42199987e-01 -8.10000300e-03 -4.38999981e-02
  9.60000046e-03  3.48999985e-02 -3.40900004e-01  1.45900011e-01
 -8.94700050e-01  2.10900009e-01  5.07799983e-01 -5.36499977e-01
 -1.16999999e-01  1.55800000e-01  1.86199993e-01 -5.52299976e-01
  1.53999999e-02  3.73400003e-01 -2.48400003e-01 -3.06499988e-01
  2.04200000e-01  4.02200013e-01 -4.82500017e-01  1.55000016e-02
 -9.10000056e-02 -1.01999994e-02  4.24799979e-01 -1.36500001e-01
  1.10900000e-01 -3.72200012e-01  2.34000012e-02  9.94999930e-02
  7.19000101e-02  5.30999973e-02  7.19300032e-01  5.44000007e-02
  1.19500004e-01 -2.94499993e-01 -1.33900002e-01 -1.61500007e-01
  5.16200006e-01  6.86999977e-01 -3.15800011e-01 -8.04799974e-01
  3.03999990e-01  3.31999958e-02  4.46399987e-01  4.31999937e-02
 -2.27100015e-01  9.01000053e-02 -5.35200000e-01 -1.50599986e-01
 -5.14400005e-01  4.91999984e-02  1.54400003e+00 -1.08099997e-01
  2.68999994e-01  3.41899991e-01  3.27700019e-01  1.12800002e-01
 -3.25699985e-01 -6.49999827e-03  1.62300006e-01 -3.43899995e-01
 -5.97000010e-02 -3.28999981e-02  8.92999992e-02  1.21299997e-01
  1.50299996e-01  1.51999965e-02  2.19999999e-03  1.59199983e-01
  3.26600015e-01 -2.07699984e-01 -2.02700004e-01 -2.08000004e-01
  3.47400010e-01  5.77000007e-02  1.60999998e-01  2.39699990e-01
  2.47999996e-01  2.31400013e-01  4.73399997e-01  1.96999997e-01
  5.37299991e-01 -1.51600003e-01  2.78400004e-01  1.22500002e-01
  3.74599993e-01 -1.04059994e+00 -9.42000002e-02  4.37900007e-01
 -4.99700010e-01 -5.78800023e-01  1.14999995e-01  7.63999969e-02
 -1.30000010e-01 -2.31000006e-01 -4.45999950e-02 -2.24299997e-01
  1.96500003e-01 -3.00699979e-01 -2.30999999e-02  6.80700004e-01
  2.77300000e-01  1.40700012e-01 -1.54000008e-02 -5.71999997e-02
 -1.27999969e-02 -3.42299998e-01  5.39399981e-01  3.91799986e-01
  3.71399999e-01 -4.23399985e-01  3.25999968e-02  4.29800004e-01
  2.42799997e-01 -6.48599982e-01  1.81999996e-01  6.40500009e-01
  2.63899982e-01 -1.34700000e-01  6.34000003e-02 -2.39700004e-01
  1.84300005e-01 -2.88699985e-01  8.94000009e-02  3.33700001e-01
 -4.10000049e-03  2.28599995e-01 -1.30899996e-01  3.51000011e-01
  8.68999958e-02 -7.44999945e-02  2.37399995e-01 -2.56999992e-02
 -5.11799991e-01  6.02000058e-02  2.48300001e-01 -3.67300004e-01
 -2.68899977e-01  2.71200001e-01 -4.91699994e-01 -8.96300018e-01
 -1.33100003e-01 -3.79999995e-01  6.04200006e-01  2.56099999e-01
 -1.62600011e-01 -1.41700000e-01 -1.02600001e-01  3.93099993e-01
 -5.80000132e-03 -1.77399993e-01  3.34300011e-01  1.39999390e-03
  5.85799992e-01 -1.71029997e+00  1.72600001e-01 -6.17100000e-01
  1.35700002e-01  2.37400010e-01 -6.14899993e-01 -1.01700000e-01
  3.79100025e-01 -1.79899991e-01  1.27299994e-01 -3.59600008e-01
  6.30000010e-02 -1.69199988e-01 -2.84399986e-01  2.87800014e-01
 -9.93499994e-01 -4.74000014e-02  3.03799987e-01 -1.27000004e-01
 -1.26300001e+00  3.46799999e-01  3.68699998e-01  7.48899996e-01
  1.54399991e-01  2.65799999e-01  1.14000142e-02 -3.95200014e-01
 -2.60600001e-01 -2.80600011e-01 -3.86199981e-01  4.47200000e-01
  4.13599998e-01 -8.27600002e-01 -2.38999948e-02 -7.07100034e-01
 -1.77199990e-01  1.88299999e-01  1.47300005e-01  3.63600016e-01
 -1.11549997e+00 -2.71699995e-01  3.26700002e-01  3.58500004e-01
 -3.70499998e-01 -4.75999981e-01 -1.69500008e-01  1.14399999e-01
 -3.51400018e-01  4.93299991e-01  4.29700017e-01  4.35999990e-01
  3.77999991e-02 -2.51900017e-01  5.18700004e-01  5.99999987e-02
 -2.21900016e-01  6.65499985e-01  3.24199975e-01 -1.41700000e-01
  1.94400012e-01  3.23100001e-01 -4.21599984e-01  1.00000001e-01
  5.96700013e-01  5.82000017e-02 -2.22100005e-01  3.71999890e-02
  6.85999990e-02  1.60000026e-02  2.13000000e-01 -3.51000056e-02
 -2.42899999e-01  1.98100001e-01  3.55999991e-02 -1.69299990e-01
  5.11500001e-01  3.27800006e-01  1.28170002e+00 -1.49900004e-01
 -4.32699978e-01  2.80099988e-01 -5.55700004e-01  8.90600026e-01]","[ 5.77250039e-02 -1.29425002e-01  8.13550014e-01  2.03075004e-01
 -2.56499996e-01 -1.07499955e-02  1.97374997e-01  2.25850000e-01
  7.49966130e-05  4.94000007e-01  3.91649995e-01  1.48575000e-01
  4.85499944e-02 -4.77224995e-01 -9.39250058e-02  1.31675002e-01
  1.40749949e-02  1.96725001e-01 -4.16600005e-01 -5.42249990e-02
 -1.49625001e-01 -4.37149997e-01 -1.89750004e-02 -4.99250046e-02
  1.11150000e-01 -3.09275001e-01  1.58775004e-01  4.00799999e-01
  1.24299994e-01  8.09250013e-02 -2.90725002e-01  3.85225004e-01
 -2.29775005e-01  3.34999994e-02  2.76825001e-01 -3.33000032e-02
 -1.54250022e-02  4.34250017e-02 -1.17175001e-01 -3.41874998e-01
  1.31500000e-01  3.00225000e-01  2.15099999e-01  1.83625001e-01
 -6.97025008e-01 -4.76949994e-01  2.37025001e-01 -5.91250001e-01
 -2.98825001e-01 -5.20000886e-03 -3.29800002e-01  5.49500000e-02
  8.76999996e-02 -1.38250003e-02  8.32750029e-02  2.63299994e-01
  8.37250007e-02  3.09574999e-01  1.07050004e-01  4.14000037e-02
  8.72499822e-03  1.00149996e-01 -1.02949999e-01  1.94750009e-02
 -9.42250033e-02  2.66750017e-02 -1.43774998e-01 -4.26749936e-02
 -4.38300004e-01  2.56074993e-01  3.06375002e-01 -1.26399994e-01
 -4.57750009e-02  2.74974996e-01  1.10274999e-01 -3.90849998e-01
 -5.91249983e-02  1.82424998e-01 -3.60374999e-01 -8.52750014e-02
 -2.25750004e-02  1.96125008e-01 -5.05300001e-01 -1.87249989e-02
 -5.47250016e-02 -3.70999996e-02  8.63499972e-02  1.07474999e-01
 -1.48274998e-01 -3.91750049e-02 -9.34999979e-02  1.48574994e-01
  1.13925004e-01  7.51749971e-02  1.91500008e-01 -1.33524999e-01
 -8.15249979e-02 -8.44000028e-02  2.45750006e-02 -3.63499997e-02
  2.09000003e-01  7.16074990e-01 -1.68575003e-01 -3.51774998e-01
 -7.86750023e-02  2.80649992e-01  3.99524997e-01  7.77499541e-03
 -1.95525007e-01  3.33750028e-02 -5.25849994e-01 -1.54900000e-01
 -1.16250007e-01  2.28250017e-02  5.55175008e-01  2.82575000e-01
  1.47899996e-01  2.42550002e-01  2.90050006e-01 -2.61500024e-02
  7.17500411e-03 -5.66749973e-02  1.89350002e-01  6.39250000e-02
 -2.11750000e-01 -6.59750020e-02  1.83050002e-01  9.42499978e-02
  1.38574998e-01 -3.62500006e-02 -2.12774995e-01  5.38749951e-02
  1.19225004e-01 -7.96499983e-02 -1.43949999e-01 -5.96399997e-01
  2.39225006e-01  3.35525000e-01 -1.91499980e-02  2.12624999e-01
  1.27625002e-01  3.03500015e-02  1.37800001e-01 -2.75006983e-04
  7.14274998e-01  1.02225002e-01  2.70450003e-01  3.22400001e-01
  3.64725002e-01 -7.00424982e-01 -6.76499987e-02  4.42650008e-01
 -3.83324993e-01 -2.95599999e-01  5.18249990e-02  2.00924999e-01
  5.00750039e-02 -1.57325003e-01  8.93250043e-02 -1.74650001e-01
  1.66225003e-01 -1.45849995e-01 -1.16075001e-01  4.75550002e-01
  2.91550001e-01  8.33999999e-02  1.24999438e-03 -5.89750037e-02
  5.74750025e-02 -2.31774996e-01  1.27699999e-01  2.05949996e-01
  1.32775013e-01 -2.47399997e-01 -1.49175000e-01  1.62800007e-01
  5.60249969e-02 -4.11825007e-01  1.72224998e-01  3.24325006e-01
  9.14500011e-02  3.03900000e-01 -1.48500027e-02 -1.64998788e-03
  3.75249995e-02 -1.11725006e-01 -1.02775000e-01  4.12474999e-01
 -1.32750003e-01  1.97924997e-01  9.71999983e-02  1.19900002e-01
  2.18774999e-01  4.44700001e-01  2.94400003e-01 -1.08750001e-01
 -3.35099994e-01  1.71300004e-01  1.06800000e-01 -6.13000020e-02
 -1.72350002e-01  9.75750005e-02 -2.02399999e-01 -7.18100008e-01
 -5.63749977e-02 -3.80575002e-01  2.55850011e-01 -4.72250001e-02
 -2.77375000e-01 -2.47750005e-01 -4.38999990e-02  2.81249979e-02
 -6.71500034e-02 -1.12024999e-01  3.27974999e-01  4.74500004e-02
  3.34425004e-01 -1.65452497e+00  1.38000004e-01 -3.32225002e-01
  1.76575004e-01 -6.40999989e-02 -3.90949991e-01  1.69775000e-01
  2.91074997e-01 -2.13074996e-01 -4.44999964e-02 -3.15725008e-01
  1.32425002e-01 -8.81999945e-02 -1.26750004e-02  2.05050002e-01
 -1.00187501e+00  2.66300003e-01  1.44925003e-01 -6.58749989e-02
 -1.06982500e+00  2.69224999e-01  2.16549996e-01  2.98149995e-01
 -1.02749965e-02  8.46749966e-02 -1.44724994e-01 -5.68424996e-01
 -1.77275002e-01 -3.96850004e-01 -3.29124996e-01  3.17699995e-01
  4.16975003e-01 -3.55025005e-01 -8.72249957e-02 -8.77149994e-01
 -7.83999977e-02  1.38750020e-02  3.55249993e-02  4.02299999e-01
 -8.34599992e-01 -8.73749995e-02  2.75924997e-01 -3.21999998e-02
  4.78250061e-02 -3.41599990e-01 -7.34500015e-02  1.49049999e-01
 -2.07224996e-01  4.21925008e-01  6.03250044e-02  6.60250005e-02
  2.59149993e-01 -1.10900002e-01  3.97850005e-01  1.37000002e-01
  1.31799997e-01  5.28349998e-01 -4.50250003e-02  2.52499972e-02
  4.10424994e-01  2.19275001e-01 -1.80450002e-01 -5.58500001e-02
  6.81325005e-01 -1.77750001e-02  1.24274997e-01  1.30774994e-01
  5.63249998e-02  9.34500033e-02 -8.42749988e-02 -9.07500218e-03
 -1.56375000e-01 -2.02249968e-02 -1.21499997e-01 -2.52249994e-02
  2.57425005e-01  3.74050004e-01  8.79300005e-01  1.43475001e-01
 -7.80999959e-02  1.92999999e-01 -2.47525008e-01  3.41275013e-01]"
駐車場,"[-0.2285      0.07669999  0.6989      0.1576      0.11939999 -0.1911
 -0.3615      0.0327     -0.1631      0.168       0.0366      0.2116
 -0.09019999  0.14570001 -0.30040002  0.5134      0.0509     -0.25280002
 -0.2684      0.0633     -0.2028      0.2115     -0.1121      0.2291
 -0.1947      0.0514      0.0495     -0.0069      0.2601     -0.33749998
 -0.22       -0.3587     -0.1888     -0.4161      0.1198     -0.2549
  0.0108     -0.0442     -0.2324      0.1051     -0.4303      0.29689997
 -0.0115      0.3614     -0.77619994 -0.1234      0.46969998  0.3566
 -0.18        0.72       -0.3821      0.0037      0.0486      0.77400005
  0.07009999 -0.4633      0.2977     -0.3789      0.2529     -0.41979998
 -0.0801     -0.37980002 -0.38700002  0.0763      0.1561     -0.0545
  0.1204      0.1438      0.1056      0.252       0.2296      0.0439
  0.0769      0.11350001 -0.0175     -0.1929     -0.1685     -0.0898
 -0.3875     -0.08130001 -0.4019     -0.13030002 -0.2149      0.0303
 -0.36870003  0.2389     -0.3133      0.3754      0.0181     -0.29470003
 -0.34309998  0.223      -0.2201      0.5861      0.24270001 -0.0693
 -0.2824      0.0112     -0.1437      0.1114      0.187       0.767
  0.1004      0.5389      0.0462      0.1186     -0.1689      0.0951
 -0.2476      0.2105     -0.8284     -0.3539      0.48510003 -0.1929
  0.2148     -0.1367      0.11799999  0.62039995  0.3872      0.0726
 -0.0704     -0.0478     -0.0557     -0.0836     -0.3372     -0.0042
 -0.0423     -0.686      -0.0891     -0.086       0.0913     -0.3072
  0.1799     -0.1694      0.0581      0.04570001  0.1962      0.23499998
 -0.1274     -0.15370001 -0.5625      0.14029999  0.16440001 -0.2286
  0.5004      0.47190002 -0.0115      0.0431     -0.0731     -0.464
  0.1927      0.201       0.4526     -0.3353      0.73859996 -0.3229
 -0.2304      0.22670001  0.0095      0.45520002  0.2655     -0.2996
 -0.4922     -0.5071      0.1083     -0.0169     -0.1304     -0.2507
 -0.0097      0.1715      0.2633     -0.25190002 -0.19839999 -0.3725
  0.59860003  0.1289      1.0554     -0.1378     -0.05719999  0.2301
 -0.4707      0.0821     -0.1103      0.566      -0.1814      0.1076
  0.2424      0.2704      0.31620002 -0.3333     -0.3858      0.3301
  0.698       0.3685      0.0137     -0.1972      0.0322      0.1206
  0.2579      0.1493      0.0909      0.0223      0.8405     -0.6201
  0.18280001 -0.3634      0.1736      0.2263      0.0402     -0.4131
 -0.6048      0.2134      0.0239      0.05309999 -0.6244     -0.5067
  0.1173     -1.6861     -0.2975     -0.7343      0.10770001  0.0783
  0.745       0.0943      0.6228     -0.1041     -0.448      -0.1252
  0.40649998  0.0883      0.2535      0.0598     -0.5316     -0.2953
 -0.1152     -0.534      -0.6428      0.08409999  0.06550001 -0.1161
 -0.0638     -0.3332      0.388      -0.7501     -0.1504     -0.6062
 -0.4748     -0.1035      0.0346     -0.88089997 -0.20050001 -0.7305
  0.18       -0.1162     -0.0315      0.74660003 -0.0873     -0.034
  0.20470001  0.3569      0.31919998 -0.2553     -0.2572      0.1099
 -0.0933     -0.419       0.13800001 -0.262      -0.10339999 -0.1943
  0.3875     -0.1028      0.0848     -0.21339999  0.11310001 -0.3479
  0.2086      0.57809997 -0.3697      0.5028     -0.0154      0.2681
 -0.14119999  0.3359      0.5202     -0.6317     -0.7185     -0.1377
 -0.0433      0.34600002  0.5983      0.118      -0.4691      0.8512
 -0.61609995 -0.4329      0.0662      0.45700002  0.46170002  0.49670002]","[-0.45661999 -0.09038     0.83932     0.07062     0.05602    -0.13116
  0.14138     0.23845999 -0.14878     0.221       0.17474    -0.05446
 -0.12696     0.02612    -0.28766     0.0735     -0.11288    -0.28604
 -0.41738    -0.04168    -0.28890001  0.19386    -0.0596      0.184
 -0.18271999  0.15488     0.12092    -0.01808     0.18904001  0.05738
 -0.00724    -0.11578    -0.166      -0.2527      0.2305      0.01392
  0.10152     0.02752    -0.11566     0.41643999 -0.30776     0.30244
  0.38178     0.56100001 -0.39053999  0.16834     0.25513999  0.1721
 -0.0351      0.29868    -0.09398     0.01932     0.01294     0.33098001
  0.17802    -0.35426     0.27718    -0.05162     0.44368    -0.0781
  0.09956    -0.334      -0.34042    -0.13966     0.13548     0.03534
 -0.1198      0.13606    -0.08888     0.2391      0.00256     0.14832
  0.01984     0.00904    -0.01598    -0.11104    -0.11684     0.07801999
 -0.28792001 -0.06056    -0.13490001 -0.28634    -0.12874    -0.11142
 -0.2585      0.28126    -0.1307      0.05404    -0.10542    -0.06606
 -0.18672     0.2734     -0.10194     0.29094     0.10978    -0.27664
 -0.33764    -0.02959999 -0.08678     0.0639      0.24166     0.57522001
 -0.0775      0.16172     0.18632     0.28992    -0.04838     0.15602
 -0.08072     0.1008     -0.73708    -0.33428     0.44224001 -0.2048
  0.02432    -0.08036    -0.08566     0.47733999  0.08628    -0.04892
 -0.13444     0.03414     0.04034    -0.07056    -0.2141     -0.22856
  0.02598    -0.5366     -0.15614     0.25488    -0.09626    -0.03512
 -0.1873     -0.03016     0.13184    -0.0975      0.39545999  0.1841
 -0.01924     0.1243     -0.132       0.264       0.16706001 -0.17436
  0.3053     -0.05588    -0.342       0.07774    -0.2777      0.0022
  0.20334     0.27636     0.25708    -0.3015      0.62975999 -0.22774
 -0.0278      0.62188001  0.0427      0.27104001 -0.00708    -0.06084
 -0.37308    -0.33964     0.34848     0.05728    -0.23838     0.141
  0.128      -0.27166     0.06828    -0.18824    -0.05948    -0.14732
  0.28618001 -0.08638     0.63163999  0.00406     0.15284001  0.31674
  0.15121999  0.03788    -0.13056     0.12162    -0.17506    -0.2443
  0.02468     0.22664001  0.10574    -0.1787     -0.08648     0.25034
  0.45854001  0.0651      0.22154    -0.12954     0.18618    -0.23168001
  0.20424     0.07536    -0.23296     0.13278     0.19900001 -0.39656
  0.00986    -0.20998    -0.07188    -0.00736001 -0.16154    -0.31268001
 -0.36132     0.1617     -0.15589999 -0.24316    -0.29764    -0.19168
  0.05374    -1.65687999 -0.19786    -0.40152001 -0.02382    -0.07338
  0.22937999  0.20928     0.34862    -0.26886    -0.1027     -0.04002
  0.26843999  0.16720001  0.33445999  0.21065999 -0.54894    -0.20074
  0.0651     -0.21626    -0.72724     0.33424     0.20788    -0.38398
 -0.0504      0.20356     0.1709     -0.59969999  0.20252    -0.38766001
 -0.36376    -0.2943     -0.1823     -0.85862    -0.242      -0.64562001
  0.0276     -0.08068    -0.01442     0.3449     -0.09548    -0.11388
  0.13674001  0.00428     0.12       -0.14613999 -0.07027999 -0.08154
 -0.10702    -0.05668     0.11244     0.01204    -0.0176      0.10066
  0.23646    -0.14126     0.18108    -0.0865     -0.06524    -0.46352
  0.05532     0.34228    -0.2776     -0.04655999  0.18409999  0.3321
  0.03304    -0.0151      0.27936    -0.28894    -0.36192    -0.03388001
 -0.09826     0.11618     0.23538001 -0.01642    -0.66078001  0.92500001
 -0.52155999 -0.01564001  0.04654     0.33304     0.16106     0.31540001]"
入浴,"[ 1.740e-02 -1.403e-01  4.819e-01  1.433e-01  4.720e-02  1.020e-02
 -1.452e-01  1.866e-01  1.306e-01  1.113e-01  1.627e-01  3.278e-01
 -4.288e-01 -1.350e-01 -1.424e-01 -1.277e-01 -8.840e-02  1.890e-02
 -3.885e-01  4.280e-02  1.955e-01  1.817e-01 -6.690e-02  7.530e-02
 -9.180e-02  1.871e-01  2.480e-02  7.730e-02  8.200e-03  1.051e-01
  2.720e-02  2.563e-01  6.630e-02  3.914e-01  2.997e-01  1.750e-01
  1.278e-01 -6.590e-02 -1.445e-01 -2.044e-01 -6.050e-02 -1.262e-01
  2.527e-01  3.438e-01  2.277e-01 -5.270e-02 -2.580e-02  3.500e-03
  1.587e-01  2.150e-02  1.899e-01 -3.020e-01 -1.984e-01 -7.330e-02
  9.660e-02 -3.701e-01  1.416e-01  1.703e-01  2.336e-01  8.290e-02
  1.092e-01 -1.550e-01 -1.897e-01  1.878e-01  2.913e-01  3.700e-02
 -2.624e-01  1.884e-01 -5.288e-01  6.280e-02 -1.715e-01 -1.796e-01
 -6.180e-02  2.500e-03  7.420e-02 -1.174e-01 -1.355e-01  1.031e-01
 -1.464e-01 -6.760e-02 -2.837e-01  1.369e-01 -4.270e-02  1.474e-01
 -2.676e-01  1.916e-01  1.036e-01  2.666e-01  1.167e-01  9.550e-02
 -1.765e-01  2.417e-01  1.837e-01  6.820e-02  1.827e-01 -2.582e-01
 -1.937e-01 -3.039e-01 -5.000e-04  1.699e-01  2.960e-02  3.984e-01
 -1.329e-01 -1.388e-01  1.798e-01  3.789e-01  2.148e-01 -2.496e-01
 -1.264e-01 -4.100e-02 -1.948e-01 -1.825e-01 -2.163e-01  2.222e-01
 -1.117e-01  2.345e-01  1.018e-01  3.106e-01 -5.820e-02 -3.102e-01
  2.390e-02  2.414e-01  4.630e-02 -1.226e-01  2.341e-01 -3.423e-01
  1.663e-01 -2.536e-01 -5.490e-02  1.925e-01  2.310e-02  1.603e-01
 -2.950e-02 -8.250e-02 -4.900e-02  3.614e-01  1.756e-01 -1.199e-01
  2.670e-02  1.120e-01  1.783e-01  5.638e-01  5.110e-02  6.470e-02
  3.950e-02  1.320e-01 -3.559e-01 -3.582e-01 -2.510e-02 -8.640e-02
  1.064e-01  2.172e-01 -2.310e-02  8.200e-03  6.168e-01 -3.401e-01
  1.499e-01  6.669e-01 -4.090e-02 -1.174e-01  2.370e-01 -6.100e-02
 -3.999e-01  5.130e-02  1.814e-01  9.890e-02 -1.237e-01  1.986e-01
  3.380e-02  2.700e-03  2.317e-01  7.040e-02 -3.510e-01 -3.152e-01
 -2.417e-01  4.600e-02 -7.230e-02  1.197e-01  1.697e-01  4.904e-01
  2.435e-01  2.142e-01 -2.760e-02  1.542e-01 -8.520e-02 -1.467e-01
  1.145e-01  5.340e-02 -2.528e-01  1.770e-01  8.980e-02  7.080e-02
  3.313e-01  3.340e-02  2.930e-02 -1.150e-01  7.580e-02 -2.753e-01
  4.092e-01  6.900e-02  2.437e-01  4.920e-02 -2.111e-01  5.250e-02
 -1.527e-01 -1.741e-01  4.680e-02 -1.088e-01 -8.180e-02 -1.856e-01
 -1.954e-01 -6.590e-02 -9.760e-02 -4.610e-02  1.303e-01  1.648e-01
  3.685e-01 -9.652e-01  2.772e-01 -3.222e-01 -1.900e-02 -3.090e-02
  1.580e-01 -2.714e-01  1.417e-01 -1.719e-01 -2.443e-01 -1.000e-01
  3.070e-02 -1.272e-01  1.050e-01 -9.760e-02 -5.406e-01  1.158e-01
  2.014e-01 -5.770e-02 -4.012e-01  5.110e-01 -1.438e-01 -1.887e-01
  2.098e-01 -2.310e-02  2.865e-01 -2.449e-01 -1.365e-01 -2.444e-01
 -1.313e-01 -5.670e-02 -1.079e-01  6.297e-01  1.814e-01 -3.224e-01
  3.255e-01 -1.527e-01 -1.121e-01 -2.336e-01 -2.445e-01 -2.265e-01
  4.690e-02  6.110e-02  4.830e-02 -1.907e-01 -2.923e-01 -1.465e-01
 -4.519e-01  4.497e-01  2.960e-01  5.810e-02 -7.200e-03  2.977e-01
 -1.360e-02 -6.520e-02 -8.080e-02  4.341e-01  1.130e-02 -2.781e-01
 -3.096e-01  5.656e-01  1.794e-01 -1.204e-01 -1.180e-02  2.555e-01
  1.486e-01 -1.915e-01  7.510e-02 -2.431e-01 -8.490e-02  5.340e-02
 -1.860e-02 -3.717e-01 -2.182e-01  3.670e-02 -4.821e-01  2.443e-01
 -1.576e-01 -6.180e-02  9.720e-02  2.360e-02  1.527e-01 -1.215e-01]","[ 0.11016667 -0.2777      0.68136668  0.2186      0.0791     -0.0685
 -0.2767      0.134       0.12273334  0.07983333  0.2638      0.45136667
 -0.40386665 -0.1825     -0.36313333 -0.16956667 -0.04076667  0.03636667
 -0.45523334  0.03093334  0.31116667  0.27093334  0.00236667  0.0615
 -0.15956666  0.0275      0.02876667  0.0393      0.1365      0.1651
 -0.01336667  0.21396667  0.08716666  0.32366668  0.33133333  0.0814
  0.17773334 -0.01966667 -0.3142     -0.19726667 -0.1213     -0.06516667
  0.14063333  0.23460001  0.04893333  0.1808      0.01386666  0.04823334
  0.1434      0.12356667  0.1721     -0.27759999 -0.14610001 -0.0879
  0.08513334 -0.41113333  0.2832      0.08770001  0.34250001  0.13293334
  0.10276667 -0.30493333 -0.32136668  0.21553334  0.3454      0.09786667
 -0.29966667  0.23686667 -0.56513334  0.10993333 -0.29856666 -0.35343334
 -0.1238      0.00466666  0.07563333 -0.23703333 -0.17286667  0.05733333
 -0.18353334  0.02506667 -0.30986665  0.10246666 -0.07513333  0.27496667
 -0.4675      0.17303333  0.0101      0.31340001  0.06913333  0.2113
 -0.19379999  0.26026666  0.22486666  0.1436      0.46203333 -0.33073332
 -0.27466667 -0.2805      0.0632      0.1605     -0.01303333  0.69936669
 -0.19       -0.06686666  0.14903334  0.53183333  0.23626667 -0.31673333
  0.00426667 -0.04533333 -0.36386666 -0.29303334 -0.24403333  0.06826667
 -0.2593      0.27463334  0.07646667  0.34586668  0.13856666 -0.35703334
  0.06983333  0.36476667  0.0485     -0.1004      0.33253333 -0.3269
  0.2097     -0.28006666 -0.0381      0.11156666  0.0526      0.1861
 -0.03066667 -0.18783334 -0.04876667  0.18313335  0.21840001 -0.0251
 -0.03346667  0.03503334  0.18353333  0.57609998  0.03756667 -0.02423333
  0.32503334  0.17916666 -0.42386666 -0.34886668 -0.09953333 -0.098
  0.15476666  0.21686666 -0.07046667 -0.0249      0.99293333 -0.45806666
  0.1833      0.75336665 -0.07883333 -0.24079999  0.33316667 -0.09983333
 -0.38126666  0.0269      0.289       0.1398     -0.25306667  0.11839999
  0.07376667  0.0085      0.263       0.16166666 -0.43986668 -0.21936666
 -0.20836666  0.1396     -0.0854      0.1526      0.1165      0.51179998
  0.1489      0.20793334 -0.0726      0.19006667 -0.03806666 -0.19136666
 -0.01963334  0.19446666 -0.18279999  0.16783333  0.0458      0.05843333
  0.44976666  0.13736666  0.08596667 -0.12583334  0.09713334 -0.29403333
  0.49766668  0.12223333  0.10596666  0.05543333 -0.23463333  0.11846666
 -0.14310001 -0.22286666  0.15133333 -0.04466667 -0.06103333 -0.29323334
 -0.14283333 -0.1111     -0.07623333 -0.01543333 -0.0749      0.11663334
  0.39439999 -1.45586667  0.17773335 -0.37806667  0.04383333 -0.0111
  0.26493334 -0.36826667  0.32096667 -0.33066667 -0.21483333 -0.23313334
  0.0831     -0.04533334  0.20286666 -0.03153333 -0.67113333  0.1005
  0.2932     -0.00876667 -0.61283333  0.66856664 -0.09730001 -0.1828
  0.15276667 -0.09973333  0.3119     -0.53036666 -0.14106667 -0.40036666
 -0.1471     -0.12836667 -0.17616667  0.344       0.21533334 -0.50943333
  0.44576668 -0.30386668 -0.0254     -0.25613334 -0.42853333 -0.30586667
 -0.00293333  0.1222      0.06343333 -0.0186     -0.31156665 -0.06536667
 -0.4298      0.48476667  0.4054      0.073      -0.01023333  0.35739999
 -0.00619999 -0.11506667 -0.16293333  0.39716667 -0.03906667 -0.24160002
 -0.31353333  0.57266665  0.24733333 -0.2657      0.05023333  0.32916665
  0.0874     -0.18593333  0.02143333 -0.35766667  0.0542      0.0917
 -0.063      -0.23999999 -0.24723333 -0.0341     -0.57223334  0.32259999
 -0.1783     -0.025       0.14846666  0.04556667  0.13853334 -0.01133333]"
風呂,"[-3.222e-01 -2.162e-01  4.804e-01  1.761e-01  4.000e-04  1.143e-01
  8.500e-02 -7.500e-02 -7.220e-02  1.615e-01  1.109e-01 -3.840e-02
 -2.282e-01 -8.150e-02 -3.460e-01 -1.381e-01 -2.610e-01 -1.456e-01
 -3.795e-01 -1.727e-01 -2.586e-01  5.560e-02 -1.787e-01  1.266e-01
  8.300e-02  2.425e-01 -9.840e-02  1.542e-01 -1.086e-01  1.520e-01
  1.986e-01  3.099e-01  1.376e-01  7.080e-02  3.262e-01  2.164e-01
  1.210e-01  6.700e-03  1.271e-01 -6.860e-02 -2.761e-01  5.060e-02
  3.063e-01  4.548e-01 -7.530e-02 -2.102e-01 -1.209e-01 -2.017e-01
  1.187e-01  2.678e-01  2.040e-01 -1.955e-01 -1.519e-01  1.670e-02
  7.280e-02 -6.470e-02  1.019e-01  2.917e-01  2.538e-01  2.409e-01
  4.470e-02 -1.882e-01 -6.310e-02  7.510e-02  2.003e-01  6.460e-02
 -9.320e-02  1.281e-01 -6.670e-02  7.420e-02 -2.610e-02 -1.896e-01
  6.720e-02  1.912e-01 -6.890e-02 -3.134e-01 -7.830e-02  1.023e-01
 -5.840e-02 -1.560e-02  2.000e-03  2.976e-01 -8.410e-02  2.021e-01
 -1.150e-02  4.330e-02  2.536e-01 -1.030e-02 -2.560e-02  3.306e-01
 -1.436e-01  5.360e-02  4.580e-02  7.460e-02 -2.950e-02 -3.688e-01
 -1.875e-01 -2.904e-01 -1.498e-01  3.812e-01  1.032e-01  4.489e-01
 -2.525e-01 -1.577e-01  1.741e-01  4.918e-01  8.080e-02 -1.396e-01
 -5.690e-02 -3.250e-02 -1.782e-01 -1.567e-01 -5.940e-02  2.840e-02
  7.970e-02  9.840e-02 -8.600e-03  3.908e-01 -1.082e-01 -1.746e-01
  1.267e-01  1.117e-01  1.180e-02 -7.680e-02 -2.170e-02 -2.100e-01
  1.650e-02 -3.755e-01 -2.105e-01  2.465e-01 -7.980e-02  1.991e-01
  2.051e-01 -1.700e-02 -8.370e-02  3.126e-01  1.609e-01 -7.940e-02
 -3.768e-01  1.279e-01 -2.000e-03  4.919e-01  1.265e-01 -2.612e-01
 -7.650e-02 -1.987e-01 -2.633e-01 -7.130e-02  1.537e-01  2.993e-01
  1.675e-01  2.896e-01  6.840e-02 -9.950e-02  2.052e-01 -1.134e-01
 -1.904e-01  1.531e-01  8.480e-02  2.533e-01  1.561e-01 -1.625e-01
 -5.267e-01  1.241e-01  3.025e-01  3.190e-02 -6.040e-02  1.905e-01
 -2.180e-02 -4.280e-02 -7.970e-02  1.080e-01 -2.435e-01 -1.354e-01
  1.575e-01 -1.758e-01  5.630e-02  1.843e-01  3.261e-01  5.490e-02
  1.183e-01  8.720e-02  3.120e-02 -9.200e-03 -1.393e-01 -2.059e-01
  1.727e-01 -8.060e-02  9.060e-02  1.862e-01  1.095e-01  2.550e-01
  3.254e-01  4.231e-01 -2.700e-03 -4.570e-02  3.666e-01 -1.645e-01
  2.428e-01 -2.830e-02  1.383e-01  1.480e-02 -3.980e-02 -4.398e-01
 -2.549e-01 -2.484e-01 -2.431e-01 -3.156e-01  1.072e-01 -2.991e-01
 -8.220e-02  2.028e-01  6.660e-02  1.306e-01 -1.273e-01  3.040e-02
  1.023e-01 -8.709e-01  1.090e-01 -2.832e-01 -1.063e-01  1.290e-02
  1.267e-01 -2.240e-02  1.173e-01 -8.880e-02 -1.976e-01 -2.323e-01
  9.900e-03 -2.224e-01  1.672e-01 -1.906e-01 -4.750e-01  1.153e-01
  1.341e-01 -1.580e-02 -3.627e-01  8.010e-02  1.288e-01 -3.693e-01
  3.540e-02  1.398e-01  1.384e-01 -9.950e-02  2.270e-02 -2.406e-01
 -3.147e-01 -2.003e-01  1.204e-01 -8.670e-02 -1.529e-01 -3.351e-01
  1.706e-01  1.659e-01 -1.442e-01  8.620e-02 -1.488e-01 -1.580e-01
 -2.065e-01  4.780e-02  1.311e-01 -4.475e-01 -3.004e-01 -8.500e-03
 -7.280e-02  1.699e-01  5.560e-02 -2.330e-02 -2.720e-02  1.531e-01
 -9.700e-03 -1.811e-01 -5.000e-03 -6.000e-03 -8.400e-03 -2.198e-01
 -1.326e-01  5.064e-01 -1.830e-02 -1.953e-01  8.960e-02  3.461e-01
 -9.830e-02 -5.940e-02  3.040e-01 -1.599e-01 -2.010e-02  2.636e-01
 -7.760e-02 -1.430e-01  1.072e-01  4.460e-02 -3.357e-01  4.100e-01
 -5.694e-01  1.670e-02 -4.990e-02  2.267e-01  1.537e-01  3.404e-01]","[-2.28611114e-01 -2.21488882e-01  7.01166663e-01  2.54277778e-01
 -1.12872222e-01  1.26977777e-01  1.37255556e-01 -1.41077782e-01
 -1.14794444e-01  2.23144449e-01  1.87938889e-01 -6.60944475e-02
 -2.45188892e-01 -1.18333350e-03 -5.11022206e-01 -5.21944422e-02
 -2.39788895e-01 -1.35861117e-01 -5.30822222e-01 -1.75388892e-01
 -1.92788889e-01  1.41711108e-01 -3.81238890e-01  3.81499985e-02
  1.45999997e-01  1.40927782e-01 -1.26683330e-01  1.79844446e-01
 -1.11888887e-01  1.35372217e-01  1.98238884e-01  2.73516655e-01
  1.55944447e-01  2.22722212e-02  2.64927784e-01  1.74666664e-01
  1.81638888e-01 -4.99444389e-03  2.60250004e-01 -3.22111126e-02
 -2.84261121e-01 -3.12778004e-03  3.20566679e-01  5.25250009e-01
 -9.42888886e-02 -4.99166629e-02 -1.46022222e-01 -1.44972223e-01
  2.03016662e-01  3.53638887e-01  1.75244441e-01 -2.72788893e-01
 -7.78777747e-02  3.50222231e-02  1.12833335e-01 -1.69188888e-01
  1.49544442e-01  2.46133338e-01  2.49277782e-01  2.95383328e-01
  5.97888885e-02 -1.99627775e-01 -3.20611140e-02  1.47272221e-01
  2.44527771e-01  6.36777757e-02 -7.03333327e-02  6.47333277e-02
 -1.27433332e-01  9.07666629e-02  5.39111127e-02 -1.79566672e-01
  1.16477774e-01  1.99977780e-01  2.72277789e-02 -3.97211111e-01
 -1.23066666e-01  1.05244447e-01 -8.98277796e-02 -5.97444441e-02
  5.55277768e-02  3.30800001e-01 -1.86633334e-01  1.31216661e-01
 -9.76277780e-02  4.85000007e-02  2.00322224e-01  1.88889448e-04
  2.99388894e-02  2.85894438e-01 -1.77105558e-01  4.87888870e-02
  5.77833345e-02  1.79900004e-01 -1.06777774e-02 -3.35916680e-01
 -4.04088889e-01 -2.75694444e-01 -1.72844448e-01  3.71666655e-01
  1.39588892e-01  5.61277788e-01 -3.09883330e-01 -1.21805560e-01
  1.41194441e-01  7.63716674e-01  9.15833303e-02 -1.06733328e-01
 -4.38111110e-02  1.86111125e-02 -2.14900007e-01 -6.46388893e-02
 -4.28555543e-02  3.14944453e-02  1.40638888e-01  2.64727775e-01
 -1.75772223e-01  4.44288888e-01 -1.02200000e-01 -2.24422227e-01
  7.87388884e-02  6.06833305e-02  7.65388880e-02 -6.89722253e-02
 -6.04166665e-02 -2.21294438e-01  3.14111115e-02 -3.39138881e-01
 -2.24722225e-01  2.47988890e-01 -1.25277781e-01  2.12700003e-01
  2.37527778e-01 -1.82077776e-01 -1.75333358e-02  6.11722118e-02
  1.25922219e-01 -4.69000024e-02 -2.75405555e-01  1.56377782e-01
 -1.04277771e-02  4.17261109e-01  2.34072218e-01 -3.21155563e-01
  7.70722225e-02 -2.04722217e-01 -1.80566665e-01 -1.34177778e-01
  1.27894438e-01  3.33394433e-01  2.17433337e-01  2.47038905e-01
  1.95311114e-01 -2.40277790e-02  3.00794443e-01 -1.48694442e-01
 -1.25433336e-01  1.76144443e-01  8.60222208e-02  1.78305566e-01
  2.24516673e-01 -1.58938882e-01 -5.60044462e-01  4.76666688e-02
  3.37750011e-01  8.51166654e-02 -2.97944453e-02  1.81222228e-01
 -2.55944449e-02 -3.29444459e-02 -7.15222234e-02  7.07555576e-02
 -3.31761107e-01 -1.33238886e-01  8.98944456e-02 -1.76633330e-01
 -2.75388886e-02  2.02122227e-01  2.87233327e-01  7.47277771e-02
  1.70533330e-01 -1.74277770e-02  6.58666661e-02  5.18222217e-02
 -1.73411116e-01 -2.81044442e-01  6.70555568e-02 -6.47111103e-02
  9.08833317e-02  1.50183328e-01  2.03244439e-01  1.92044440e-01
  3.08538884e-01  4.08466663e-01  4.50111090e-02 -5.96222203e-02
  4.31000006e-01 -1.73416666e-01  1.43216663e-01  1.29777787e-02
  1.44227781e-01  1.05866668e-01 -1.02866668e-01 -4.01594439e-01
 -2.41550008e-01 -2.43305558e-01 -1.69905561e-01 -2.88372228e-01
  7.51277746e-02 -3.02327788e-01 -2.37044442e-01  2.59372227e-01
 -5.93388872e-02  1.71988894e-01 -4.89499975e-02 -9.07055549e-02
  1.04500004e-01 -1.49350553e+00  1.05472221e-01 -2.27011106e-01
 -1.61277749e-02  1.02611114e-02  1.65216666e-01 -3.83777749e-02
  9.86444412e-02 -1.59827776e-01 -1.82938895e-01 -2.96822221e-01
  1.65555553e-01 -1.71955551e-01  1.04900000e-01 -2.90438884e-01
 -6.35061105e-01  1.83949999e-01  2.20088895e-01 -3.47166635e-02
 -5.49988880e-01  1.34055555e-01  1.18772225e-01 -3.32338899e-01
  1.28705558e-01  1.25811108e-01  1.91177780e-01 -3.57044445e-01
  3.38277808e-02 -3.65161115e-01 -3.47677784e-01 -1.55188882e-01
  5.63499985e-02 -8.41666680e-02 -1.45927774e-01 -6.53849997e-01
  1.40572221e-01  1.83600007e-01 -5.20277760e-02  2.43338890e-01
 -1.76133335e-01 -9.82111172e-02 -2.34627773e-01  1.42500002e-02
  1.00077777e-01 -4.59905548e-01 -1.80783323e-01  7.71055556e-02
 -1.20205559e-01  7.58555577e-02 -5.47055581e-02 -6.62222225e-02
 -5.72444451e-02  8.10777757e-02  3.55277766e-02 -2.57816663e-01
  2.66444447e-02 -3.52166656e-02 -6.08499997e-02 -2.12994440e-01
 -8.91499949e-02  4.69088879e-01 -6.10000030e-03 -2.06138886e-01
  7.17388843e-02  2.97922225e-01 -1.42655557e-01 -1.46233335e-01
  3.93094438e-01 -1.77388883e-01 -6.67999992e-02  2.68061103e-01
 -9.34888910e-02 -8.74722264e-02  3.27444394e-02  1.14794444e-01
 -3.55400006e-01  3.94249994e-01 -6.59466679e-01 -2.92722236e-02
 -8.63888901e-03  2.30966662e-01  1.54416660e-01  2.35938898e-01]"
岩盤浴,"[-3.16900015e-01 -3.54699999e-01  3.93599987e-01  8.92999992e-02
 -1.96700007e-01  1.02699995e-01  4.33699995e-01 -6.14300013e-01
 -4.47899997e-01  6.22599959e-01  9.94000062e-02  3.31399977e-01
 -5.47800004e-01 -4.48599994e-01 -2.93300003e-01 -5.70000000e-02
  1.79199994e-01 -7.02999979e-02 -3.30700010e-01  1.08900003e-01
 -2.24500030e-01  7.56999999e-02 -1.33599997e-01  1.97000057e-02
  3.79299998e-01  2.02300012e-01 -2.36999989e-01  3.40200007e-01
 -9.98999998e-02  4.87500012e-01  1.55699998e-01  7.97999948e-02
  6.04000017e-02  1.79800004e-01  1.78599998e-01  1.74000040e-02
  2.51199991e-01  1.93399996e-01  6.70000166e-03 -1.31200001e-01
 -3.63700002e-01 -7.35900044e-01 -8.88599992e-01  5.78700006e-01
 -2.12300003e-01  6.60799980e-01 -1.38300002e-01  2.00100005e-01
 -1.46699995e-01  2.05300003e-01  5.45700014e-01 -7.19998777e-03
 -3.17499995e-01  7.14999959e-02  5.25999963e-02 -1.68099999e-01
  6.53900027e-01 -6.47999942e-02  2.48500004e-01  4.13399994e-01
  1.00999996e-01 -3.94299984e-01 -6.31699979e-01  3.98699999e-01
  2.74999961e-02  6.97000027e-01  5.37600040e-01  3.36499989e-01
 -5.77600002e-01  5.79900026e-01 -5.60699999e-01  1.29000008e-01
  2.69100010e-01 -6.16500020e-01 -1.35000050e-02 -6.33800030e-01
  3.43900025e-01  3.03700000e-01  4.20599997e-01  9.22999978e-02
  9.14999992e-02  6.05999976e-02 -3.37599993e-01 -3.97300005e-01
 -6.40200019e-01  6.67199969e-01  5.06500006e-01  9.35999975e-02
 -6.59999996e-02  2.02000029e-02 -2.32699990e-01 -3.16499978e-01
 -9.07000005e-02  7.25000054e-02 -8.38000029e-02 -7.21300006e-01
 -1.92499995e-01 -4.63999987e-01 -4.04299974e-01 -3.45299989e-01
  5.90499997e-01  6.19899988e-01 -4.68500018e-01  7.80001283e-03
  4.96900022e-01  4.03299987e-01 -1.61599994e-01 -3.02899987e-01
  1.75700009e-01  1.69599995e-01 -3.68400007e-01  4.20800030e-01
 -7.18199968e-01 -3.60399991e-01  4.42999989e-01  5.71500003e-01
  3.50099981e-01 -1.38300002e-01 -9.29000005e-02 -1.55200005e-01
  3.33099991e-01  1.92800015e-01  2.65700012e-01 -5.04299998e-01
 -4.65399981e-01 -6.04699969e-01  2.60500014e-01 -4.65999991e-02
 -6.54100001e-01 -3.12999934e-02  2.24299997e-01  6.02400005e-01
  2.44999975e-02 -7.76000023e-02 -4.42099988e-01  1.30600005e-01
 -1.41599998e-01  4.71700013e-01  6.74000084e-02 -1.13299996e-01
 -2.29299992e-01  4.58999984e-02  4.43599999e-01 -1.56300008e-01
  6.97600007e-01 -1.00100003e-01  1.10099994e-01 -6.05199993e-01
 -3.01899999e-01  6.74899995e-01  5.43500006e-01 -2.40599990e-01
 -4.09900010e-01 -2.63799995e-01  6.83000013e-02 -1.19999051e-03
  4.00299996e-01  9.39299941e-01  2.48699993e-01  3.39800000e-01
 -1.33000001e-01  3.88999991e-02 -4.19200003e-01 -7.56900012e-01
 -7.23000020e-02 -2.95100003e-01  2.34699994e-01  5.50300002e-01
 -1.18799999e-01 -4.55200016e-01 -2.19999999e-03  3.09700012e-01
 -4.78799999e-01 -8.17100048e-01  2.13900000e-01  2.17199996e-01
 -2.35699996e-01  1.31500006e-01  3.18399996e-01  9.84899998e-01
  6.86200023e-01 -8.65999982e-02  7.12000012e-01 -5.11099994e-01
  3.88899982e-01 -9.22000036e-02 -1.32700011e-01 -6.98400021e-01
 -3.12200010e-01 -2.43999988e-01  2.14900002e-01 -3.71800005e-01
  5.75899959e-01 -1.18400000e-01 -2.75299996e-01 -3.09799999e-01
 -3.68999988e-02 -3.70000005e-02  7.31500030e-01  2.98999958e-02
 -2.29599997e-01  3.22099984e-01 -4.91600007e-01 -1.23869991e+00
 -3.72900009e-01 -1.23799995e-01 -3.87600005e-01  2.78899997e-01
 -2.28399992e-01 -2.67800003e-01 -5.97800016e-01  4.04300004e-01
 -2.00900003e-01  7.93500006e-01  2.43000016e-02  1.21099994e-01
  5.35000026e-01 -1.88669991e+00  8.20999980e-01 -8.94299984e-01
  1.35199994e-01 -8.74999985e-02  1.35200009e-01 -8.87600064e-01
  1.59099996e-01 -6.57000020e-02 -1.03699997e-01  1.51699990e-01
  2.08400011e-01 -2.79999971e-02 -5.92999905e-02  4.39400017e-01
 -8.08099985e-01  4.12999988e-02 -2.11999975e-02  5.01699984e-01
 -7.64699996e-01  5.73300004e-01  1.99000001e-01 -1.53670001e+00
 -4.09299999e-01  5.17999977e-02  3.80000025e-02 -9.63099957e-01
  1.75799996e-01 -5.86300015e-01  2.47000009e-02  9.56999958e-02
  3.28199983e-01  1.10599995e-01 -3.18800002e-01 -1.05870008e+00
  2.20699996e-01  1.83100000e-01  1.59099996e-01  2.74200022e-01
 -1.01199999e-01  7.31000006e-02 -4.30299997e-01  3.82900000e-01
  6.06799960e-01 -2.74399996e-01  5.81000000e-02 -7.14100003e-01
 -2.78200001e-01  1.91799998e-01 -2.86700010e-01  1.49500012e-01
 -3.49700004e-01  4.27200019e-01  5.27500033e-01  1.20300002e-01
 -3.68299991e-01  5.51699996e-01  1.59500018e-01  2.72100002e-01
  8.35600019e-01  2.59800017e-01  7.69100010e-01 -2.91200012e-01
 -4.88000065e-02 -2.12000012e-01 -7.90400028e-01 -3.29800010e-01
  1.74699992e-01 -1.24600001e-01  2.54299998e-01  4.26499993e-01
  2.08999991e-01 -3.12099993e-01 -4.43199992e-01  6.57000020e-02
 -4.49999988e-01  3.03100020e-01 -6.83000013e-02  3.56500000e-01
 -6.80899978e-01  3.35800022e-01  6.26600027e-01 -2.16199994e-01]","[-2.20100003e-01 -1.90666664e-01  2.54833337e-01  8.26333302e-02
 -8.77000012e-02 -1.15466670e-01  1.44766664e-01 -2.34200011e-01
 -1.47800000e-01  6.89033325e-01 -1.02333315e-02  2.99833329e-01
 -4.30500007e-01 -6.62533309e-01 -7.48666575e-02 -9.97666673e-02
  2.52566665e-01 -7.17333338e-02 -3.25733335e-01 -4.05666654e-02
 -3.53266695e-01 -3.78333343e-02 -2.22300003e-01  1.71366672e-01
  1.73833333e-01  5.68666694e-02 -2.68133335e-01  4.59800017e-01
 -1.13166666e-01  3.31066669e-01  9.25000015e-02  2.45699998e-01
  2.83000004e-01  2.56533338e-01  1.33033338e-01  1.88766669e-01
  3.27699995e-01  1.14666668e-02 -1.80666670e-02 -7.69999685e-03
 -1.37033332e-01 -4.54533344e-01 -5.29133322e-01  4.63133338e-01
 -1.27033333e-01  4.41399987e-01 -1.05433333e-01  1.62400000e-01
 -2.14599999e-01  1.96133340e-01  3.14433332e-01 -1.27099991e-01
 -1.63200002e-01 -1.87266670e-01 -5.70000087e-03  1.31333334e-02
  3.74100006e-01  1.22200004e-01  1.46400003e-01  2.26533328e-01
 -6.70000073e-03 -2.98466660e-01 -3.98633319e-01  2.47300005e-01
  1.96166664e-01  3.84433339e-01  4.23366673e-01  3.15833324e-01
 -4.47233327e-01  2.22800002e-01 -3.76366670e-01  8.67000017e-02
  2.04499997e-01 -3.66733330e-01  1.29033331e-01 -5.92933337e-01
  6.81000004e-02  2.57966674e-01  5.55300009e-01  1.63333332e-01
  1.22499997e-01  2.69366667e-01 -4.66266667e-01 -2.41400004e-01
 -4.64966678e-01  4.27933341e-01  3.39566659e-01 -5.92333317e-02
  5.33333289e-03  1.33200003e-01 -2.09799997e-01 -8.99989158e-04
  3.81333344e-02 -1.12333332e-01 -2.06666750e-03 -6.53533332e-01
 -2.25200000e-01 -4.03866664e-01 -2.04566660e-01 -2.07833327e-01
  3.85066663e-01  4.93533341e-01 -5.04400013e-01 -1.26399991e-01
  3.83200005e-01  4.40999866e-02 -9.73333346e-02 -1.56099999e-01
  2.79000029e-02  1.12999996e-01 -5.62533334e-01  2.22966676e-01
 -6.62900003e-01 -2.55133331e-01  2.99799997e-01  4.29233331e-01
  2.07766661e-01  8.27666658e-02 -9.03333444e-03 -1.65966671e-01
  2.68966660e-01  2.85533343e-01  1.88999999e-01 -3.64199996e-01
 -4.43266657e-01 -4.12100000e-01  2.33500001e-01 -2.07566659e-01
 -4.80899987e-01  2.34266669e-01  1.74166665e-01  4.55000003e-01
 -7.84333330e-02 -1.02599997e-01 -4.72999992e-01  2.62133339e-01
 -1.63433333e-01  3.74033342e-01 -2.53799997e-01 -1.15533332e-01
 -6.04999972e-02  2.99166668e-01  3.02366664e-01 -7.09666656e-02
  6.52466692e-01  4.34000020e-02  9.21666607e-02 -3.28466672e-01
 -1.28833334e-01  4.10833326e-01  4.03499998e-01 -7.47333318e-02
 -4.16466677e-01  5.16000027e-02  2.25733328e-01 -1.49333328e-01
  4.17366659e-01  7.29333306e-01  2.63366669e-01  2.01766670e-01
 -7.30666649e-02  7.14333355e-02 -1.14066668e-01 -7.89600025e-01
  7.17999985e-02 -2.59933328e-01  2.42200003e-01  4.58333330e-01
 -9.90000491e-03 -5.53766680e-01 -2.44999963e-02  2.06566668e-01
 -4.81533330e-01 -6.18033352e-01  1.51200005e-01  2.47399995e-01
 -1.85866666e-01  1.89000008e-02  2.74466663e-01  8.92633357e-01
  4.46700017e-01  3.63333461e-03  5.50933341e-01 -3.13533342e-01
  2.35333332e-01 -4.79000000e-02  5.99999980e-02 -6.96833357e-01
 -2.63066672e-01 -6.25333320e-02  1.84666665e-01 -2.69500006e-01
  5.03666654e-01 -2.55066667e-01 -1.20533333e-01 -3.42899995e-01
  1.82399999e-01 -9.76333316e-02  6.12666669e-01 -1.31066666e-01
  2.28500004e-01  8.45666652e-02 -3.38166675e-01 -9.02533313e-01
 -3.40033328e-01 -2.37833331e-01 -3.54233344e-01  1.97833327e-01
 -3.27733325e-01 -7.81333347e-02 -3.61066664e-01  4.41366680e-01
 -1.43000012e-02  6.56766678e-01  4.99999970e-02  1.42899993e-01
  3.02466670e-01 -1.71540002e+00  3.70066658e-01 -5.90633328e-01
  1.29599997e-01 -3.72566670e-01  1.25533339e-01 -7.73266695e-01
  1.79600000e-01 -4.53333339e-02 -2.01433336e-01  7.31333305e-02
 -1.15266666e-01  3.01666685e-02  5.10333392e-02  3.88866668e-01
 -7.02699984e-01 -2.73166670e-01 -1.34933330e-01  2.01933332e-01
 -9.69133310e-01  3.61466668e-01  8.14333335e-02 -1.09223333e+00
 -2.29466671e-01  1.64199995e-01  2.49500001e-01 -7.97199999e-01
 -3.89000028e-02 -5.27966663e-01 -6.26999999e-02  7.21333334e-02
  2.67166665e-01  1.26866661e-01 -2.57333294e-02 -9.08266683e-01
  1.94899999e-01  1.04066670e-01  9.68999993e-02  3.59566672e-01
 -1.37333333e-01  1.40133330e-01 -3.37833337e-01  3.76100001e-01
  1.89733331e-01 -3.09033334e-01 -1.31600000e-01 -4.73266699e-01
 -2.98800002e-01  1.92333361e-02 -2.76667376e-03  1.47400007e-01
 -1.65500000e-01  3.51600006e-01  2.15533325e-01  2.64800000e-01
 -2.10033332e-01  4.31299994e-01  2.75166680e-01  1.52566671e-01
  4.44466680e-01  2.16100004e-01  4.65333344e-01 -1.77400009e-01
 -3.29666634e-02 -4.88333354e-02 -3.94400001e-01 -2.96599992e-01
  3.40999996e-01 -1.96333304e-02  1.53833336e-01  1.90933333e-01
  8.37999995e-02 -3.16633326e-01 -3.79033337e-01  9.80999982e-02
 -5.25566667e-01  1.51233334e-01  2.73000011e-02  1.46266662e-01
 -4.78533336e-01  3.17466679e-01  3.55799992e-01 -1.42966664e-01]"
温泉,"[-4.760e-02 -1.573e-01  1.903e-01  9.770e-02 -5.140e-02  9.120e-02
 -1.484e-01 -1.152e-01 -3.010e-02  3.264e-01  2.650e-02  4.130e-01
 -2.188e-01 -3.022e-01 -3.100e-01  3.010e-02  5.470e-02  2.840e-02
 -3.848e-01  1.960e-02 -3.210e-02  4.610e-02 -4.755e-01 -2.700e-02
  3.295e-01 -3.730e-02  7.320e-02  2.164e-01  1.753e-01  3.600e-03
  2.137e-01 -6.230e-02 -1.890e-01  4.980e-02  7.150e-02  2.480e-02
  2.608e-01  2.579e-01 -1.867e-01 -1.662e-01 -5.990e-02 -7.260e-02
  3.800e-02  4.333e-01 -9.630e-02 -5.640e-02  6.400e-02 -1.631e-01
 -6.200e-03  1.176e-01  3.324e-01 -2.635e-01 -2.965e-01 -1.047e-01
  2.194e-01 -2.720e-02  2.820e-02 -1.449e-01  4.780e-02  4.692e-01
  4.890e-02 -1.800e-01  1.890e-02  3.050e-02  1.619e-01  2.610e-02
 -1.295e-01  1.606e-01 -1.803e-01  4.300e-02 -3.070e-02 -4.200e-02
  2.435e-01 -2.886e-01  2.199e-01 -5.320e-02 -2.500e-02 -6.250e-02
  3.460e-02 -8.470e-02 -5.400e-02  3.090e-01 -5.970e-02  3.313e-01
 -1.010e-02  1.413e-01 -9.570e-02 -1.414e-01  9.870e-02 -9.490e-02
 -1.460e-01  4.540e-02  2.080e-01  5.290e-02  7.400e-02 -4.770e-01
 -2.683e-01 -5.390e-02 -2.158e-01  7.060e-02  2.733e-01  2.983e-01
  1.512e-01 -8.360e-02  2.946e-01  2.996e-01 -8.990e-02  9.000e-04
 -3.480e-02 -1.407e-01 -2.395e-01 -1.083e-01 -2.832e-01  9.090e-02
 -1.400e-01  3.105e-01 -2.705e-01  1.082e-01  1.673e-01 -1.325e-01
 -4.840e-02  1.650e-02  1.012e-01 -2.459e-01  2.243e-01 -4.307e-01
  3.604e-01 -2.710e-02 -2.853e-01 -1.404e-01  1.820e-02  2.706e-01
  4.900e-03  8.240e-02 -2.372e-01  3.690e-01  1.111e-01  7.520e-02
  2.900e-02  5.020e-02 -1.605e-01  2.874e-01  2.160e-02 -2.243e-01
  3.010e-01 -6.260e-02 -1.721e-01 -1.483e-01  2.449e-01 -3.700e-03
  1.551e-01  1.950e-02  2.604e-01 -3.350e-01  4.550e-01 -1.478e-01
  2.496e-01 -5.290e-02  1.605e-01 -1.167e-01  1.557e-01 -1.908e-01
 -3.325e-01 -5.400e-02  1.326e-01 -7.900e-02 -1.749e-01  1.892e-01
  6.800e-02  2.000e-02 -2.790e-02 -7.000e-04 -1.473e-01  1.990e-02
  6.480e-02  1.424e-01  3.470e-02  8.360e-02  2.315e-01  2.506e-01
 -1.500e-03 -1.546e-01  1.626e-01 -1.176e-01 -1.351e-01 -1.340e-01
  1.010e-02 -1.898e-01  1.000e-04  2.572e-01 -9.140e-02 -2.240e-02
  3.038e-01  2.818e-01 -1.315e-01 -1.404e-01  3.726e-01 -2.222e-01
  4.762e-01 -1.206e-01  2.448e-01 -5.210e-02  1.017e-01 -6.000e-04
 -3.589e-01 -3.010e-02  6.130e-02 -1.998e-01 -1.707e-01 -1.154e-01
 -3.415e-01  1.330e-01 -1.511e-01 -1.230e-02  1.997e-01 -1.632e-01
  1.193e-01 -9.667e-01  3.110e-01 -2.100e-02  1.011e-01 -4.940e-02
 -6.670e-02  1.197e-01  1.238e-01 -6.400e-02 -1.840e-02 -1.615e-01
  1.644e-01  1.507e-01  1.440e-01  9.730e-02 -2.846e-01  1.773e-01
  1.080e-01 -1.617e-01 -5.038e-01  3.169e-01  8.450e-02 -3.511e-01
 -1.504e-01  1.376e-01  3.019e-01 -3.438e-01  2.497e-01 -1.141e-01
 -1.052e-01  1.736e-01 -1.933e-01 -2.095e-01 -1.719e-01 -3.787e-01
  2.738e-01  2.900e-03 -5.800e-02  1.338e-01 -6.000e-02 -1.374e-01
 -3.930e-02  7.570e-02  1.015e-01 -6.550e-02 -5.410e-02  1.018e-01
 -6.190e-02 -1.054e-01  8.520e-02  1.054e-01 -1.012e-01 -6.190e-02
  1.850e-02 -5.580e-02 -3.071e-01 -5.440e-02 -3.643e-01  4.220e-02
 -1.311e-01  2.139e-01  2.478e-01 -1.536e-01 -2.251e-01  2.716e-01
 -2.218e-01 -1.036e-01  3.910e-02 -2.377e-01 -8.320e-02  2.293e-01
 -3.660e-02  4.480e-02 -2.300e-03 -1.400e-02 -2.191e-01  1.718e-01
 -2.400e-01 -3.951e-01  4.850e-02  1.483e-01 -1.822e-01  3.330e-02]","[-5.94250018e-02 -1.53224996e-01  3.80750004e-01  7.28250000e-02
  1.22500153e-03  4.43250018e-02 -2.20224995e-01 -3.72499982e-02
 -1.34849997e-01  3.45475012e-01 -4.38750004e-02  4.58974988e-01
 -2.98374996e-01 -3.39074989e-01 -3.23800003e-01  6.58749980e-02
  6.66749985e-02  6.40999994e-02 -4.20274988e-01  2.14500010e-02
 -3.94000012e-02  7.70500042e-02 -4.82349987e-01 -3.50250009e-02
  3.42799992e-01 -2.16500005e-02  7.53750019e-02  2.59799995e-01
  2.39225001e-01  1.06500008e-02  2.48099996e-01 -4.35000192e-03
 -1.74724995e-01  8.98500027e-02  6.27000034e-02 -7.55000021e-03
  2.71775004e-01  2.28350000e-01 -2.66100001e-01 -1.52199999e-01
  6.67500030e-03 -1.25250001e-01  4.96249984e-02  5.10174990e-01
 -6.42999988e-02 -1.63400000e-01  3.79750030e-02 -2.44025006e-01
  3.69749987e-02  6.01250019e-02  4.29574997e-01 -2.40350004e-01
 -3.20799998e-01 -7.10249986e-02  2.05550004e-01 -1.74000001e-02
  1.29999948e-03 -2.07399992e-01  7.09750000e-02  4.80449986e-01
  5.87499910e-03 -1.70350007e-01  2.18249988e-02  7.14750011e-02
  1.29399998e-01  3.65250008e-02 -1.64400002e-01  1.73175007e-01
 -1.55849997e-01  4.91500013e-02 -1.27900000e-01  4.86499975e-02
  2.60549992e-01 -3.05549998e-01  2.08674997e-01 -2.30749976e-02
 -1.74500002e-02 -1.31699999e-01  3.93500011e-02 -9.05500036e-02
 -2.00001523e-04  4.16449989e-01 -4.91250007e-02  3.88274992e-01
  6.49500014e-02  1.71324994e-01 -7.45000024e-02 -6.87999967e-02
  6.85750018e-02 -7.64749963e-02 -1.62174999e-01 -2.04999931e-03
  2.12700004e-01  1.34100001e-01  1.47525002e-01 -5.18424997e-01
 -3.47074997e-01 -2.20499989e-02 -2.01775002e-01  2.28275001e-01
  2.81024992e-01  2.01224997e-01  1.56424997e-01 -6.20749984e-02
  3.13050010e-01  4.17875009e-01 -1.18625002e-01 -6.55000040e-03
 -1.01725002e-01 -1.45424997e-01 -2.65549999e-01 -1.65600000e-01
 -2.59549995e-01  1.66949995e-01 -2.25750001e-01  4.54174995e-01
 -3.79550005e-01  1.49724999e-01  1.52850002e-01 -1.74649993e-01
 -9.25250002e-02  3.04249991e-02  1.09999999e-01 -2.64450004e-01
  1.83499997e-01 -4.37925003e-01  3.69424989e-01 -4.46750005e-02
 -1.78799986e-01 -1.21825007e-01 -8.44999989e-02  3.04224991e-01
  3.30749992e-02  3.38500016e-02 -2.39325008e-01  3.37649985e-01
  1.55700004e-01  1.21725000e-01  8.04999936e-03  2.55999994e-02
 -1.31850004e-01  3.09025007e-01  2.49000008e-02 -2.17374997e-01
  4.26925002e-01 -1.27675003e-01 -2.47549993e-01 -1.47475007e-01
  2.60625003e-01 -1.21375001e-01  8.67000017e-02  4.20749998e-02
  2.40399997e-01 -3.32225009e-01  4.65975009e-01 -1.38849999e-01
  3.35774994e-01  3.47500015e-03  1.92625004e-01 -1.71575002e-01
  2.06599998e-01 -2.19924996e-01 -4.21100009e-01 -1.24750016e-02
  6.20249959e-02 -2.45500025e-02 -2.63774996e-01  2.05699998e-01
  5.48250049e-02  3.37000000e-02  8.97500152e-03 -2.85250002e-02
 -1.40550004e-01  6.00000017e-03 -1.69499982e-02  1.84774995e-01
  2.29250006e-02  1.14499999e-01  2.46049999e-01  2.87050010e-01
  5.82500093e-03 -1.78349996e-01  2.08249977e-02 -1.13025001e-01
 -1.08575007e-01 -1.83250004e-01  1.11750008e-02 -3.20500014e-02
  5.08000000e-02  3.26800005e-01 -1.23824997e-01  1.16499998e-02
  3.86499988e-01  3.03150002e-01 -1.01100005e-01 -1.03625009e-01
  3.83299989e-01 -3.04975007e-01  4.91250015e-01 -1.24125001e-01
  2.86925002e-01  4.90000218e-03  8.88000022e-02  8.57499999e-03
 -3.94525008e-01 -7.57999972e-02  6.05749983e-02 -2.40699997e-01
 -2.12449999e-01 -5.45000006e-02 -3.55925014e-01  2.74250014e-02
 -6.12249961e-02 -1.49499997e-02  2.32824999e-01 -2.36200007e-01
  1.44000000e-01 -1.27452502e+00  3.74874989e-01 -4.85250000e-02
  3.22499955e-02 -2.58000018e-02 -2.87249973e-02  9.70250005e-02
  1.43425002e-01 -3.14500020e-02  4.50750007e-02 -1.42275007e-01
  2.11774996e-01  1.71475004e-01  1.76824994e-01  3.21749989e-02
 -3.80024990e-01  1.89650007e-01  1.10625003e-01 -2.31724995e-01
 -6.13849975e-01  3.83575012e-01  9.40499986e-02 -4.13974997e-01
 -1.26524997e-01  1.76625004e-01  2.73199996e-01 -3.60600009e-01
  2.84949995e-01 -1.09000001e-01 -1.42000000e-01  1.91775003e-01
 -1.81249993e-01 -2.92075003e-01 -2.13600004e-01 -5.19474987e-01
  2.56399986e-01  3.59749999e-02 -1.35249981e-02  7.75499977e-02
 -1.58999986e-02 -1.96200001e-01 -1.69749984e-02  1.27000036e-02
  2.97249975e-02 -5.32499978e-02 -5.80000179e-03  7.16500028e-02
 -5.36000018e-02 -1.81975003e-01  6.56749969e-02  1.49025004e-01
 -6.74249982e-02 -8.07250002e-02  5.55000082e-03 -5.59250017e-02
 -3.38299998e-01 -2.93000005e-02 -4.04250012e-01 -4.10000258e-03
 -1.35174999e-01  2.48300000e-01  2.74874994e-01 -1.85375008e-01
 -1.48024996e-01  3.25875009e-01 -2.57974999e-01 -5.63250015e-02
 -2.00000056e-03 -2.47325000e-01 -1.02475000e-01  2.92900007e-01
  7.72499910e-03  5.06499982e-02 -3.37000012e-02 -2.89500011e-02
 -2.60975000e-01  1.96450002e-01 -3.53799993e-01 -4.47449998e-01
  5.13750017e-02  8.08000085e-02 -1.37624999e-01  5.38250012e-02]"
湯,"[-2.475e-01 -6.800e-02  4.308e-01  4.304e-01 -3.459e-01 -2.170e-02
 -1.131e-01  2.785e-01  5.950e-02  2.597e-01  1.170e-02  2.974e-01
 -3.616e-01 -1.948e-01 -1.703e-01 -7.590e-02 -7.070e-02 -7.100e-02
 -4.240e-01 -9.150e-02  1.686e-01  8.230e-02 -2.683e-01 -9.600e-03
 -2.800e-03 -9.200e-02 -1.590e-01 -4.030e-02  2.675e-01 -8.780e-02
  9.630e-02  3.900e-03  7.920e-02  4.266e-01  7.010e-02 -8.300e-02
  2.072e-01  1.256e-01  3.790e-02  3.200e-02 -1.540e-01  9.930e-02
 -1.082e-01  3.981e-01  4.570e-02  3.001e-01 -3.054e-01  7.430e-02
 -5.510e-02 -1.310e-02  4.633e-01 -3.062e-01 -3.342e-01  1.610e-01
  7.970e-02 -1.081e-01  2.620e-02 -5.600e-02 -1.775e-01  2.667e-01
  1.227e-01 -1.181e-01 -1.798e-01  4.000e-04  1.858e-01 -8.460e-02
 -2.744e-01  2.079e-01 -2.919e-01  1.627e-01 -2.730e-02  9.730e-02
  2.280e-02 -1.038e-01  3.360e-02 -3.283e-01 -2.254e-01  1.292e-01
  1.753e-01 -1.680e-01 -1.290e-01  4.143e-01 -1.419e-01  1.960e-01
 -2.567e-01  1.125e-01 -1.128e-01 -1.976e-01  2.250e-02 -3.980e-02
 -2.002e-01  3.406e-01  3.461e-01  4.390e-02 -3.000e-03 -3.687e-01
 -1.637e-01 -1.556e-01 -1.552e-01 -2.540e-02  4.551e-01  2.646e-01
  1.338e-01 -4.506e-01  2.703e-01  2.356e-01  8.880e-02 -1.192e-01
 -8.500e-02  1.030e-02 -2.904e-01 -5.370e-02 -2.231e-01 -8.270e-02
 -2.017e-01  2.488e-01 -1.541e-01 -1.176e-01  1.654e-01  6.520e-02
  1.930e-02  3.048e-01  5.750e-02 -1.485e-01  2.760e-01 -2.721e-01
  2.733e-01 -1.923e-01 -3.181e-01  1.329e-01 -4.400e-03  4.649e-01
 -9.400e-02 -2.996e-01 -1.955e-01  1.693e-01  2.865e-01  1.276e-01
  1.166e-01  2.272e-01 -1.160e-02  3.236e-01  5.950e-02 -2.062e-01
  2.833e-01 -2.720e-02 -6.230e-02  5.810e-02  2.973e-01  6.230e-02
  9.540e-02 -2.323e-01  2.102e-01 -3.519e-01  7.000e-03 -1.517e-01
  1.135e-01  1.535e-01  3.380e-02  1.198e-01  2.989e-01 -3.152e-01
 -4.168e-01 -3.144e-01  2.806e-01  8.690e-02  5.870e-02  1.133e-01
 -2.390e-02 -6.880e-02 -1.059e-01 -6.500e-03  5.720e-02  1.901e-01
  1.110e-01  6.610e-02  1.710e-01  1.119e-01  1.847e-01 -4.220e-02
 -2.089e-01  2.240e-02  1.829e-01  2.270e-02  1.290e-02 -2.970e-02
  3.340e-02 -3.695e-01  7.710e-02  2.275e-01  1.079e-01 -9.280e-02
  2.279e-01  1.141e-01 -1.369e-01 -1.578e-01  4.970e-01 -2.873e-01
  4.468e-01 -2.840e-02  1.658e-01  1.036e-01 -1.009e-01 -1.483e-01
 -3.140e-01  1.160e-02 -2.810e-02 -2.047e-01 -2.361e-01 -9.340e-02
 -5.500e-03  2.353e-01 -1.537e-01 -8.470e-02  4.723e-01 -2.396e-01
  1.263e-01 -8.693e-01  2.252e-01  2.227e-01 -3.500e-02  9.690e-02
 -9.000e-03  1.592e-01  4.593e-01 -9.100e-03 -1.456e-01  9.310e-02
  1.286e-01  8.870e-02  1.780e-02 -9.300e-02 -2.545e-01  2.023e-01
 -2.420e-02 -1.314e-01 -2.900e-01  3.124e-01  1.612e-01 -3.600e-01
 -5.500e-02  2.402e-01  2.716e-01 -3.006e-01  1.110e-01 -2.599e-01
  9.050e-02  3.890e-02 -3.473e-01 -1.627e-01  1.600e-03 -3.343e-01
  1.683e-01 -1.526e-01 -2.560e-02  3.562e-01  1.840e-01 -2.050e-02
 -2.904e-01  5.400e-02 -7.210e-02 -2.713e-01  7.900e-02 -1.288e-01
 -4.127e-01 -9.120e-02 -2.349e-01  1.653e-01 -7.240e-02 -2.448e-01
  4.040e-02 -1.854e-01 -2.871e-01  7.000e-03  6.800e-03 -2.336e-01
 -1.237e-01  2.654e-01  4.553e-01 -1.001e-01 -1.800e-01  3.084e-01
 -1.780e-02  7.180e-02  2.425e-01 -2.076e-01  2.659e-01  2.418e-01
 -6.120e-02 -3.008e-01 -1.803e-01  2.279e-01 -2.642e-01 -3.515e-01
 -8.420e-02 -3.700e-02  9.790e-02  1.338e-01  9.810e-02 -2.096e-01]","[-2.03037500e-01  2.59624985e-02  3.79412495e-01  2.42825005e-01
 -8.25000009e-02  3.01674999e-01  2.60624997e-02 -1.18112500e-01
 -1.50362498e-01  1.83762499e-01  1.42362501e-01  2.41750004e-01
 -2.96537506e-01 -1.51350005e-01 -3.41750001e-01  2.21874986e-02
 -2.07137500e-01 -1.56400000e-01 -4.34924997e-01 -4.71250016e-02
  1.42837497e-01  6.25750013e-02 -2.80312495e-01  8.74999329e-04
  8.45749998e-02 -6.08374957e-02 -6.54874956e-02  1.43712493e-01
  8.27375036e-02  5.64999832e-03  5.47499862e-03  8.70374979e-02
  2.18750013e-03  2.95724999e-01  1.38350002e-01 -4.69125002e-02
  1.01375000e-01  5.81999994e-02  1.17424999e-01  5.68750028e-02
 -2.65462501e-01  2.89500006e-02  1.71299999e-01  3.80475000e-01
 -2.81637501e-01  7.32999978e-02 -3.43212501e-01 -6.67874990e-02
 -9.68000012e-02  8.51499992e-02  3.00512500e-01 -2.66724999e-01
 -1.73749998e-01  6.13125019e-02  2.53249975e-02 -2.11700001e-01
  1.26312499e-01  2.09499992e-02 -2.13374975e-02  2.12924998e-01
  1.20162499e-01 -3.87000013e-02 -1.21862500e-01  1.03875018e-02
  5.10625015e-02  8.91249836e-03 -3.05624993e-01  7.56749995e-02
 -2.35550001e-01  2.51337502e-01  5.45249991e-02 -7.18375010e-02
  7.19374991e-02 -4.17124983e-02  8.56750006e-02 -2.09087500e-01
 -2.06587498e-01  6.95125008e-02  1.78174999e-01 -3.90500001e-02
 -4.93874985e-02  3.16349994e-01 -7.11625007e-02  8.46874996e-02
 -2.17737500e-01  1.67275000e-01 -1.59749964e-02 -2.87850005e-01
  4.80999984e-02  3.55499987e-02 -1.47062502e-01  3.78637507e-01
  2.56674999e-01  1.72362500e-01  1.14050003e-01 -3.48087501e-01
 -2.71162503e-01 -1.52237493e-01 -1.72675007e-01 -5.41999973e-02
  3.69199997e-01  3.54787508e-01  1.21325000e-01 -2.17174999e-01
  3.20650001e-01  4.06350004e-01  3.45749992e-02 -1.03900000e-01
  2.95125023e-02  6.25375002e-02 -1.96412500e-01 -7.44250016e-02
 -1.63587505e-01  1.28375002e-02  3.42125027e-02  3.31437499e-01
 -2.92499864e-03  1.31374991e-02  7.28874988e-02 -8.52500002e-02
  1.75687497e-01  1.28150002e-01  1.17625006e-02 -1.41149995e-01
  9.23875000e-02 -4.63675004e-01  1.82274995e-01 -1.09725000e-01
 -2.23850002e-01  1.16425000e-01 -1.18312496e-01  3.07087499e-01
 -4.34374996e-02 -2.67187499e-01 -1.02287499e-01  3.14362500e-01
  2.61100005e-01  7.21250009e-03  1.64312498e-01  2.35824999e-01
 -3.60499957e-02  2.25574999e-01  2.72224999e-01 -2.12675005e-01
  1.43500003e-01 -1.41312498e-01 -2.75125015e-02 -1.54712505e-01
  1.22587502e-01  3.23624979e-02  2.99799994e-01  9.35000082e-03
  9.53874966e-02 -2.83537505e-01  2.59962501e-01 -4.26124990e-02
  9.29000023e-02  8.37750019e-02  4.20624989e-02 -2.97250002e-02
  1.26537502e-01 -1.71987500e-01 -4.20812499e-01 -1.32974997e-01
  2.69712503e-01  1.23062504e-01  6.31124983e-02  1.19662501e-01
 -2.69499986e-02 -2.06225000e-01 -4.76999993e-02  2.29624999e-02
 -5.27500003e-02  8.16999994e-02 -6.30124991e-02 -8.99999996e-02
  6.76875031e-02  2.03187496e-01  2.60774999e-01  8.46874989e-02
 -1.01625002e-02  8.89250021e-02  8.53249987e-02 -1.76137500e-01
 -8.41875014e-02  1.24749988e-02  1.19937500e-01 -1.05237503e-01
  4.42499993e-02  1.84275001e-01  2.13237498e-01  8.39249995e-02
  1.59937499e-01  2.75237496e-01  3.70875038e-02 -1.21812501e-01
  2.65550004e-01 -9.07249962e-02  3.23112502e-01 -4.45499993e-02
  7.06750010e-02 -1.48749980e-03 -4.74125035e-02 -2.62850004e-01
 -2.12362505e-01 -1.38887504e-01  5.76249906e-03 -2.85787495e-01
  1.51249653e-03 -2.18987501e-01 -1.60587502e-01  1.99137502e-01
 -2.56124994e-01  8.61125016e-02  1.90837500e-01 -1.80562505e-01
  6.15250017e-02 -1.25668750e+00  1.91649998e-01  6.80000288e-03
 -2.01624990e-02 -3.41625011e-02 -2.38325003e-01  1.44412498e-01
  3.45775001e-01  7.43499996e-02 -1.64337502e-01  1.65962500e-01
  2.44000001e-01 -1.90875019e-02  5.98750026e-02 -1.08775002e-01
 -2.68712501e-01  1.40537497e-01 -5.52375009e-02 -1.71775001e-01
 -3.05987497e-01  2.33237505e-01  7.71625000e-02 -2.21875004e-01
 -8.65499976e-02  1.87700000e-01  3.50325001e-01 -4.02512499e-01
  1.81662502e-01 -2.86962501e-01 -1.03374999e-01  3.94124971e-02
  1.78500011e-02 -2.34924996e-01 -5.62875017e-02 -2.69300004e-01
  1.35012502e-01  7.74997985e-04 -6.23249999e-02  1.94662499e-01
  1.21112500e-01 -5.04000015e-02 -2.52075000e-01 -1.59312507e-01
 -9.19249998e-02 -2.69324994e-01 -9.27375024e-02 -1.01487501e-01
 -2.39125001e-01 -5.18000023e-02 -3.08374993e-02  1.56737497e-01
 -2.75250012e-02  8.02499719e-03 -4.07000012e-02 -6.22874993e-02
 -1.46974995e-01 -3.50000104e-04  9.67500277e-03  2.79499996e-02
 -9.37000001e-02  3.64062495e-01  2.33962500e-01 -2.46500004e-01
 -1.61700002e-01  2.20737498e-01 -1.51975004e-01 -6.66250009e-02
  2.82262497e-01 -6.90249966e-02  8.00999966e-02  1.95199998e-01
 -2.28499994e-02 -1.36462497e-01 -1.23949999e-01  4.13999996e-02
 -1.68225001e-01 -5.50124990e-02 -2.07812495e-01 -1.07162499e-01
  5.77875006e-02  1.09912498e-01  1.66537501e-01  2.79499982e-02]"
湯屋,"[-0.23210001 -0.1648      1.1104      0.6386     -0.1783     -0.025
 -0.0652      0.10909998  0.1212      0.4212     -0.08790001  0.3429
 -0.32270002 -0.3289      0.014       0.0332     -0.2218     -0.14230001
 -0.5704     -0.3732      0.05439999  0.4978     -0.7835      0.0389
  0.1671     -0.3615     -0.1398      0.0838      0.38300002 -0.0284
  0.18630001 -0.0838      0.013       0.4978      0.0362      0.169
  0.09550001 -0.03380001 -0.22670001 -0.0794     -0.1673      0.0781
 -0.0586      0.38549998  0.3104      0.2857     -0.5737     -0.0399
 -0.1125      0.0284      0.40069997 -0.20030001 -0.20879999 -0.01090001
  0.3246     -0.0317      0.0373     -0.40309998 -0.1024      0.1846
  0.047      -0.215      -0.1394     -0.14799999  0.29479998 -0.0458
 -0.4404      0.2475     -0.20220001 -0.5435     -0.0745      0.3012
 -0.0226     -0.3529     -0.1471     -0.965      -0.2813      0.2455
  0.1221     -0.5354     -0.2946      0.63699996 -0.22760001  0.19569999
 -0.1356      0.1296      0.03469999 -0.19260001  0.1719      0.4849
 -0.00840001  0.22590002  0.08469999  0.21159999  0.0335     -0.3554
 -0.1525     -0.10879999 -0.4267     -0.065       0.301       0.59790003
  0.0432     -0.4749      0.4978     -0.1345     -0.0274     -0.20030001
 -0.3293      0.0221     -0.9697     -0.4761     -0.088      -0.1164
 -0.2559      0.3357     -0.3364     -0.3221      0.1623      0.2448
  0.0298      0.2336      0.1079      0.12310001  0.20459999 -0.14739999
  0.09289999 -0.2535     -0.55       -0.17449999  0.0172      0.4868
 -0.11139999 -0.5018     -0.0821      0.05330001  0.532       0.1418
 -0.1365      0.458       0.0473      0.3178      0.3229     -0.2763
  1.1623     -0.0787     -0.2446      0.0423      0.29450002 -0.62179995
  0.2717      0.03739999  0.7287     -0.3781      0.1599     -0.08950001
 -0.1022      0.13270001  0.3432      0.0898      0.23320001 -0.2124
 -0.453      -1.0181      0.312       0.1071      0.0861      0.01660001
  0.0082      0.0644     -0.1565     -0.28980002  0.2272      0.2101
  0.0128     -0.2791     -0.08539999 -0.08570001  0.5542      0.11570001
 -0.319      -0.0841      0.49040002 -0.3232     -0.0217      0.1638
  0.09119999 -0.5765     -0.1086      0.21810001 -0.1433     -0.0689
  0.1759     -0.0425     -0.448      -0.1276      0.7273     -0.4745
  0.5176      0.0721     -0.2338      0.0962      0.0878     -0.5019
 -0.4669      0.0389      0.23330002 -0.3302     -0.5807      0.09559999
 -0.0738     -0.0492     -0.2048     -0.151       0.92569995 -0.4896
  0.00720001 -1.5638001   0.3441      0.32590002  0.0148      0.0504
  0.12439999  0.20179999  0.59430003 -0.0133     -0.05        0.02559999
  0.2089      0.12249999  0.0811     -0.0982     -0.5138      0.47149998
  0.1787     -0.1314     -0.68079996  0.08200002  0.02       -0.3826
 -0.0953      0.2961      0.29970002 -0.5769      0.4033     -0.62240005
 -0.16640002 -0.31530002 -0.5656     -0.3283      0.0139     -0.81420004
  0.2583     -0.1839     -0.1183      0.4722      0.0767     -0.0499
 -0.4142      0.2159     -0.1528     -0.5844      0.1049      0.1056
 -0.3233     -0.3288     -0.41259998  0.1648     -0.24780001 -0.2163
  0.102      -0.0663     -0.2731      0.1931     -0.07179999 -0.38050002
 -0.24180001  0.3495      0.41730002 -0.0543     -0.0826      0.30310002
 -0.0118     -0.2613      0.0484     -0.4721     -0.07090002  0.2895
 -0.1631     -0.2775      0.231       0.36519998 -0.5722     -0.2692
  0.06239999  0.0091     -0.20699999  0.4645      0.0654     -0.1825    ]","[-2.66150004e-01 -5.10750017e-02  8.97324992e-01  8.36650000e-01
  2.07999998e-01 -1.75350000e-01  2.50499977e-02 -2.28800003e-01
  1.19025002e-01  4.40425003e-01  2.08249997e-01  1.43500001e-01
 -7.36000065e-02 -1.37475000e-01  9.86749995e-02 -3.82500018e-02
 -5.40749962e-02 -7.22250040e-02 -7.26924997e-01 -2.47899993e-01
  1.92099992e-01  3.49399993e-01 -4.63175007e-01  1.28000050e-02
  2.45374995e-01  7.11000147e-02  9.00750032e-02  1.12375002e-01
  1.11600010e-01 -1.43800002e-01 -3.89999803e-03  9.56499967e-02
  5.77999980e-02  3.65650000e-01  5.14500036e-02 -4.81749964e-02
  1.05950002e-01  4.36999979e-02 -2.23900001e-01  3.19499971e-02
  1.09900000e-01  8.06249992e-02 -2.60749982e-02  1.72574996e-01
  2.87349996e-01 -4.58325002e-01 -4.37425004e-01 -9.00500026e-02
  1.74499983e-02  1.52049998e-01  1.55699992e-01 -6.66000023e-02
 -5.38499949e-02 -2.23000008e-02  2.33475002e-01  8.38749977e-02
  1.63200001e-01 -4.00324991e-01 -1.33625000e-01 -1.27049998e-01
 -2.61500012e-02 -1.50600000e-01 -1.49275003e-01  1.84750007e-02
  3.35424996e-01 -2.57500033e-02 -2.36724997e-01  1.83074998e-01
 -8.02750064e-02 -4.83549988e-01  1.05775004e-01  2.19825002e-01
  4.38249977e-02 -3.30974994e-01  1.82499937e-02 -3.49274987e-01
 -1.46124999e-01  2.19649999e-01  2.96500042e-02 -3.33274995e-01
 -1.72599996e-01  3.95024999e-01 -2.41550001e-01  7.31249989e-02
 -1.77875006e-01  9.67249973e-02  1.70849998e-01 -8.83000052e-02
  1.72649993e-01  1.56249990e-01  7.72499973e-02  1.13075007e-01
  1.25174995e-01  2.06674997e-01  1.48750010e-02 -3.27749999e-01
 -3.56950004e-01 -2.95749968e-02 -1.95699995e-01 -6.24499992e-02
  2.06000001e-01  5.43475000e-01  1.21200001e-01 -3.11724999e-01
  1.70475003e-01  2.44349994e-01  3.67324989e-01 -1.23875001e-01
  1.96600006e-01 -4.48499976e-02 -8.03825000e-01 -5.61624993e-01
 -1.26625000e-01 -2.48125000e-01  3.37999985e-02  3.55600001e-01
 -3.36750005e-01 -1.48925006e-01  2.81999974e-02  1.28600001e-01
 -1.91249980e-02  4.85250037e-02  9.33250012e-02  1.35175001e-01
  1.55074997e-01 -1.52250000e-01  1.22499547e-03 -9.15500021e-02
 -1.43225009e-01 -1.03299993e-01 -2.54599995e-01  2.14649992e-01
 -1.90849997e-01 -4.08949999e-01  8.51999979e-02 -6.28300000e-01
  3.87725001e-01  2.41350002e-01 -5.55000035e-02  2.43550001e-01
 -3.43250017e-02  1.90749996e-01  2.10324994e-01 -1.51750003e-01
  1.20762502e+00  1.51800002e-01 -2.75750011e-02 -9.48999999e-02
  2.62000003e-01 -2.77349985e-01  1.81650003e-01  1.88374996e-01
  3.49799983e-01 -1.05825003e-01  5.18500056e-02  7.38749960e-02
  1.53800001e-01  1.63925004e-01  7.94999957e-02  3.21249976e-02
  4.08725007e-01 -1.99325004e-01 -1.05174997e-01 -7.95225001e-01
  4.11800000e-01  2.71574997e-01  1.16499984e-02 -2.09274997e-01
  1.12425000e-01  1.41524999e-01 -1.32700000e-01 -2.23850006e-01
  1.01899999e-01  1.86649997e-01  2.86750003e-02 -3.18525001e-01
 -2.62274993e-01 -2.12325002e-01  5.67899999e-01  1.62500015e-02
 -2.66450003e-01  1.57499999e-01  5.57500087e-02 -2.76825003e-01
  9.81500013e-02  9.13999933e-02  7.40249990e-02  2.90000015e-02
 -1.01900000e-01  6.12250050e-02 -1.07999949e-02  2.42250008e-02
  6.37674984e-01 -7.19749988e-02  5.55250039e-02 -2.12575000e-01
  5.77825003e-01 -2.78024991e-01  2.86824999e-01  4.13000032e-02
 -3.91374997e-01  1.08800000e-01  2.16200000e-01 -5.95349998e-01
 -3.23375002e-01 -2.06200000e-01  1.20275008e-01 -4.04949996e-01
 -2.04749973e-02  1.96174999e-01 -1.56149998e-01  1.87924998e-01
 -1.48849996e-01 -1.00250019e-02  6.43149991e-01 -3.41700003e-01
 -1.06449994e-01 -2.03550003e+00  1.30949999e-01  2.22450000e-01
  2.35400005e-01 -3.34999990e-02 -1.79275007e-01  6.60750009e-02
  3.53000010e-01 -6.66500019e-02  1.00674998e-01 -1.02425003e-01
  1.16125002e-01 -1.42325005e-01  1.06099999e-01 -1.25050004e-01
 -1.01820000e+00  3.71500001e-01  2.24250061e-02 -1.82700003e-01
 -1.00777500e+00  9.57500074e-02  6.30749954e-02 -6.62000087e-02
  1.25750002e-02  1.83125002e-01 -1.00474995e-01 -4.82175000e-01
  1.90974993e-01 -4.94500007e-01 -1.50975008e-01  1.27674997e-01
 -3.51624992e-01 -2.42775005e-01  1.83525005e-01 -1.02875000e+00
  1.29825005e-01 -2.28825001e-01 -5.21749971e-02  1.13975008e-01
 -1.36925003e-01  1.45099997e-01 -2.35050003e-01  1.55150001e-01
 -2.27849998e-01 -2.65424998e-01  2.10500026e-02  1.08974998e-01
 -2.03424999e-01 -5.18375000e-01 -6.14849992e-01  6.73250002e-02
 -1.48425003e-01 -2.91499997e-02  2.22800001e-01 -1.17199997e-01
 -2.77249918e-02  1.69250004e-01 -7.72999993e-02 -3.28650004e-01
 -6.49250029e-02  1.72474994e-01  2.99250005e-01 -2.19250003e-01
  4.17775000e-01  2.30100001e-01 -1.08050000e-01 -2.04424994e-01
 -1.60025001e-01 -3.38099993e-01  4.72498592e-03  2.33374998e-01
  7.77250010e-02 -7.75250003e-02  1.76925008e-01  1.51900001e-01
 -6.96800001e-01 -4.75149989e-01 -1.88500010e-02  2.40000081e-03
 -1.28024995e-01  2.50675004e-01  1.12424999e-01 -1.58950003e-01]"
子供,"[ 0.385   -0.1208   0.09885  0.0547   0.01075  0.0812   0.11495 -0.0904
 -0.0218   0.07635  0.0716  -0.06635 -0.0277   0.2735  -0.32435 -0.12065
 -0.05775 -0.04225 -0.092    0.2111   0.0496   0.1469  -0.23745 -0.0891
  0.12405 -0.01655  0.0471  -0.0333  -0.07135  0.14465  0.0086   0.21805
 -0.24855 -0.07245  0.07125  0.01585  0.16745  0.1665  -0.02295  0.046
  0.03865  0.11765 -0.04695  0.0771   0.2427  -0.0783   0.0353  -0.00155
 -0.0323   0.04735  0.0435   0.07275 -0.0318   0.02715  0.152    0.04285
  0.04105 -0.1491   0.01125 -0.0371   0.00845 -0.03015 -0.1705   0.0744
  0.11235 -0.09825  0.0565  -0.16955 -0.05235  0.0462  -0.0553  -0.01935
  0.03285  0.17555 -0.06775 -0.229   -0.06875  0.09775 -0.03095 -0.01925
 -0.02035  0.06515 -0.16565 -0.0128   0.05575 -0.1367  -0.0927  -0.0063
  0.0334  -0.0417  -0.0509   0.1813  -0.0044  -0.0118   0.0376   0.1461
 -0.18545  0.0331  -0.09225  0.07615 -0.125    0.298    0.0533  -0.11005
  0.02405  0.4363   0.02085  0.0028   0.14225 -0.1122  -0.00885 -0.04025
 -0.02335  0.0568   0.01875 -0.1406  -0.06855 -0.0686  -0.02105 -0.03335
 -0.05225  0.0819   0.08755 -0.09245 -0.0602   0.11085 -0.17265 -0.0124
 -0.16     0.03265 -0.0129  -0.1214   0.00485 -0.16945  0.0696   0.03905
  0.0433  -0.02165 -0.0227   0.0333  -0.02105  0.0129   0.0215   0.03855
  0.206   -0.00945 -0.0876  -0.00615  0.09725  0.12025  0.0095  -0.0373
  0.0168  -0.01085  0.0874  -0.048    0.0017   0.0381   0.2446  -0.06905
 -0.0353  -0.04035  0.006    0.3099  -0.05815 -0.06715 -0.22695 -0.24375
 -0.093    0.01215  0.0866   0.0341  -0.01725  0.13415  0.0119  -0.1024
 -0.0644   0.0275   0.07645  0.08845 -0.07835  0.20195 -0.0739  -0.033
 -0.0542  -0.0971  -0.03145  0.0172  -0.02005 -0.08205 -0.0476  -0.0854
  0.1293   0.1153   0.19365 -0.07625 -0.0262  -0.0896  -0.0818   0.00755
 -0.02185  0.0958  -0.05175  0.1303  -0.1059  -0.14435 -0.01815 -0.0462
  0.13225  0.08145  0.0393   0.02955 -0.06565  0.01085 -0.1261   0.18795
 -0.13105 -0.5816   0.0675  -0.0535  -0.0178  -0.09445  0.02825 -0.13065
 -0.04105 -0.1638   0.08895 -0.008   -0.00825 -0.02865  0.0346  -0.1099
 -0.32275 -0.1999  -0.0371  -0.16745 -0.213    0.07115  0.25155  0.0646
 -0.11775 -0.10545  0.09775 -0.13215 -0.06435 -0.09015 -0.067    0.182
  0.0956  -0.0212   0.02965 -0.2593  -0.0579  -0.01185 -0.04555 -0.06125
 -0.04765 -0.06525  0.11115  0.1356   0.1732   0.0082  -0.1876  -0.10975
  0.01765  0.02805  0.1051  -0.0749  -0.2072  -0.08495 -0.0014  -0.09785
  0.0732   0.19175  0.05315 -0.01235  0.1133   0.12635 -0.1163  -0.2834
 -0.12435  0.1431  -0.00365  0.03135  0.0209  -0.03395 -0.09855  0.0294
  0.12425  0.0354  -0.05975 -0.1421  -0.1953  -0.14535 -0.0949  -0.1124
  0.0479   0.06045  0.13555 -0.1068 ]","[ 2.51183325e-01 -7.36583320e-02  2.29212504e-01  7.45083331e-02
  1.12333328e-02  4.94750003e-02  1.05041669e-01 -5.37749996e-02
 -5.90208324e-02  9.81125002e-02  8.86874992e-02  5.67500114e-03
 -1.70416641e-03  2.70816667e-01 -3.35929168e-01 -8.43333329e-02
 -1.13808334e-01  5.63333290e-03 -1.18783334e-01  1.73920832e-01
  3.81041658e-02  1.43908335e-01 -2.41245839e-01 -2.87416674e-02
  7.68583332e-02 -1.68208334e-02  1.22399999e-01  1.20833550e-04
 -1.11333332e-01  1.29712498e-01  1.15750004e-02  1.80508336e-01
 -1.91345837e-01 -3.00458341e-02  8.74375008e-02  1.76208338e-02
  1.79233336e-01  1.12270835e-01  5.24999994e-02  5.41041672e-02
  1.86874998e-02  1.03195832e-01 -6.50749982e-02  7.55791641e-02
  1.87620839e-01 -9.47208344e-02  2.98041677e-02  2.75874998e-02
 -4.23875005e-02  6.88333358e-02  1.15400003e-01  4.90166676e-02
 -3.83541668e-02 -5.70583333e-02  1.00304166e-01  6.11500001e-02
  3.99541674e-02 -1.13495832e-01 -1.43624999e-02 -3.32000011e-02
  5.12416666e-02 -3.32583338e-02 -9.61416633e-02  9.06791669e-02
  8.75124993e-02 -2.42666671e-02  5.01750008e-02 -7.50916671e-02
 -1.15633330e-01  1.46416674e-02 -3.43708321e-02  4.95458332e-02
  1.84166646e-02  1.62333335e-01 -6.23541679e-02 -2.66458333e-01
 -2.30916652e-02  1.06937499e-01 -8.82666669e-02 -4.06458329e-02
  8.96249886e-03  5.57999999e-02 -1.53862500e-01 -1.17458327e-02
  4.30083340e-02 -1.26045833e-01 -5.28416705e-02 -1.27916665e-02
  2.60708324e-02  3.94083327e-02  1.99750011e-02  8.69208333e-02
 -4.40625003e-02 -3.97958343e-02  8.40125007e-02  1.40800001e-01
 -2.01425003e-01  4.80333339e-02 -6.33916670e-02  8.89541660e-02
 -9.97541644e-02  3.24550001e-01  6.05916665e-02 -9.42708345e-02
  2.05708335e-02  4.13487505e-01  3.09083328e-02 -1.11541675e-02
  8.91083315e-02 -7.65916675e-02 -8.62458307e-02 -3.89416681e-02
  1.18458338e-02  3.02083338e-02  1.02500002e-02 -7.79041670e-02
 -1.16300001e-01 -5.56000005e-02 -1.02249986e-02 -3.31333336e-02
 -6.32208335e-02  3.42208332e-02  1.10241665e-01 -1.20100001e-01
 -7.97916890e-03  5.93874991e-02 -1.50170833e-01 -1.24500002e-02
 -1.45950000e-01  4.10249998e-02 -1.87500000e-02 -1.18520833e-01
  2.50125005e-02 -7.77124979e-02  6.90833314e-02 -5.54374991e-02
  1.96624990e-02  5.35416664e-03  4.46250110e-03  5.22416672e-02
 -2.91666664e-02 -5.70374985e-02  6.62125000e-02  9.77625019e-02
  2.22633331e-01 -3.04625001e-02 -9.85833345e-02  3.81416667e-02
  8.69791650e-02  1.09758333e-01  3.91875000e-02 -1.30124990e-02
  1.51500011e-02 -2.85208332e-02  7.50291658e-02 -1.53333248e-03
 -1.42291668e-02  1.44666654e-02  2.24087502e-01 -1.00933335e-01
 -3.60166679e-02 -4.91833348e-02 -4.51500006e-02  3.25508339e-01
  1.38000006e-02 -3.86499999e-02 -2.11829165e-01 -1.95175004e-01
 -8.43791675e-02  3.01333348e-02  4.69541689e-02 -3.92458330e-02
  9.49583353e-03  1.63504168e-01  2.63458329e-02 -9.35958308e-02
 -6.51875021e-02  3.59291685e-02  9.73124988e-02  8.89291653e-02
 -4.86416686e-02  1.41304162e-01 -1.10475000e-01 -3.14499985e-02
 -3.57833325e-02 -8.72083327e-02 -2.82958335e-02  5.40374997e-02
 -5.24000009e-02 -1.55375000e-02 -5.32291675e-02 -3.89624993e-02
  1.54770832e-01  1.14595831e-01  1.72529164e-01 -1.25083334e-01
 -1.99000001e-02 -6.31708324e-02 -5.11333322e-02 -3.47916635e-03
 -2.18124996e-02  3.98083344e-02  2.55208340e-02  7.78125024e-02
 -9.80083337e-02 -1.56224997e-01 -5.40833390e-03 -9.93374989e-02
  1.09620834e-01  7.92458361e-02  3.61458338e-02  2.51000001e-02
 -9.44333324e-02 -1.80416673e-02 -1.51233333e-01  1.00912503e-01
 -9.81208349e-02 -6.34991676e-01  4.00041669e-02 -8.31541666e-02
 -3.74041662e-02 -1.19341667e-01  2.79208338e-02 -1.07454164e-01
 -2.10541664e-02 -1.39045836e-01  8.11750001e-02 -4.47416681e-02
  1.15291669e-02 -5.53625001e-02  6.31291661e-02 -8.71374992e-02
 -3.49308328e-01 -2.09820831e-01  2.27083305e-03 -9.15291673e-02
 -2.90587496e-01  8.54583354e-02  2.08766665e-01  5.72083348e-03
 -1.18824997e-01 -1.10383332e-01  9.94999967e-02 -1.58020832e-01
 -9.96624972e-02 -1.19104168e-01 -1.16562501e-01  1.75383335e-01
  8.24833333e-02 -6.17208332e-02  6.19749998e-02 -3.10487503e-01
 -5.18916651e-02 -4.02374987e-02 -8.24583325e-03 -4.74583320e-02
 -1.10324999e-01 -5.90125019e-02  7.81875000e-02  1.30795834e-01
  1.20279166e-01 -4.65083327e-02 -1.41833332e-01 -1.55733333e-01
 -2.45916669e-02 -2.38916670e-02  1.62816671e-01 -4.70041673e-02
 -1.46262498e-01 -8.89625008e-02 -7.69583363e-03  6.33333430e-03
  8.73083313e-02  2.24145828e-01  4.83208338e-02  3.42666673e-02
  7.93624988e-02  4.14624990e-02 -1.02641669e-01 -2.07358329e-01
  1.92083418e-03  1.10608332e-01  1.48666676e-02  7.54874986e-02
 -1.54124999e-02 -6.15499978e-02 -1.10954168e-01  3.49208346e-02
  8.07958358e-02  4.80000045e-03 -4.61666666e-02 -1.70899998e-01
 -2.93404167e-01 -1.40358332e-01 -1.05916668e-01 -1.03099998e-01
  8.96750018e-02  4.53000013e-02  4.80375026e-02 -1.31958333e-01]"
