aspect,aspect_vecs,cluster_main_vecs
都市歌,"[-2.76999995e-02 -1.16699994e-01  9.70100045e-01  2.19799995e-01
 -2.24399999e-01 -5.12699962e-01 -1.08299986e-01  4.78699982e-01
 -1.79000050e-02  4.47899997e-01  1.87999994e-01  9.99979675e-05
  1.08799994e-01  3.02500010e-01 -7.59199977e-01 -9.00999978e-02
  9.72999930e-02 -1.08099997e-01 -3.09199989e-01  1.76599994e-01
 -1.86400011e-01  2.23100007e-01 -1.66500002e-01 -3.43500018e-01
 -1.25000030e-02  2.37100005e-01  8.27000022e-01  2.04099998e-01
 -1.42400011e-01 -2.59999977e-03 -1.80199996e-01 -6.00001216e-03
 -2.56000012e-02  1.59100011e-01  1.94099993e-01 -1.65300012e-01
 -1.79000013e-02  1.55000001e-01  3.77800018e-01 -5.08400023e-01
  2.77500004e-01  2.22999901e-02 -1.78800002e-01 -3.39000002e-02
  6.96999952e-02  1.86300009e-01  1.88100010e-01 -2.07400009e-01
 -3.66999991e-02  1.84900001e-01 -2.27300018e-01  4.76899981e-01
  2.01099992e-01  1.95000023e-02 -3.06300014e-01  2.05800012e-01
  1.13399997e-01 -3.94600004e-01 -1.18000001e-01  2.46499985e-01
  1.37500003e-01  3.75900000e-01  4.95199978e-01 -2.82999992e-01
  8.07999969e-02 -4.45299983e-01 -7.04999864e-02  1.26000002e-01
 -8.85000005e-02  2.08499998e-01 -1.80099994e-01 -5.04000008e-01
  1.14999991e-02  2.46700004e-01 -5.96000031e-02 -3.57700020e-01
 -4.08000015e-02 -1.59299999e-01 -1.09200001e-01  9.40999985e-02
  1.72199994e-01 -2.88499981e-01 -3.09000015e-02  5.32500029e-01
  1.32299989e-01 -2.11799994e-01 -2.55300015e-01 -3.14000025e-02
  7.29999691e-03 -1.73199996e-01 -3.80299985e-01 -1.79300010e-01
  2.10900009e-01 -1.78600013e-01  4.50999960e-02 -1.45500004e-01
 -2.97699988e-01 -2.58400023e-01 -2.50000000e-01  1.21299997e-01
 -1.81099996e-01  7.10199952e-01 -3.81000005e-02 -2.57000029e-02
 -2.14100003e-01  6.25999987e-01 -2.80299991e-01 -2.54200011e-01
 -4.47999984e-02  1.05899990e-01 -6.11200035e-01 -3.96300018e-01
 -1.75699994e-01 -1.83100000e-01 -8.04999992e-02  2.87699997e-01
 -4.86000001e-01  1.38400003e-01  3.16700011e-01  1.35200009e-01
  3.62300009e-01 -8.71999934e-02  5.53699970e-01 -7.50000030e-03
 -1.20700002e-01  1.24399997e-01 -1.67899996e-01  2.68199980e-01
 -4.14799988e-01  1.63100004e-01 -1.00600004e-01  1.37700006e-01
  1.13600001e-01  4.12999988e-02 -9.91000012e-02  6.87900007e-01
 -1.12200007e-01 -2.90499985e-01 -1.64199993e-01 -2.58599997e-01
 -2.24099994e-01 -2.55199999e-01 -6.31999969e-02  1.72600001e-01
  6.20800018e-01  7.00000003e-02 -3.07999998e-02  3.76100004e-01
 -5.40000014e-03  2.03299999e-01  5.42999953e-02 -3.59000005e-02
 -9.60000008e-02  3.82400006e-01  6.99699998e-01 -3.23599994e-01
 -8.43999982e-02 -1.45999998e-01 -2.67000012e-02 -3.51799995e-01
 -7.23000020e-02 -2.32199997e-01  6.04999997e-02 -2.95800000e-01
  5.33599973e-01  9.52999964e-02 -3.21900010e-01  2.37799987e-01
 -1.81699991e-01  2.23299995e-01  1.74000010e-01  2.79799998e-01
 -1.20400004e-01  1.59099996e-01  2.64999941e-02  1.12300001e-01
 -5.70000038e-02  1.99699998e-01  4.13700014e-01 -1.45600006e-01
 -1.05000008e-02 -2.58100003e-01 -7.40000000e-03  3.27399999e-01
  3.93899977e-01 -2.45199993e-01  4.19400007e-01  4.05000001e-02
  8.20000023e-02 -1.94100007e-01 -2.00199991e-01  2.64400005e-01
  8.47500026e-01  2.74699986e-01  4.25599992e-01  6.91000000e-02
  1.76200002e-01 -9.20999944e-02 -7.99999982e-02  5.77999949e-02
 -1.53700009e-01  1.55199990e-01  2.51199991e-01 -7.53000006e-02
 -5.09999692e-03  2.04699993e-01 -3.64199996e-01 -4.41000015e-02
 -2.94000000e-01 -3.86000015e-02 -1.24100000e-01  5.50499976e-01
 -4.05000001e-02  3.57000008e-02  2.11500004e-01  4.01199996e-01
 -3.93099993e-01 -1.48079991e+00 -2.38199994e-01 -2.32400000e-01
  4.61000055e-02 -2.25000009e-01 -4.05499995e-01 -3.77600014e-01
  3.84000018e-02 -3.86600018e-01  1.46699995e-01  2.85099983e-01
  2.20799997e-01 -1.28399998e-01  3.93000022e-02  2.45399997e-01
 -3.77000004e-01 -9.36999992e-02 -2.13000029e-02 -1.97300002e-01
 -7.52699971e-01 -1.99100003e-01  8.17000046e-02  3.40200007e-01
 -2.78899997e-01 -3.46000046e-02  6.25000000e-02 -7.29599953e-01
  3.70999992e-01 -1.80800006e-01  3.95600021e-01  4.34499979e-01
 -8.89999941e-02 -6.43999994e-01  6.01000004e-02 -4.95000005e-01
  5.15999943e-02  1.90000236e-03  9.29000005e-02  4.69700009e-01
 -2.99999118e-03 -2.38000005e-02  3.23199987e-01  4.85700011e-01
  2.52299994e-01 -9.98000056e-02  1.14900000e-01  1.12200007e-01
 -6.36999980e-02 -3.13100010e-01  3.88799995e-01  4.10999991e-02
  3.20999995e-02  1.97799996e-01 -5.73400021e-01 -2.57800013e-01
  3.14599991e-01 -2.25800008e-01 -1.34499997e-01  1.27199978e-01
  2.21300006e-01 -2.87899971e-01  1.96500003e-01  2.37900004e-01
 -1.97200000e-01  2.43699998e-01  1.31700009e-01 -1.68700010e-01
 -1.55000016e-02 -3.16500008e-01  4.81999815e-02  2.70599991e-01
 -2.90099978e-01  1.65100008e-01 -1.86999962e-02 -1.54400006e-01
 -4.60999981e-02  3.97300005e-01 -4.07099992e-01  6.58999979e-01
 -5.92000000e-02  1.61499992e-01 -3.12900007e-01 -1.50000006e-01]","[-4.40500006e-02 -2.34650003e-01  9.33150023e-01  1.51149996e-01
 -4.00000028e-02 -3.41199994e-01 -7.11499937e-02  1.99299993e-01
 -2.54500031e-02  3.56899995e-01  2.35300001e-01 -1.19099999e-01
  2.64800005e-01  1.78900004e-01 -4.53700006e-01 -3.38000007e-02
  1.23399995e-01  9.34499968e-02 -2.46049995e-01  2.42599993e-01
 -4.05900010e-01 -1.68000013e-02 -6.99500032e-02 -2.34550003e-01
  2.17250004e-01  4.75100007e-01  5.28299991e-01  2.44850000e-01
 -1.77950010e-01 -1.19149998e-01 -3.08649994e-01  1.62399992e-01
 -1.14950003e-01  7.27000023e-02  3.09250001e-01 -2.50050001e-01
  4.53499989e-02 -6.41499939e-02  3.10800003e-01 -3.31250004e-01
  3.08250003e-01 -1.68450013e-01 -5.31999958e-02 -5.04999985e-02
 -2.57699998e-01  8.20500003e-02 -1.81899998e-01 -1.74000004e-01
 -1.33199999e-01  1.34299999e-01 -2.05800008e-01  3.79849998e-01
  2.24149998e-01 -3.02749999e-01 -3.95049997e-01  2.99750006e-01
  1.61649998e-01 -1.30600001e-01 -5.43500031e-02  1.30849995e-01
  3.99999321e-04  1.42100002e-01  3.58749994e-01 -9.15500000e-02
  3.23000038e-02 -2.92800001e-01 -3.76099989e-01 -9.00000148e-03
 -2.45850001e-01  5.90000115e-03 -2.36500002e-01 -3.74650005e-01
  6.12499984e-02  3.20000015e-03 -4.26000012e-02 -2.44600009e-01
 -1.40700000e-01  1.67499986e-02 -2.02499963e-02  7.32500013e-02
  1.92799997e-01  2.09000045e-02 -2.70250000e-01  2.90149999e-01
  1.04000000e-01 -2.12200002e-01 -1.45399999e-01 -2.31449995e-01
 -8.90000071e-03  1.41999996e-02 -1.61000000e-01  4.02500052e-02
  2.87950000e-01  1.93499997e-02  2.58999951e-02 -1.14200001e-01
 -2.34850002e-01 -1.49800004e-01 -9.34999995e-02 -6.91000037e-02
 -2.64999997e-02  7.44199991e-01  8.80000020e-02 -1.34599999e-01
 -7.84500036e-02  4.38899998e-01 -2.54899995e-01 -2.17899999e-01
  4.82999990e-02  2.03199994e-01 -5.47350012e-01 -7.50000030e-02
 -4.44499943e-02 -2.98649995e-01 -3.07500027e-02  2.29249997e-01
 -2.28400007e-01 -9.93499998e-02  2.20299999e-01  3.45500112e-02
  2.08099999e-01 -1.09799999e-01  2.24750000e-01 -5.68500012e-02
 -1.99000011e-02  1.19949998e-01  4.97499981e-02  2.21899997e-01
 -2.79549994e-01 -1.53000038e-02 -1.11300003e-01  1.98500012e-02
 -1.31999999e-01 -2.02999990e-02 -8.33499990e-02  6.59499988e-02
 -1.48400007e-01 -2.35899998e-01 -6.71499977e-02 -1.32599995e-01
 -8.92999976e-02 -2.97399998e-01 -3.19999811e-03 -1.12649997e-01
  6.15150012e-01 -1.32000009e-02 -1.65800001e-01  3.76800005e-01
  1.57500000e-01 -1.55149996e-01  2.01999974e-02  3.49500030e-02
 -2.24500004e-01  1.59300007e-01  4.32649985e-01 -5.73999919e-02
 -1.12049995e-01  4.74000014e-02  1.31199996e-01 -8.41999929e-02
 -1.78449996e-01 -9.26000024e-02  1.47999994e-02 -3.45800003e-01
  1.56000003e-01  1.32499989e-02 -1.42300001e-01 -9.61500090e-02
 -5.23999976e-02  1.20749999e-01  8.73500034e-02  2.87999995e-01
 -2.20350005e-01  2.98249993e-01 -2.02099998e-01  2.25399997e-01
 -3.49850003e-01 -8.08000006e-02  1.86350007e-01  3.14100005e-01
  2.12600007e-01 -4.06300005e-01 -7.52500014e-02 -3.09999473e-03
  2.50849992e-01 -2.85399992e-01  3.89799997e-01  1.37199997e-01
  2.26050004e-01 -2.34400002e-01 -2.50649998e-01  3.76000004e-02
  4.27850015e-01  6.35499964e-02  4.61649999e-01  7.48999971e-02
  2.11000014e-02 -5.07499995e-02  5.18999975e-02  8.01999997e-02
 -8.27500029e-02 -2.90000811e-03  7.07999980e-02 -1.57150001e-01
 -3.09499977e-02  8.96999985e-02 -2.74699997e-01  9.00500044e-02
 -1.81850000e-01 -5.50999995e-02 -2.04999987e-02  3.76350001e-01
 -1.87899996e-01  5.65000011e-02  5.21750003e-01  4.82799996e-01
 -3.40349998e-01 -1.37644997e+00 -6.87999986e-02 -2.16400003e-01
 -1.07799998e-01 -1.28500003e-01  3.81500032e-02 -2.40700004e-01
  8.31000023e-02 -4.23400000e-01  8.51999968e-02 -8.41999969e-02
  8.57499982e-02 -3.39350000e-01  3.75500000e-02  1.12150000e-01
 -4.82050005e-01 -1.98649991e-01 -2.90500019e-02 -1.02150001e-01
 -7.19899997e-01 -1.50500000e-01  1.17950006e-01 -1.35499910e-02
 -1.62949998e-01 -1.93499999e-01 -1.80999986e-02 -7.11699992e-01
  3.39499997e-01 -2.64450002e-01  1.14000004e-01  6.73900001e-01
  2.91000037e-02 -5.70649995e-01  1.32099995e-01 -5.33000007e-01
  2.64899999e-01  3.23900007e-01  1.08899999e-01  2.92149998e-01
  1.48400000e-01  1.12999976e-02  1.96100004e-01  3.81399997e-01
 -9.14999470e-03  4.70499964e-02  9.31322575e-10 -1.85800003e-01
  3.28500001e-02 -1.29150003e-01  2.83599997e-01 -5.38999978e-02
 -6.73000012e-02 -8.56500012e-02 -3.47699992e-01  2.77499948e-02
  8.70499946e-02 -2.34100001e-01  1.22449998e-01  1.27899990e-01
 -1.17500015e-02 -1.95699993e-01  2.51650007e-01  2.15249997e-01
  2.32049998e-01  3.06999995e-01  8.86499994e-02  7.84499981e-02
  1.75799992e-01 -2.12299999e-01 -2.96750005e-01  7.50000011e-02
 -2.57549997e-01  8.15000013e-02  4.27000020e-02 -1.65450003e-01
 -4.04000022e-02  3.59350001e-01 -2.81899996e-01  3.91799988e-01
 -1.92950001e-01  3.30100002e-01 -1.22150000e-01 -2.46750001e-01]"
週末,"[-5.950e-02  5.980e-02  4.606e-01  1.974e-01  3.700e-02  8.100e-03
 -1.267e-01 -1.140e-01 -3.540e-02 -2.810e-02  1.228e-01  3.410e-01
  1.170e-02 -3.700e-03 -5.136e-01 -2.530e-02 -1.619e-01  2.035e-01
 -8.530e-02  5.700e-03 -6.850e-02 -5.400e-02 -1.821e-01 -1.847e-01
  2.831e-01 -7.640e-02 -1.904e-01  2.365e-01  2.246e-01  3.850e-02
  3.070e-02 -1.970e-02  3.096e-01  3.780e-02 -1.182e-01 -1.070e-02
 -3.070e-02 -1.067e-01  9.890e-02  7.630e-02  1.100e-01  1.076e-01
  1.097e-01  7.400e-02  2.122e-01 -4.460e-02  2.712e-01  5.190e-02
  1.101e-01 -9.080e-02  8.740e-02 -1.100e-02 -6.760e-02 -1.122e-01
  3.580e-02  8.050e-02  2.023e-01 -2.131e-01  4.540e-02  8.390e-02
  1.530e-02  1.440e-01 -2.750e-02 -9.870e-02  7.220e-02  2.969e-01
 -2.438e-01  6.390e-02  3.910e-01  1.153e-01 -1.202e-01  1.575e-01
  1.379e-01  4.400e-02 -3.480e-01 -1.071e-01  1.815e-01  2.650e-02
 -4.430e-02 -9.950e-02  1.101e-01 -1.120e-02 -1.141e-01  6.970e-02
  2.880e-02  3.188e-01 -3.283e-01  2.830e-02 -6.200e-03  3.309e-01
  8.360e-02  8.890e-02  3.970e-02  3.400e-03  2.722e-01 -1.130e-01
 -3.215e-01  8.700e-03  1.484e-01 -2.417e-01  3.450e-02  9.350e-02
  4.550e-02  2.018e-01  2.580e-02  6.710e-01 -1.131e-01 -1.404e-01
  5.200e-03 -6.450e-02 -6.810e-02  7.660e-02 -5.360e-02 -1.730e-02
 -3.100e-02  2.075e-01 -2.714e-01  2.759e-01  8.930e-02 -9.530e-02
 -1.078e-01 -1.134e-01  7.900e-02 -5.640e-02  8.800e-03  9.730e-02
  6.000e-04 -1.778e-01  1.877e-01  1.126e-01  8.740e-02 -1.800e-02
  2.132e-01  8.750e-02  1.361e-01  1.530e-02 -2.720e-01  1.360e-01
 -8.030e-02 -2.553e-01 -1.263e-01  7.090e-02 -2.394e-01 -1.541e-01
  3.023e-01 -7.280e-02  2.200e-03  1.309e-01  1.093e-01 -1.170e-01
  1.265e-01 -1.625e-01  1.100e-01  5.420e-02  1.780e-01  1.982e-01
  2.150e-01 -9.600e-03  2.192e-01 -1.087e-01 -1.496e-01  3.490e-02
 -3.580e-02  2.452e-01  1.830e-02 -1.309e-01 -5.243e-01 -1.262e-01
  1.838e-01  5.330e-02 -6.410e-02  2.750e-02 -1.669e-01  8.200e-02
 -5.020e-02  4.770e-02  4.930e-02  1.004e-01  4.450e-02 -1.066e-01
 -8.370e-02  1.691e-01 -3.256e-01 -1.040e-02 -2.950e-02  7.110e-02
 -1.745e-01  2.395e-01  1.352e-01 -7.070e-02  1.643e-01 -1.152e-01
  1.416e-01  4.300e-03  1.544e-01 -1.970e-02 -1.514e-01  1.239e-01
 -4.050e-02  1.531e-01  1.773e-01  1.146e-01  7.440e-02  6.300e-02
 -3.163e-01 -2.030e-01 -1.265e-01  2.141e-01  2.413e-01  4.960e-02
 -6.320e-02  1.380e-02 -3.880e-02  6.340e-02 -1.410e-02 -1.480e-02
  4.540e-02 -5.856e-01  1.860e-02  1.100e-03 -1.571e-01 -9.190e-02
  3.250e-02 -1.434e-01  1.180e-02 -1.443e-01 -3.074e-01  1.526e-01
 -3.670e-02  2.840e-02 -6.590e-02 -2.533e-01 -2.701e-01  7.150e-02
 -3.800e-03 -9.900e-02 -2.784e-01 -1.763e-01  1.427e-01  1.820e-01
 -9.200e-02 -2.090e-02 -1.563e-01 -3.355e-01  3.064e-01  1.656e-01
 -1.169e-01  1.130e-01 -1.910e-02 -3.574e-01 -2.273e-01 -5.189e-01
 -1.320e-01 -1.306e-01  1.971e-01 -6.600e-03 -2.750e-02  7.810e-02
 -3.500e-03 -1.086e-01  4.400e-02 -2.175e-01  1.640e-02  5.410e-02
 -6.040e-02 -2.030e-02  9.120e-02 -1.447e-01 -1.203e-01 -1.427e-01
  2.381e-01 -8.230e-02  1.700e-02  2.861e-01 -5.990e-02 -1.424e-01
  1.761e-01  4.430e-02  1.211e-01  1.688e-01  1.996e-01  2.040e-02
  2.920e-02 -9.560e-02 -1.023e-01 -1.224e-01  8.660e-02  4.880e-02
 -3.910e-02  9.780e-02 -8.360e-02  1.264e-01 -9.500e-02  9.160e-02
 -3.700e-01 -1.545e-01 -6.590e-02  1.066e-01 -7.050e-02 -1.475e-01]","[-1.31971432e-01  2.84142848e-02  4.18099995e-01  2.40685716e-01
  9.88285744e-02 -4.75714090e-03  4.41428380e-03  2.33285718e-02
 -4.82856961e-03  5.04571418e-02  1.17985715e-01  8.65857172e-02
  7.89571426e-02 -5.93714288e-02 -3.93571431e-01 -2.78142872e-02
 -1.84728571e-01  5.35714259e-02 -1.95114287e-01  2.85714206e-03
 -2.13457144e-01 -6.70999996e-02 -1.38914290e-01 -2.43571445e-02
  2.51171423e-01  5.88428585e-02 -7.95428564e-02  1.70357142e-01
  2.38428565e-01  1.83142858e-01  6.54000001e-02 -1.58914285e-01
  2.30385712e-01  1.01028573e-01 -2.40428561e-02 -8.35285668e-02
  3.90571466e-02 -2.61285712e-02  2.32285701e-02 -4.68714269e-02
  1.50957148e-01  5.49714299e-02  8.87714296e-02  7.81857158e-02
  7.29285687e-02  1.21428631e-03  1.74671429e-01 -1.38000002e-01
  5.93142850e-02 -5.26571444e-02 -6.88857162e-02 -1.39142866e-02
 -7.58857152e-02 -9.57142865e-02  4.55142864e-02 -5.75428563e-02
  1.03542857e-01 -1.55000001e-01  7.69571443e-02 -2.01714288e-02
 -1.80142863e-02  9.58000031e-02 -1.21671428e-01  5.21428556e-02
  4.22285731e-02  7.34714238e-02 -1.36085715e-01  1.96142864e-02
  2.07485719e-01  2.17614283e-01  7.37285707e-02  1.59385718e-01
  1.26085716e-01  1.53000002e-01 -3.13285716e-02 -1.29757143e-01
 -1.29428567e-02  4.55714443e-03 -7.60000013e-03  4.37142892e-02
  8.20714299e-02 -6.11285695e-02 -1.85571429e-01 -5.64571430e-02
  9.48285727e-02  1.22000001e-01 -1.14399997e-01  1.63585715e-01
  7.50428547e-02  1.46457144e-01  1.82142859e-02  7.34571459e-02
  5.40714306e-02  1.21857144e-01  1.16657145e-01 -1.31557144e-01
 -2.26857139e-01 -1.52771426e-01  4.39999865e-03 -7.29571447e-02
 -1.12228576e-01  3.36414289e-01  2.89285710e-02  1.97514287e-01
 -4.94285717e-02  4.98942852e-01 -4.14857129e-02 -6.88285729e-02
 -3.57142450e-04  1.03714280e-02 -1.14314285e-01  3.17999987e-02
 -2.27714313e-02 -1.70428576e-02 -3.04285746e-02  1.32442857e-01
 -1.31900003e-01  1.67571414e-02  9.60000046e-03 -2.87999988e-02
 -2.81428573e-02  1.60571438e-02  1.10600000e-01 -1.32457146e-01
  2.58571423e-02  8.74571425e-02 -7.84285613e-03 -1.14557140e-01
  7.79571451e-02 -8.76285703e-02  2.50857137e-02 -1.30285717e-01
  2.04557142e-01  9.09857170e-02  7.03285731e-02  1.09285721e-01
 -1.53657139e-01  8.84285476e-03 -7.23571437e-02 -1.72757143e-01
 -6.81571423e-02 -5.90285709e-02 -6.15285704e-02 -1.52428565e-02
  1.88442857e-01 -7.83285714e-02 -2.17999957e-02  1.04700000e-01
 -2.52142857e-02 -1.42371431e-01  5.44428570e-02 -1.36600000e-01
 -3.36428564e-02  2.13971424e-01  9.40714266e-02  6.14284804e-04
  9.71428518e-04  7.66428599e-02  5.85714286e-02 -9.25571395e-02
 -5.87571422e-02 -2.72714295e-02 -1.00500001e-01  5.97285733e-02
  5.70142878e-02 -9.08142885e-02 -3.76542859e-01  6.35571405e-02
  1.41528572e-01  2.74714278e-02  8.55714272e-02  9.42855009e-04
 -2.38128571e-01 -3.46142876e-02 -1.02028573e-01 -2.55428574e-02
  1.03442858e-01  6.28571186e-03  1.81999998e-01  8.36857124e-02
 -1.34142866e-02  5.04142844e-02 -2.35485714e-01  6.25714314e-02
 -7.81428574e-03 -1.11228570e-01 -1.54828571e-01  2.18399999e-01
 -1.83714290e-02 -3.23257138e-01  1.32571418e-02 -2.09499999e-01
  1.29914291e-01 -6.05571418e-02  1.75228573e-01  5.79285707e-02
  8.41428499e-03 -3.28428572e-02  4.81000000e-02  2.80714296e-02
  9.07285708e-02  1.74042858e-01 -4.86857146e-02  9.19571425e-02
 -1.61542858e-01 -1.92228572e-01 -6.16857154e-02 -1.73285714e-02
 -4.71285712e-02 -1.06300000e-01 -2.55714277e-02 -9.95714111e-03
 -5.87142858e-02  9.05714275e-02  2.78857151e-02 -9.36714262e-02
  2.05999981e-02 -8.57971421e-01  7.12000000e-02  1.29285708e-02
 -1.17428580e-02 -2.97142885e-03 -1.52742856e-01  6.01285728e-02
  4.24714275e-02 -3.64285601e-03 -2.24500000e-01  7.25428598e-02
  4.88714282e-02  7.49714296e-02 -3.05714352e-03 -2.02214284e-01
 -3.30271426e-01 -3.98428594e-02  7.26857123e-02 -4.24999999e-02
 -3.99514279e-01  4.21571409e-02  1.12628571e-01  1.72928570e-01
  8.31857138e-02  2.36571442e-02  1.18600002e-01 -3.45057145e-01
  2.75571426e-01 -1.06842856e-01 -1.10428571e-01  1.14900000e-01
 -1.61428417e-03 -2.09842859e-01 -8.20999997e-02 -5.15042861e-01
  2.15714276e-02  8.88571356e-03  1.84414286e-01  8.91428441e-03
 -8.28571085e-04  4.42857029e-03 -3.36857137e-02 -9.05714184e-03
  6.82142845e-02 -3.01771425e-01  1.21057144e-01  1.40271423e-01
 -5.04571440e-02 -1.86857139e-02  1.60999999e-01 -9.13714283e-02
 -8.40999984e-02 -1.24457142e-01  1.18357141e-01 -9.63000006e-02
 -2.26714305e-02  1.49271429e-01 -5.77714277e-02  3.95571435e-02
  5.79857118e-02  3.50142872e-02 -9.20000114e-03 -1.75285716e-02
  2.53828569e-01  6.47285692e-02  1.39857153e-02 -5.71857151e-02
 -5.22571414e-02 -2.36557144e-01  1.37985717e-01  2.93428560e-02
  1.87428591e-02 -1.80999985e-02 -8.20000150e-03  1.10642857e-01
  4.18571396e-02  8.02857144e-02 -3.57685706e-01 -2.51942854e-01
 -1.08514287e-01  1.36071426e-01  9.99999765e-03 -1.93885714e-01]"
景色,"[-0.001   0.243   0.3336  0.1687 -0.0892  0.1249  0.1401  0.2112 -0.2048
  0.2467  0.256   0.2182 -0.1783 -0.2851 -0.1854  0.2074 -0.2689 -0.212
 -0.2489 -0.2325 -0.1982  0.123  -0.0787  0.0833  0.0464 -0.272   0.2542
 -0.1348 -0.0922 -0.1226  0.0205  0.1288 -0.1382 -0.0484  0.0552 -0.0058
  0.0249 -0.1981 -0.073   0.0975 -0.0419  0.0082  0.1111  0.0336 -0.2805
 -0.1315 -0.2821  0.1603 -0.1756  0.2802  0.1454  0.0943 -0.071   0.0043
  0.1558  0.4112  0.0237 -0.2574 -0.0528  0.3038  0.0495 -0.1188  0.0238
  0.1209 -0.1146  0.1123  0.0525  0.0403 -0.0261  0.5505  0.3706 -0.0766
  0.1171  0.0973  0.2983 -0.0404 -0.2391  0.2438 -0.289   0.0997  0.0836
  0.1842 -0.0478  0.1299  0.0746  0.2966  0.0288  0.0142 -0.2538 -0.2665
 -0.4425  0.1302  0.051   0.2242 -0.0844 -0.2026  0.0064 -0.337  -0.0994
  0.0537 -0.1735  0.5503 -0.0265 -0.0101 -0.0114  0.1491  0.0404  0.4958
 -0.0769  0.122  -0.5052 -0.0434 -0.2809 -0.0127  0.0261  0.5169 -0.0285
  0.0546  0.3095 -0.0329 -0.0813  0.0494  0.1519 -0.0861 -0.0805 -0.2312
 -0.1468  0.1754 -0.0305  0.4431  0.0047 -0.1462  0.099  -0.0776 -0.1494
  0.447   0.0023  0.104  -0.0702  0.0304 -0.01   -0.0702 -0.045  -0.0702
  0.0654 -0.1127  0.0387 -0.2097 -0.125  -0.3351  0.0566 -0.0507  0.0553
  0.0663  0.1533 -0.1428 -0.129  -0.0395  0.0228  0.0877  0.0232 -0.0704
 -0.1333 -0.0445  0.2157  0.0268 -0.4292  0.1326 -0.174   0.0644  0.0152
  0.0644 -0.0781 -0.0423 -0.2449 -0.1414 -0.2348  0.1089  0.2154 -0.3237
 -0.2341 -0.2967 -0.0374  0.1629 -0.2772 -0.1298 -0.2516  0.1902  0.366
 -0.2826 -0.0716 -0.0721  0.4465 -0.015   0.0932  0.0885  0.1377  0.0015
  0.3016  0.2418 -0.043   0.0533  0.0189  0.2134 -0.1259 -0.1057  0.2288
  0.1096  0.055  -0.0453 -0.092   0.4324  0.0352 -0.1692 -0.0077 -0.3208
  0.1707 -0.9656  0.0846 -0.5293 -0.156  -0.0914 -0.31    0.1232  0.1182
  0.052  -0.0144 -0.2182  0.2529 -0.1485 -0.11   -0.171  -0.4495 -0.0639
  0.2219  0.0497 -0.5222  0.0257  0.2876  0.1863  0.0087  0.0717  0.328
 -0.263   0.2832 -0.2942 -0.1505  0.153   0.2766 -0.4422  0.0568 -0.5073
 -0.3459 -0.1885 -0.0705  0.0129 -0.062   0.1835  0.0632  0.0071  0.125
 -0.06    0.2133  0.1576 -0.1147 -0.2216  0.0499 -0.0558  0.0418 -0.0308
 -0.2156 -0.1401  0.3369  0.1721 -0.216   0.3127  0.3844 -0.2242 -0.2731
  0.0204  0.136  -0.0398  0.0539 -0.259  -0.1794 -0.1761  0.1743  0.189
  0.0265  0.1428 -0.1093  0.1067  0.2051  0.1514 -0.175  -0.1382 -0.0662
  0.1742 -0.0092 -0.1227]","[-9.79999973e-03  2.18066668e-01  3.43400002e-01  1.59866663e-01
  7.02666665e-02  2.29933331e-01  9.10666672e-02  2.45733328e-01
 -1.84500001e-01  3.19633340e-01  1.79566666e-01  1.97866663e-01
 -1.13666666e-01 -2.16466674e-01 -1.67766666e-01  1.38066667e-01
 -1.70166669e-01 -1.38066664e-01 -2.07533332e-01 -1.33166668e-01
 -2.78933341e-01  1.87600004e-01 -6.36333351e-02  6.78666687e-02
  1.01266668e-01 -2.52433340e-01  3.35733334e-01 -6.15333344e-02
 -1.44366664e-01 -2.80333317e-02  2.58000009e-02  6.73666696e-02
  7.94666708e-02 -1.39800002e-01  7.18000016e-02 -9.82333392e-02
  7.88333354e-02 -1.04966665e-01 -4.42000008e-02 -3.78333330e-02
  9.24999962e-02 -3.41333353e-02  7.24000012e-02 -2.82333344e-02
 -1.40666664e-01 -1.60833336e-01 -1.01966664e-01  1.02200000e-01
 -1.81166669e-01  8.18000014e-02  1.04733333e-01  4.54666670e-02
 -1.14833333e-01 -1.86466668e-01  2.94866674e-01  3.24800000e-01
  5.17000003e-02 -1.54866671e-01  3.28666667e-02  1.83066664e-01
  3.61666677e-02  1.44700001e-01  2.69000002e-02  1.51399997e-01
 -9.74666663e-02  8.82999984e-02 -6.66690369e-05  8.77666660e-02
 -3.88333332e-02  3.65066657e-01  2.10199997e-01 -1.00900002e-01
 -2.19666657e-02  4.45333372e-02  1.22966666e-01 -8.64666651e-02
 -2.91466668e-01  1.26966668e-01 -1.51300003e-01  9.19999865e-03
  3.40333333e-02 -4.70999976e-02 -3.46666674e-02  4.59999715e-03
  5.78333363e-02  1.73233335e-01  5.45666652e-02  1.23966663e-01
 -2.68666681e-02 -1.50633331e-01 -3.17666670e-01 -2.40999994e-02
  5.49000006e-02  2.49200001e-01  1.97666691e-02 -2.34700004e-01
 -1.58666659e-02 -3.45100005e-01 -1.29133333e-01 -3.96333324e-02
 -1.32300002e-01  4.39666669e-01  5.15666660e-02 -4.11999996e-02
 -3.37999991e-02  1.52266668e-01 -3.29666684e-02  3.17233329e-01
 -9.53333328e-03  1.94099997e-01 -4.84200021e-01 -1.27599996e-01
 -7.56000007e-02 -9.57666688e-02  3.22333332e-02  3.67833341e-01
 -3.79000002e-02  4.93999993e-02  1.48133335e-01 -1.39233335e-01
  1.81333348e-02 -4.09000007e-02  2.41966665e-01 -2.03666659e-02
 -7.68333338e-02 -1.74099997e-01 -1.23300001e-01  1.94099997e-01
  1.72666640e-02  1.77633336e-01  5.18000014e-02 -6.48333343e-02
  7.35666665e-02  9.11333350e-02 -2.30266663e-01  3.27666656e-01
  2.46000011e-02  7.63666704e-02 -1.40033337e-01  7.48666624e-02
  1.45066665e-01 -1.50200004e-01 -7.79333344e-02  5.51333303e-02
  8.81999967e-02 -6.07333328e-02 -2.63999999e-02 -1.51866668e-01
 -1.71633333e-01 -2.67266671e-01 -4.23333297e-03  4.52666668e-02
  4.36666670e-02  1.72033327e-01  1.77933330e-01 -1.43466671e-01
 -6.15333309e-02 -2.58333348e-02  4.02666659e-02  5.37333327e-02
 -2.66668076e-04 -1.44633333e-01 -1.84433339e-01 -4.00000314e-03
  1.34633331e-01 -5.80999988e-02 -4.48466669e-01 -1.43166666e-01
 -1.23366665e-01  9.97999983e-02  3.58666666e-02 -1.27899999e-01
 -6.41666672e-02 -8.43333329e-02 -2.23466670e-01 -1.22066667e-01
 -1.70399999e-01  1.21266671e-01  1.66433329e-01 -2.99600000e-01
 -9.89999995e-02 -2.23833332e-01 -1.08733336e-01  1.32600002e-01
 -1.32666667e-01 -1.77800005e-01 -2.23833332e-01  2.71933338e-01
  3.33100001e-01 -1.49633329e-01  4.05333328e-02 -2.03333329e-03
  4.00533338e-01  1.13900001e-01  6.84666648e-02  6.16999995e-02
  6.59333356e-02  1.28700000e-01  1.51166668e-01  2.25766667e-01
  3.79999963e-02  1.53133334e-01  1.19999997e-01  2.55100007e-01
 -3.87999999e-02 -1.21400004e-01  1.37633335e-01 -6.69000025e-02
  5.42000011e-02  1.84333324e-02 -6.96666663e-02  2.71466662e-01
 -5.46666483e-03  5.17333299e-02 -5.67999991e-02 -1.21733338e-01
  8.62666667e-02 -9.26300009e-01  1.52666668e-02 -4.36233322e-01
 -1.31566669e-01 -1.37066667e-01 -9.52000010e-02  1.46833333e-01
  1.34499999e-01 -7.55333342e-02  1.16333359e-02 -2.79866666e-01
  1.72933335e-01 -3.14333340e-02  1.52000015e-02 -9.54000012e-02
 -3.88399998e-01 -1.26933334e-01  6.83666668e-02  6.17000020e-02
 -5.45299987e-01  1.11333337e-01  2.68566668e-01  4.03666645e-02
  4.93333302e-03  1.83333332e-02  2.78800006e-01 -3.32600007e-01
  1.57099999e-01 -2.55066673e-01 -1.32500000e-01  1.32566666e-01
  2.32233331e-01 -4.88000010e-01  7.49333327e-02 -4.54133342e-01
 -3.07400003e-01 -2.47233336e-01  1.75999985e-02  5.62999990e-02
 -6.59666657e-02  1.36833335e-01 -1.25666658e-02 -3.07666669e-02
  1.21933336e-01 -1.24700001e-01  1.56799999e-01  1.64900001e-01
 -1.85566664e-01 -3.15200001e-01  1.01699999e-01 -3.30333337e-02
  9.80666677e-02  6.14333339e-02 -2.76133334e-01 -1.66833331e-01
  3.48266666e-01  1.20833327e-01 -7.52000014e-02  9.50333343e-02
  3.17900002e-01 -5.68999996e-02 -2.79799993e-01 -8.60999978e-02
  1.74466665e-01 -5.75666657e-02 -5.13666657e-02 -1.70900000e-01
 -1.19499999e-01 -1.47566662e-01  2.13833335e-01  1.78166662e-01
  1.49100000e-01 -2.57333343e-02 -5.86666788e-03  4.26000009e-02
  1.49466669e-01  2.41766661e-01 -1.60233335e-01 -1.33699998e-01
  8.92666616e-02  1.02566664e-01  4.82333374e-02 -6.81000004e-02]"
都心,"[ 0.0676  0.1692  0.2733  0.0421  0.2219  0.2197  0.1391  0.0131  0.2068
  0.1441  0.1219  0.1447  0.2926 -0.2125 -0.4395  0.1275  0.1902  0.0326
  0.0084 -0.0438  0.1121  0.0482 -0.3733 -0.0549  0.2005 -0.3202  0.1392
  0.2085  0.2496  0.0545 -0.1301 -0.3244 -0.074   0.3526  0.2534  0.1994
 -0.0828  0.1514 -0.0308 -0.4107 -0.2115 -0.0506 -0.3996  0.0777  0.2062
 -0.0361  0.0434 -0.2616 -0.2324  0.0979 -0.1105  0.1975  0.1216  0.3559
 -0.1718  0.1378  0.186  -0.3331  0.1387  0.2541 -0.1635  0.1172 -0.0439
 -0.1802 -0.0017 -0.1942 -0.291  -0.1037 -0.055   0.0634  0.1032  0.2316
  0.0059  0.1338 -0.0265  0.1242 -0.0995 -0.1953 -0.0745 -0.15    0.0437
 -0.0105 -0.1548 -0.0467  0.4193  0.2864 -0.2879  0.1063  0.3857  0.1198
 -0.0555 -0.1159  0.2954  0.1411  0.3264  0.0394 -0.5082 -0.2165 -0.037
 -0.2626 -0.0708  0.1723 -0.2038  0.324  -0.0401  0.6434 -0.1326 -0.0253
  0.3321  0.2648  0.0252  0.075   0.0023 -0.4206 -0.3452  0.3094 -0.128
 -0.2488  0.0741 -0.1512  0.2822  0.0398  0.138  -0.2606 -0.5063  0.1105
  0.4254  0.251  -0.2119  0.1108 -0.0404  0.0921  0.2788 -0.1305  0.0686
  0.3035  0.1722  0.4191 -0.0582 -0.2754  0.0691  0.0562 -0.041  -0.0654
  0.1415  0.2687 -0.0875  0.0211  0.1848 -0.1576  0.2068  0.2035  0.0099
  0.0452  0.3645  0.0437 -0.0551 -0.0977  0.1346  0.0262  0.0502 -0.0945
 -0.1257  0.3804 -0.0469  0.1002 -0.5292 -0.0406 -0.2307  0.3385  0.1078
 -0.2717 -0.3734 -0.0746  0.0485  0.3445 -0.0953 -0.1249  0.2184 -0.2152
 -0.0792 -0.4162 -0.0886 -0.1008  0.2883 -0.1799  0.025   0.0648  0.3408
 -0.1976  0.2489  0.0123 -0.0817  0.268   0.5076  0.0364  0.0267 -0.0892
  0.1679  0.1225 -0.2695  0.3752  0.2393 -0.0083 -0.098  -0.092  -0.323
  0.2143  0.3686 -0.4589 -0.2287 -0.1153 -0.0678  0.0513  0.0681  0.0037
 -0.0561 -1.0798 -0.0129 -0.1589  0.0628 -0.1784  0.111   0.1952  0.2746
 -0.1523 -0.1159 -0.0651  0.0444  0.1841  0.2169  0.1995 -0.2833 -0.1539
 -0.2507 -0.1806 -0.3543  0.0958 -0.0757 -0.0088  0.1969  0.1691  0.1567
 -0.4161  0.285  -0.0282 -0.0263  0.2252 -0.2368 -0.1151  0.0351 -0.4123
 -0.4568  0.0181  0.2924  0.4566 -0.1184 -0.2408 -0.0154  0.0215  0.2994
 -0.1525  0.1759  0.1385 -0.3057  0.1545  0.1747 -0.2419 -0.0202 -0.0269
 -0.4254  0.1673  0.0267  0.0973  0.0136  0.0541  0.0655 -0.0607 -0.2909
  0.0449 -0.3512 -0.2605 -0.2931  0.1035 -0.3042 -0.3462  0.3173  0.0394
  0.0825  0.4743  0.1392  0.082   0.1362  0.2022 -0.199   0.0405 -0.1819
  0.1293 -0.2338 -0.2109]","[-1.00500025e-02  9.12000015e-02  3.05249989e-01  9.63500012e-02
  7.44999945e-03  2.51349993e-01  1.42000020e-02  6.65499987e-02
  3.00500020e-02  1.60049997e-01  1.34950001e-01  1.48750000e-01
  2.06750002e-01  3.39999795e-03 -4.34799999e-01  7.14499988e-02
 -2.83999965e-02  5.44000007e-02 -4.36500018e-02 -1.32050002e-01
 -6.94499947e-02  1.54649997e-01 -3.03649992e-01 -6.07000012e-02
  2.74349995e-01 -2.46649995e-01  1.92100003e-01  2.74100006e-01
  2.00849995e-01  1.43550001e-01 -7.01499986e-02 -2.19900005e-01
 -2.99000004e-02  1.55450003e-01  2.68600002e-01  1.65399998e-01
  5.42500019e-02  1.09700002e-01  3.00499983e-02 -2.73049995e-01
 -1.90200001e-01  2.25500017e-02 -2.97150001e-01 -2.30999999e-02
  7.43500013e-02 -1.52999997e-01  1.55000016e-03 -1.33199994e-01
 -3.55199993e-01  5.71000017e-02 -1.89600002e-01  1.06750003e-01
  1.62650004e-01  1.55249994e-01 -2.83400007e-01  1.43900000e-01
  1.78700000e-01 -2.85949998e-01  1.39550000e-01  2.25899994e-01
 -1.96549997e-01  1.29699998e-01  7.79499989e-02 -1.23549998e-01
 -2.00000004e-03 -9.71499971e-02 -2.64900006e-01 -9.84999985e-02
  1.13499984e-02  1.36200003e-01  1.06150001e-01  2.95500003e-01
 -1.42999995e-02  2.00800002e-01  2.40500020e-02  4.75500003e-02
  2.00000033e-03 -2.21249998e-01 -1.64099995e-01 -1.58550002e-01
  1.59100005e-01  1.31500005e-02 -1.81299999e-01  4.42999974e-02
  3.30149993e-01  2.05899999e-01 -2.29199998e-01  4.40999977e-02
  2.79199995e-01 -3.84500027e-02 -6.13499992e-02 -1.34600002e-01
  4.53199998e-01  3.53500023e-02  1.87750006e-01  8.41000024e-02
 -4.07799989e-01 -8.93500000e-02 -1.28700003e-01 -5.75000048e-02
 -6.69500008e-02  2.24249996e-01 -1.78899996e-01  1.33250000e-01
 -1.09999999e-02  6.48000002e-01 -4.52499967e-02  1.26499999e-02
  2.48750001e-01  1.98250003e-01  4.98500010e-02  8.72500017e-02
 -4.49999934e-04 -3.08699995e-01 -2.83500001e-01  2.85599992e-01
 -1.85300000e-01 -1.82699997e-01  6.90000020e-02 -2.12499984e-02
  1.77700005e-01 -1.17499996e-02  2.63800003e-01 -1.93000004e-01
 -2.81699987e-01  8.58999994e-02  3.07399996e-01  2.58449987e-01
 -1.55649997e-01  2.68899992e-01 -6.22499995e-02  1.16000026e-02
  3.09300005e-01 -1.17300000e-01 -6.97999969e-02  2.12800000e-01
  2.01199993e-01  1.87649993e-01 -9.93499979e-02 -1.80550005e-01
  8.53499994e-02 -9.23999976e-02 -6.88499995e-02  4.98499982e-02
  1.46749996e-01  1.69750001e-01  9.35000181e-03  1.55899994e-01
  9.72499996e-02 -2.63350002e-01  1.34999998e-01  2.46350005e-01
 -1.04200000e-01 -6.20500017e-02  2.40949992e-01  3.62999989e-02
  6.33999966e-02 -1.71599999e-01  1.12500001e-01 -9.45499968e-02
  3.09000001e-02 -8.93500000e-02  2.93000042e-02  2.77350001e-01
  1.10100003e-01  4.09999862e-03 -4.98550013e-01 -4.15000003e-02
 -1.36950001e-01  2.36649998e-01  1.84699994e-01 -1.31799997e-01
 -3.39200005e-01 -3.45000252e-03  1.73000009e-02  2.69650005e-01
 -9.44999978e-02 -6.11999992e-02  2.50300005e-01 -9.76500036e-02
 -1.55550003e-01 -4.48700011e-01 -8.45500007e-02 -7.98499994e-02
  3.42100009e-01 -2.29150005e-01 -2.41000010e-02  6.46499991e-02
  2.68499993e-01 -1.50550004e-01  3.81999984e-02  3.39000002e-02
 -8.71500000e-02  1.61750004e-01  3.73500004e-01  9.90499984e-02
  1.84999965e-03 -7.44499993e-02  2.14900002e-01  2.03299999e-01
 -7.19499961e-02  1.35450002e-01  2.37250000e-01  3.59000000e-02
 -4.04499983e-02 -1.09050002e-01 -1.22950006e-01  7.35000037e-02
  1.98500006e-01 -2.36100002e-01 -1.69399999e-01  1.18249997e-01
 -3.49000002e-02  1.19150003e-01  1.00849997e-01  3.21500007e-02
 -6.66000005e-02 -9.30550009e-01 -8.19000034e-02 -1.57049999e-01
 -1.26500018e-02 -1.55850001e-01  1.38300002e-01  7.63999987e-02
  1.24849999e-01 -1.44000016e-02  1.99499987e-02 -4.99999989e-02
  2.28499995e-02  1.04900001e-01  6.53000027e-02  1.13199998e-01
 -3.62100005e-01 -1.90250002e-01 -2.02599995e-01 -1.35700002e-01
 -3.81849989e-01  2.50499994e-02  2.32000016e-02  1.50000006e-02
  1.49299998e-01  1.92499980e-02  1.71750002e-01 -3.37899998e-01
  8.36499967e-02 -4.16000001e-02 -1.48349994e-01  2.71449998e-01
 -8.19000006e-02 -9.79499966e-02  1.00400003e-01 -4.40349996e-01
 -1.72400005e-01  3.65000032e-03  1.92050003e-01  2.98950002e-01
 -3.10350012e-01 -1.36299998e-01  1.22999996e-02  1.90000050e-03
  2.16350004e-01 -2.23100007e-01  1.02999998e-01  2.17500031e-02
 -2.30149999e-01 -1.77150019e-01  4.19000052e-02 -5.18999994e-02
  4.45500016e-02 -7.54499994e-02 -2.67349996e-01  1.36750001e-01
 -2.37999996e-02  8.21500011e-02 -1.70099999e-01  8.11499991e-02
  1.69700000e-01 -5.92499990e-02 -2.17749998e-01 -1.02499999e-01
 -1.68450007e-01 -1.58850007e-01 -1.43450000e-01 -3.65999974e-02
 -1.70149997e-01 -3.60649988e-01  1.06149998e-01 -2.86999997e-02
 -2.90499963e-02  3.74599993e-01  2.19500028e-02  1.89500004e-02
  6.24999981e-02  2.31399998e-01 -2.74800003e-01  7.52499998e-02
 -1.22599997e-01  1.42799996e-01 -1.35299997e-01 -1.48949996e-01]"
木々,"[ 2.2110e-01  4.7900e-02  3.0960e-01  1.2080e-01 -6.7000e-02 -1.6800e-02
  4.4790e-01 -1.1810e-01 -1.4930e-01  8.1000e-02  1.3550e-01 -1.3100e-02
  1.4240e-01  1.2340e-01 -5.4260e-01  3.5900e-01 -7.3400e-02 -1.0700e-01
 -2.1250e-01 -4.4460e-01  2.8290e-01  1.5030e-01 -4.1980e-01 -2.4410e-01
  7.8400e-02 -4.6210e-01 -1.0610e-01  1.2000e-03 -1.1610e-01 -4.5810e-01
  2.2000e-02 -1.5850e-01 -2.3610e-01 -3.1820e-01 -2.4250e-01 -2.3940e-01
 -2.2500e-01 -1.2110e-01  2.2930e-01  6.8800e-02 -1.8900e-02  1.9020e-01
  2.4150e-01  1.6470e-01  2.7670e-01  1.6040e-01  1.7980e-01 -7.0000e-04
 -6.1000e-02 -6.6000e-02  1.5820e-01 -2.2830e-01  9.4900e-02  3.2870e-01
  3.9100e-02  1.1170e-01  2.4120e-01 -5.8100e-02  1.0610e-01 -8.6600e-02
  7.3700e-02  7.9500e-02  2.4270e-01  4.4730e-01  4.0000e-04 -3.3500e-02
 -7.4100e-02 -1.5930e-01  3.9000e-03  1.3670e-01  3.8170e-01 -1.8230e-01
  7.1000e-02 -2.7700e-02  2.0950e-01 -2.9560e-01 -2.0320e-01  4.7700e-02
 -7.5600e-02  2.2390e-01  1.9230e-01 -1.0850e-01 -1.0430e-01  1.3200e-02
  1.5700e-02  1.1600e-02 -1.9480e-01 -8.6000e-02  1.0450e-01 -2.2730e-01
 -4.4710e-01  2.7800e-02  3.0220e-01  1.0060e-01  1.6500e-02  3.1380e-01
 -1.6420e-01 -3.4580e-01 -2.2630e-01  2.6600e-02 -2.5730e-01  3.8800e-01
 -1.8010e-01 -2.6040e-01 -1.0440e-01  4.6910e-01 -1.8820e-01  1.0410e-01
  2.9380e-01 -1.4700e-02 -2.9720e-01 -2.5100e-02  1.1550e-01 -7.0900e-02
 -1.1030e-01  5.1210e-01 -1.0530e-01 -1.1110e-01  5.5400e-02 -5.2700e-02
  2.4550e-01  1.5760e-01  1.2380e-01 -2.2040e-01  1.6560e-01 -1.0060e-01
 -1.6360e-01  3.7060e-01 -2.6860e-01  3.8210e-01  5.6700e-02 -4.1070e-01
  3.0340e-01 -1.9760e-01  5.9900e-02  1.2620e-01 -4.9900e-02  1.3180e-01
  2.9560e-01 -2.0460e-01  2.2900e-01 -1.9460e-01  3.3690e-01  4.6500e-02
  1.1330e-01  1.7700e-02  2.2060e-01 -3.1030e-01  4.5400e-02  9.9900e-02
  2.2000e-02  9.7000e-03  1.4470e-01  1.2700e-01  9.3700e-02 -1.9840e-01
 -2.5170e-01  8.3100e-02  2.9170e-01 -2.7520e-01 -2.0500e-01  8.4100e-02
  4.5100e-02 -3.2000e-01  2.9720e-01  7.3000e-02 -8.3900e-02  1.8420e-01
  2.0100e-02 -2.4630e-01 -3.3800e-02  1.8420e-01 -3.3880e-01  1.6910e-01
  3.0870e-01  4.0900e-02  1.3500e-01  6.3000e-02  3.5000e-02  2.5010e-01
  3.3700e-02 -8.1900e-02  1.8500e-02  3.6060e-01 -1.6980e-01 -3.8590e-01
 -2.0530e-01  3.4000e-02  1.6190e-01 -1.3530e-01  2.8600e-02 -6.9100e-02
  1.3030e-01  5.9900e-02  3.3340e-01 -1.4130e-01  6.0700e-02  6.6200e-02
 -5.0800e-02  1.3380e-01 -3.8000e-03  3.3250e-01 -1.8230e-01 -2.0840e-01
 -1.4300e-01 -1.7500e-01 -5.0000e-03 -1.3910e-01 -1.5530e-01 -8.7700e-02
 -5.1800e-01  3.4940e-01 -7.1100e-02 -1.0030e-01  7.1700e-02 -4.2590e-01
 -4.0400e-02 -1.1238e+00 -1.5080e-01 -1.9830e-01  4.6500e-02 -1.2600e-01
 -3.6290e-01 -1.6260e-01 -1.2090e-01  1.5530e-01  6.7700e-02 -1.6280e-01
  2.6170e-01  7.9000e-02 -1.0660e-01 -5.3970e-01 -4.9140e-01 -3.7300e-02
  2.4740e-01  6.0000e-02 -2.5260e-01 -1.0510e-01 -1.9400e-01  9.0900e-02
 -6.9700e-02 -1.3100e-02  3.3300e-01 -2.6750e-01 -2.9040e-01 -2.5120e-01
  5.9000e-03  1.2170e-01 -1.5210e-01 -1.6960e-01  1.3010e-01 -4.4910e-01
 -6.8500e-02 -2.6560e-01  3.2810e-01  1.5880e-01  1.8040e-01  2.2650e-01
  2.3000e-03 -2.0720e-01  7.1300e-02 -1.0250e-01  2.1750e-01 -1.2700e-02
 -2.2710e-01 -2.5580e-01 -4.5300e-02 -1.2460e-01 -9.9800e-02 -1.4730e-01
 -1.6380e-01  6.6200e-02  5.6100e-02  2.9090e-01 -1.0910e-01  2.1550e-01
  2.5850e-01 -1.6200e-02 -1.3060e-01  1.5620e-01 -2.7680e-01  1.0700e-02
  1.1660e-01 -2.2010e-01 -2.1000e-01 -2.0590e-01 -2.2070e-01  1.0050e-01
 -6.7700e-02  1.1960e-01 -3.4740e-01  2.4250e-01  6.4700e-02 -5.9200e-02
 -7.3600e-02 -6.4500e-02  1.0610e-01  1.0070e-01  6.2900e-02 -8.5100e-02]","[ 1.06300001e-01  4.96666643e-02  5.17099986e-01  1.66299999e-01
 -1.99066669e-01 -4.42333352e-02  8.72999964e-02 -1.00000001e-01
  3.06666705e-03  2.27866669e-01  8.01333332e-02 -8.25333353e-02
 -7.08000064e-02  5.88000013e-02 -3.69033327e-01  9.05666662e-02
 -3.43333321e-02 -5.78333326e-02 -1.99633335e-01 -2.74499997e-01
  2.43433341e-01  9.44999984e-02 -3.95999998e-01 -1.88400000e-01
  2.89999942e-03 -3.86666670e-01  3.99999991e-02 -4.72333314e-02
 -2.55666648e-02 -1.35766664e-01  1.35933335e-01 -1.53966668e-01
 -1.36066668e-01  7.72333344e-02 -8.96333357e-02 -7.97999998e-02
 -6.00666652e-02 -1.14833335e-01  2.63666670e-01 -1.78666659e-02
  3.12999994e-02  2.07933334e-01  9.53666680e-02  6.55666664e-02
  1.48266664e-01  2.53066669e-01 -1.79000025e-02 -1.53299998e-01
 -8.62000001e-02 -3.85666676e-02  7.66666643e-02 -2.95333328e-02
  8.20666654e-02  1.35533334e-01  9.53333204e-03  2.97999978e-02
  8.74999985e-02 -5.87666656e-02  6.07666671e-02 -3.41666664e-02
  7.66666917e-04  4.43333232e-03  5.21666650e-02  2.83266661e-01
  8.49999986e-02 -3.33999991e-02 -1.08666668e-02  1.14166672e-01
  7.56666840e-03  1.85733333e-01  2.30966667e-01 -1.15466667e-01
  6.91333326e-02  5.30000012e-02  1.39333335e-01 -1.43933333e-01
 -6.38333323e-02  3.46666699e-03 -9.13333396e-03  1.26100001e-01
  1.56566670e-01  1.83399998e-01 -9.71666649e-02  1.05066667e-01
 -2.23666659e-02 -3.68999997e-02 -1.75000002e-01 -1.49866665e-01
  7.52666680e-02 -2.21000010e-02 -3.45966667e-01  4.64666703e-02
  2.83699994e-01  9.62333319e-02  2.12000000e-02  1.90200001e-01
 -2.50233327e-01 -1.50900004e-01 -1.60833334e-01  7.19666680e-02
 -1.62233328e-01  2.13100004e-01 -3.14333327e-02 -8.60999996e-02
 -5.52999993e-02  4.42999999e-01 -8.97333324e-02  3.69999806e-03
  1.54833334e-01  3.63999999e-02 -7.92999977e-02  7.39999997e-02
  2.67733335e-01 -6.77333331e-02 -8.39666637e-02  2.73733328e-01
 -2.94699994e-01  3.80333339e-02  5.67333323e-02 -1.81000006e-02
  1.48766665e-01  4.48333335e-02  9.27666686e-02 -1.09166669e-01
 -1.32633328e-01 -8.06666476e-03 -1.04666666e-01  3.44366660e-01
 -1.72266662e-01  1.42266662e-01  6.79000008e-02 -2.52699996e-01
  3.18466673e-01 -2.25566670e-01 -7.98666651e-02 -1.77433327e-01
 -1.80000036e-03  4.86666660e-02 -4.16333303e-02  4.94666671e-02
  1.09466667e-01 -8.10666668e-02  2.32266665e-01 -8.66666560e-03
  6.31666680e-02  3.99666671e-02  1.48066662e-01 -1.68966670e-01
  5.57999996e-02  1.30099999e-01  3.03333302e-02  1.88633333e-01
  1.52900000e-01  2.72666663e-02  1.57333339e-02 -1.57300000e-01
 -1.50466673e-01  8.66666560e-03  2.92433341e-01 -2.46200005e-01
 -1.31399998e-01 -1.88666669e-02  4.60666673e-02 -1.63333330e-01
  1.38466665e-01  3.89999996e-02  2.79666682e-02 -3.99999817e-03
  6.52999996e-02 -7.20333320e-02 -3.25666666e-02  7.02000015e-02
 -3.95900011e-01  6.60333335e-02  2.79466659e-01  9.48999996e-02
  2.38733336e-01 -8.19999973e-02 -1.27066666e-01 -1.04666669e-02
  6.24666698e-02 -1.41633330e-01  1.79633329e-01  1.99166661e-01
 -1.72533333e-01 -1.33166663e-01 -5.32333336e-02 -9.85333348e-02
  6.47333314e-02 -1.37666667e-01  9.84000017e-02 -9.83333370e-03
  3.82666687e-02  1.57333339e-02  1.93866669e-01 -2.50333299e-02
  1.14999985e-02 -1.48999989e-02  1.05433334e-01  1.37633329e-01
  3.58333323e-02  3.02700003e-01 -1.18466665e-01  8.20333362e-02
 -3.44666683e-02 -1.88333318e-02 -8.29333331e-02 -1.25666695e-02
 -9.92000028e-02 -9.45333342e-02 -4.39100007e-01  1.64633336e-01
 -3.56999994e-02 -1.07933335e-01  3.07299989e-01 -2.82933335e-01
  7.75333357e-02 -7.99433331e-01 -1.64700001e-01 -9.29000011e-02
  2.69666674e-02 -1.33200000e-01 -2.34066660e-01 -9.25666653e-02
 -1.04166664e-01 -8.76666605e-03 -2.27333323e-02 -8.50666662e-02
  1.66833337e-01  3.05666675e-02 -2.35000017e-02 -2.71166655e-01
 -3.13800002e-01 -3.80000037e-02  9.96000003e-02  4.40666657e-02
 -3.15533340e-01  3.08999990e-02 -1.78666666e-01  4.13999980e-02
 -1.47466665e-01  1.10366669e-01  6.84333344e-02 -3.29933345e-01
 -2.05666664e-01 -1.64366663e-01 -5.09000026e-02  1.72699998e-01
 -1.33933333e-01  1.47000030e-02  1.20000002e-01 -4.79866674e-01
  9.03333522e-03 -1.47566664e-01  1.62900000e-01  1.74766667e-01
 -9.29999848e-03  9.91666679e-02  6.12333349e-02 -5.54000027e-02
  1.17266667e-01 -1.60633333e-01  9.62000011e-02  6.30666685e-02
 -1.90866663e-01 -2.05766668e-01 -2.06266664e-01 -7.90666689e-02
 -1.48200004e-01 -2.80866673e-01 -5.12000024e-02  6.77333325e-02
  2.75333325e-02  2.80433332e-01 -5.65666668e-02  2.49233335e-01
  9.96000022e-02 -1.78166666e-01 -4.33333367e-02  5.47666686e-02
 -5.59000025e-02 -6.32666654e-02  5.49666658e-02 -1.06199999e-01
 -2.18099996e-01 -1.74166669e-01 -2.55866667e-01 -5.17999949e-02
 -3.69999999e-02  1.14266666e-01 -2.42300004e-01  2.25566670e-01
  9.60666665e-02 -9.69999904e-03 -4.26999976e-02 -1.04766664e-01
  2.70333337e-02  2.19333321e-02  2.70999993e-02 -1.45600004e-01]"
喧騒,"[-0.1514 -0.0432  0.7474  0.0686  0.0483  0.3431  0.0765 -0.1155 -0.1534
 -0.0427  0.2409  0.1562 -0.0455 -0.3994 -0.4233  0.073  -0.4705 -0.213
 -0.2412 -0.079  -0.0232  0.1307 -0.2292 -0.1532  0.563  -0.4816  0.0206
  0.2367 -0.0402  0.0994 -0.0155  0.2639  0.378  -0.0575  0.2896 -0.3303
  0.2754 -0.0421  0.1396 -0.0805 -0.1752  0.2182 -0.2366  0.3813  0.204
 -0.3594  0.4368 -0.3962 -0.7714  0.0164 -0.042   0.0633 -0.0426  0.0778
 -0.5373  0.0114  0.2205 -0.1918 -0.3969  0.1659 -0.0016  0.1727 -0.1561
  0.0782  0.0873  0.0057  0.0453 -0.1197 -0.1278  0.3105  0.4292 -0.0309
 -0.1779  0.3804  0.1124  0.3025 -0.2299 -0.1699 -0.0839 -0.2849  0.1451
 -0.2435 -0.0391 -0.1566  0.3277  0.1584 -0.0468  0.0138  0.0642 -0.5248
 -0.3298 -0.0054  0.3162 -0.1097  0.2325 -0.1684  0.1202 -0.1982 -0.241
 -0.1635 -0.0906  0.8899 -0.3317 -0.0731 -0.0129  0.1615 -0.2246 -0.2229
  0.1473  0.1292 -0.4351  0.141   0.197  -0.1893 -0.0212  0.1806  0.0765
  0.0364  0.292  -0.0381  0.3767 -0.4656 -0.2599 -0.0517  0.1558  0.1384
 -0.3279 -0.0237 -0.3699  0.4078  0.0249 -0.1374  0.5284  0.0798  0.1291
  0.257   0.1442  0.2197  0.1575 -0.1609 -0.0523 -0.3471 -0.1217 -0.0356
  0.1795  0.0906  0.1396  0.0844  0.2146 -0.1915  0.101   0.2603 -0.3947
 -0.1912 -0.313   0.2978  0.3344 -0.1872  0.3127 -0.3353 -0.2504  0.0776
  0.0258 -0.5696  0.5352 -0.093  -0.2802 -0.0352 -0.2374  0.3211  0.3001
 -0.2631  0.0985 -0.2997  0.0994 -0.1819 -0.3774  0.4469  0.1645  0.0262
 -0.4569 -0.0479 -0.2921  0.495   0.2405 -0.7195  0.0873  0.1588 -0.0506
 -0.37    0.1458  0.4429  0.0389  0.2479  0.896   0.3461  0.2205  0.2885
  0.0389  0.3188  0.23   -0.1972  0.4056  0.4611 -0.0838 -0.1013  0.2998
  0.1733  0.3295 -0.0242  0.114   0.3068 -0.2747 -0.0281  0.0528 -0.3235
 -0.0852 -1.0541  0.0536 -0.1595  0.072  -0.4673 -0.1372  0.3881  0.0106
 -0.0261 -0.0709 -0.2419  0.2463  0.2601 -0.0473 -0.2364 -0.5     0.2261
  0.081  -0.052  -0.3736 -0.0688 -0.0364  0.059  -0.3673  0.0038  0.2409
 -0.2247 -0.4387 -0.669  -0.0747  0.3067  0.0697 -0.4505 -0.1023 -0.4263
  0.1999 -0.2603  0.2098  0.2002 -0.5817 -0.3131 -0.0135  0.2957  0.2956
 -0.2945  0.265  -0.1681 -0.5042 -0.2107 -0.2115  0.2998  0.1802 -0.1611
 -0.1136 -0.1392  0.078   0.0868  0.0275 -0.1162  0.1371  0.125   0.1452
  0.1656  0.3358 -0.0972  0.1553 -0.0774 -0.2959 -0.0184 -0.6666 -0.0824
  0.0024  0.3957 -0.1822 -0.0552  0.0729  0.3411 -0.3635  0.0676 -0.1669
  0.2874 -0.3473 -0.1037]","[-0.1514     -0.0432      0.74739999  0.0686      0.0483      0.34310001
  0.0765     -0.1155     -0.1534     -0.0427      0.24089999  0.15620001
 -0.0455     -0.3994     -0.4233      0.073      -0.47049999 -0.213
 -0.2412     -0.079      -0.0232      0.13070001 -0.22920001 -0.1532
  0.56300002 -0.48159999  0.0206      0.2367     -0.0402      0.0994
 -0.0155      0.26390001  0.37799999 -0.0575      0.28960001 -0.3303
  0.27540001 -0.0421      0.13959999 -0.0805     -0.1752      0.2182
 -0.2366      0.3813      0.204      -0.3594      0.4368     -0.3962
 -0.77139997  0.0164     -0.042       0.0633     -0.0426      0.0778
 -0.53729999  0.0114      0.22050001 -0.1918     -0.3969      0.16590001
 -0.0016      0.1727     -0.1561      0.0782      0.0873      0.0057
  0.0453     -0.1197     -0.1278      0.3105      0.42919999 -0.0309
 -0.1779      0.3804      0.1124      0.30250001 -0.2299     -0.1699
 -0.0839     -0.28490001  0.1451     -0.24349999 -0.0391     -0.1566
  0.32769999  0.1584     -0.0468      0.0138      0.0642     -0.5248
 -0.32980001 -0.0054      0.31619999 -0.1097      0.2325     -0.1684
  0.1202     -0.1982     -0.241      -0.1635     -0.0906      0.88990003
 -0.3317     -0.0731     -0.0129      0.16150001 -0.2246     -0.2229
  0.1473      0.1292     -0.43509999  0.141       0.197      -0.1893
 -0.0212      0.1806      0.0765      0.0364      0.292      -0.0381
  0.37670001 -0.46560001 -0.2599     -0.0517      0.1558      0.1384
 -0.32789999 -0.0237     -0.36989999  0.40779999  0.0249     -0.1374
  0.5284      0.0798      0.12909999  0.257       0.1442      0.21969999
  0.1575     -0.1609     -0.0523     -0.34709999 -0.1217     -0.0356
  0.1795      0.0906      0.13959999  0.0844      0.2146     -0.19149999
  0.101       0.26030001 -0.39469999 -0.1912     -0.31299999  0.2978
  0.3344     -0.18719999  0.3127     -0.3353     -0.25040001  0.0776
  0.0258     -0.56959999  0.5352     -0.093      -0.2802     -0.0352
 -0.2374      0.3211      0.3001     -0.2631      0.0985     -0.29969999
  0.0994     -0.18189999 -0.37740001  0.44690001  0.1645      0.0262
 -0.4569     -0.0479     -0.29210001  0.495       0.2405     -0.71950001
  0.0873      0.15880001 -0.0506     -0.37        0.14579999  0.4429
  0.0389      0.24789999  0.89600003  0.3461      0.22050001  0.28850001
  0.0389      0.3188      0.23       -0.1972      0.40560001  0.46110001
 -0.0838     -0.1013      0.29980001  0.1733      0.32949999 -0.0242
  0.114       0.30680001 -0.27469999 -0.0281      0.0528     -0.32350001
 -0.0852     -1.05410004  0.0536     -0.1595      0.072      -0.4673
 -0.1372      0.3881      0.0106     -0.0261     -0.0709     -0.2419
  0.2463      0.26010001 -0.0473     -0.23639999 -0.5         0.2261
  0.081      -0.052      -0.37360001 -0.0688     -0.0364      0.059
 -0.3673      0.0038      0.24089999 -0.2247     -0.43869999 -0.66900003
 -0.0747      0.30669999  0.0697     -0.45050001 -0.1023     -0.42629999
  0.1999     -0.26030001  0.2098      0.20020001 -0.58170003 -0.31310001
 -0.0135      0.29570001  0.2956     -0.29449999  0.26499999 -0.1681
 -0.50419998 -0.21070001 -0.2115      0.29980001  0.1802     -0.1611
 -0.1136     -0.1392      0.078       0.0868      0.0275     -0.1162
  0.1371      0.125       0.1452      0.1656      0.33579999 -0.0972
  0.15530001 -0.0774     -0.29589999 -0.0184     -0.66659999 -0.0824
  0.0024      0.39570001 -0.1822     -0.0552      0.0729      0.34110001
 -0.3635      0.0676     -0.16689999  0.28740001 -0.34729999 -0.1037    ]"
秋,"[ 1.278e-01  1.848e-01  4.083e-01  2.153e-01  1.451e-01 -5.910e-02
  3.160e-02  1.420e-02  1.191e-01 -1.312e-01  1.574e-01  1.790e-01
  1.847e-01  4.600e-01 -5.395e-01  6.000e-04 -1.424e-01  1.766e-01
 -1.902e-01  6.350e-02 -1.356e-01  7.160e-02 -1.642e-01  2.411e-01
 -1.738e-01 -6.240e-02  4.150e-02  3.610e-02 -1.847e-01  6.900e-03
  1.134e-01 -1.483e-01  9.940e-02  9.410e-02 -1.723e-01  5.590e-02
  1.392e-01 -3.251e-01  2.620e-02  6.520e-02  1.431e-01  1.548e-01
  6.710e-02 -6.880e-02 -7.400e-02  4.566e-01  4.980e-02 -3.270e-02
 -4.100e-03  1.114e-01  4.850e-02  6.940e-02  5.810e-02 -1.055e-01
  6.150e-02  2.910e-01  5.720e-02  2.642e-01 -1.550e-01  2.332e-01
 -4.330e-02  2.260e-01 -5.440e-02  1.305e-01  2.779e-01 -2.272e-01
 -1.713e-01 -1.233e-01  9.510e-02  1.616e-01  2.685e-01 -1.637e-01
  1.233e-01 -1.567e-01  1.170e-02 -2.413e-01 -8.060e-02 -1.874e-01
  4.620e-02  1.204e-01  2.081e-01  3.120e-02 -2.662e-01 -7.910e-02
  1.874e-01  9.450e-02 -3.407e-01  3.650e-01  7.350e-02  6.890e-02
 -6.300e-03  3.280e-01  8.920e-02  2.110e-02  6.340e-02 -3.700e-02
 -3.409e-01  4.820e-02 -2.055e-01 -2.350e-02  1.800e-02  1.336e-01
  3.750e-02 -2.779e-01 -1.333e-01  6.018e-01 -1.942e-01  4.950e-02
 -3.580e-01 -2.201e-01  1.257e-01  1.700e-01 -2.045e-01 -2.008e-01
  8.670e-02  4.123e-01 -1.791e-01  2.682e-01 -3.050e-02  1.159e-01
 -7.120e-02  8.300e-02 -1.548e-01 -1.244e-01 -1.622e-01  1.907e-01
  1.258e-01  2.800e-03  2.325e-01  1.924e-01  3.860e-02  6.460e-02
  1.983e-01  1.300e-02 -1.808e-01 -2.568e-01 -1.932e-01  1.600e-02
  1.828e-01 -5.360e-02  4.050e-02 -1.451e-01  7.050e-02 -1.930e-02
  3.540e-01 -2.090e-02  1.645e-01 -1.080e-01  7.590e-02 -1.164e-01
  2.705e-01 -1.385e-01 -1.275e-01 -6.090e-02 -5.180e-02 -1.873e-01
 -9.180e-02 -6.600e-02  1.459e-01 -2.680e-02 -1.956e-01  4.830e-02
 -1.580e-01  1.930e-01  1.502e-01  4.880e-02 -2.073e-01  7.970e-02
  1.755e-01  1.778e-01  1.797e-01 -1.533e-01 -2.079e-01  3.180e-02
  8.300e-03 -2.520e-02 -2.343e-01  1.675e-01 -1.620e-01  1.900e-02
  8.230e-02 -1.300e-01 -1.872e-01  6.020e-02 -2.950e-02 -1.840e-01
  1.263e-01  8.700e-02 -3.650e-02 -2.130e-02 -1.778e-01 -2.892e-01
 -9.450e-02  2.131e-01  9.800e-02 -1.686e-01 -7.040e-02 -3.720e-02
 -3.100e-02  8.650e-02  1.886e-01  8.860e-02  1.364e-01  1.066e-01
  8.000e-03 -4.250e-02  6.400e-02  6.380e-02 -3.280e-02  1.460e-02
  1.367e-01  8.450e-02 -7.610e-02 -2.988e-01  5.205e-01 -2.679e-01
  6.220e-02 -6.276e-01 -1.990e-02 -5.980e-02 -3.870e-02  1.419e-01
 -1.943e-01  1.375e-01 -5.590e-02 -1.789e-01 -7.260e-02  4.890e-02
  3.560e-02 -1.103e-01 -1.990e-02 -1.867e-01 -1.712e-01 -1.390e-01
  1.541e-01 -2.960e-02 -2.152e-01 -2.702e-01  4.590e-02  2.151e-01
  6.450e-02  5.990e-02  1.384e-01 -4.289e-01 -2.174e-01  1.990e-02
 -1.058e-01  1.567e-01 -1.424e-01 -1.394e-01 -1.440e-02 -4.390e-01
 -1.313e-01 -1.301e-01  1.096e-01  6.170e-02 -6.780e-02  1.679e-01
 -1.455e-01 -9.800e-03 -3.750e-02  1.037e-01  4.800e-03  2.282e-01
 -6.040e-02  6.900e-03 -2.245e-01 -8.190e-02 -1.561e-01 -6.330e-02
 -1.050e-02 -7.710e-02  2.000e-02 -7.170e-02 -1.050e-02 -2.968e-01
  2.448e-01 -2.008e-01  2.640e-01  4.590e-02  1.774e-01 -1.093e-01
  1.608e-01 -2.490e-02 -1.330e-02 -1.400e-03 -1.382e-01 -7.110e-02
  1.948e-01  1.527e-01 -2.540e-02  1.970e-01  2.522e-01  2.110e-02
 -3.493e-01  7.050e-02 -1.000e-03  1.504e-01 -1.950e-02 -8.240e-02]","[ 2.05624998e-02  7.61625008e-02  4.77612507e-01  1.58674996e-01
  6.75124978e-02 -3.25374985e-02  1.26499999e-01 -1.02687500e-01
 -6.39749991e-02 -1.46575002e-01  9.85249998e-02  1.05125002e-01
  2.07374983e-02  2.90737503e-01 -5.21812502e-01  3.01749999e-02
 -5.91500001e-02  1.07837499e-01 -1.65850000e-01 -6.95999989e-02
 -7.54000004e-02  1.04075002e-01 -1.30824999e-01  6.13874998e-02
 -5.74250019e-02  3.05874989e-02 -1.84999986e-02  1.06087500e-01
 -8.02499992e-02  5.53625005e-02  9.63499998e-02 -1.03200002e-01
 -2.19000010e-02  1.06150000e-01 -1.56749983e-02 -8.30624988e-02
  8.76499992e-02 -1.21724999e-01 -1.48750045e-02  6.38125003e-02
  1.18749915e-03  1.22225001e-01  5.89750014e-02 -3.27500049e-02
  6.45625035e-02  4.04137496e-01  2.14625006e-02  2.68750149e-03
 -1.95874991e-02  6.95000022e-02  3.96250060e-03  7.54749980e-02
  3.73999984e-02  6.99874995e-02  4.48624985e-02  4.09375057e-02
 -7.43874982e-02  1.26537501e-01  1.04249986e-02  1.14487500e-01
  3.12499996e-02  5.03999994e-02 -1.33200002e-01  8.67124994e-02
  1.36487500e-01 -1.94699998e-01 -8.80749994e-02 -1.14600000e-01
 -8.46124990e-02  1.11525000e-01  1.48650001e-01 -4.25499980e-02
 -1.45124989e-02 -1.50450001e-01  2.63124994e-02 -1.87124999e-01
 -5.74124989e-02 -6.01249984e-02 -9.23749956e-03  1.43950002e-01
  9.43875015e-02 -1.89999987e-02 -1.75762501e-01 -1.29499994e-02
  3.40999997e-02 -3.47499980e-02 -1.99324999e-01  1.31637503e-01
  2.25624999e-02  7.32999989e-02 -3.88375008e-02  9.45625005e-02
  7.97875001e-02  6.57624993e-02  4.82500000e-02 -8.13125002e-02
 -3.57662502e-01 -1.11962500e-01 -1.33624999e-01  4.58624999e-02
  3.87249988e-02  1.31187501e-01 -5.42374997e-02 -1.65787504e-01
 -6.35375005e-02  5.75399999e-01 -1.93600003e-01  3.44124987e-02
 -1.46237502e-01 -3.48625007e-02  7.58500006e-02  2.19187501e-01
 -1.41300000e-01 -6.18374997e-02 -8.41750032e-02  2.74100000e-01
 -1.54750003e-01  1.33175001e-01 -2.32999991e-02  6.62500006e-02
  3.66250006e-02  1.01987498e-01  3.27875001e-02 -1.40412496e-01
 -1.18512502e-01  9.14374988e-02  6.05749988e-02 -1.12750024e-02
  7.91375004e-02  7.18124991e-02 -2.99374997e-02  6.10999989e-02
  1.41750004e-01 -8.56874996e-02 -2.21337503e-01 -3.12599998e-01
 -7.51500027e-02  1.81499990e-02  1.56187499e-01 -2.97125028e-02
  4.16499997e-02 -7.40375004e-02  6.18625014e-02 -2.93624990e-02
  3.05337500e-01 -2.22999994e-02  1.10675000e-01  3.42499884e-03
  6.03874999e-02 -1.06987499e-01  1.00625001e-01 -6.68874998e-02
 -6.67499815e-03  1.50250000e-01  3.84499994e-02 -8.12749987e-02
 -9.11624995e-02  6.22875011e-02 -1.31125003e-02 -1.32875002e-01
 -1.28350001e-01  1.38837503e-01 -3.65750011e-02  2.21750005e-02
  1.14775000e-01  4.68000006e-02 -7.62375016e-02  2.99749994e-02
  1.43600002e-01  1.55587499e-01  5.49125005e-02  2.25125011e-02
 -1.30512498e-01  8.46500003e-02 -7.48749994e-02  3.32750001e-02
 -8.06249818e-03  8.36500009e-02 -3.53875007e-02 -3.40249992e-02
  4.42500001e-02  9.55000333e-03 -5.54499971e-02  1.49487504e-01
  5.60374985e-02 -1.86287503e-01 -2.14237501e-01  3.55500011e-02
 -8.25499990e-02 -9.36249783e-03 -1.62625002e-02 -1.22075002e-01
 -1.14462500e-01  1.65750002e-01 -1.67237500e-01 -8.98749980e-02
  5.49999993e-02  3.26749990e-02 -4.33499995e-02 -3.27624975e-02
  1.27175002e-01  7.90499996e-02 -2.39249989e-02  5.05750007e-02
 -1.24437502e-01 -7.45500010e-02  1.68375000e-02 -1.22749987e-02
 -2.29874984e-02 -2.62750002e-02 -1.17749980e-02  7.22499993e-02
 -1.18624998e-01 -1.09949999e-01  4.54362497e-01 -1.25762500e-01
  6.93375000e-02 -6.69737503e-01 -6.26625014e-02 -5.20500003e-02
  8.27625003e-02  5.04125003e-02 -4.58249981e-02  9.87499952e-04
  2.37499829e-04 -1.75375001e-01 -1.82749992e-02  1.33999994e-02
  2.74999994e-02 -1.18874995e-02 -2.84624991e-02 -1.84374999e-01
 -2.06275003e-01 -2.07600004e-01  2.13625013e-02  3.54500008e-02
 -1.26724999e-01 -1.13887503e-01  2.31874993e-02  1.29200000e-01
  8.93750011e-02 -9.92499921e-03  4.01249987e-02 -3.67375001e-01
  2.72374991e-02 -4.30499988e-02 -6.44500009e-02  1.66112499e-01
 -1.82012500e-01 -1.94150001e-01  1.90625000e-02 -3.65949998e-01
  3.32499808e-03  9.73750162e-03  1.20325002e-01  1.89950001e-01
 -4.47875007e-02 -3.89250003e-02 -2.49250000e-02  2.76124992e-02
 -9.32500132e-03  5.88249990e-02 -1.91875010e-02  3.04000007e-02
 -3.88374986e-02 -1.82250023e-02 -3.50687501e-01 -1.08375001e-02
 -9.53000011e-02 -3.47124981e-02  6.06249981e-02 -1.41624994e-02
  2.11249998e-02  2.89500016e-02 -3.17750006e-02 -5.09749991e-02
  1.07500000e-01 -8.50874998e-02  7.21250010e-02  1.87500007e-03
  1.88762500e-01 -7.57625017e-02 -1.06462500e-01  7.60000106e-03
  9.26625014e-02 -9.36624988e-02 -5.97624988e-02 -8.12250010e-02
  1.76875007e-02 -1.88874985e-02 -1.13750001e-01  6.69499981e-02
  1.77212500e-01  1.70874959e-02 -8.94499999e-02 -1.55374969e-02
  2.18749816e-03  1.08962499e-01  8.19749997e-02 -1.51912499e-01]"
花,"[-6.710e-02  3.385e-01  2.953e-01  3.022e-01  2.323e-01 -1.198e-01
 -8.360e-02 -1.838e-01 -1.420e-01  2.098e-01  1.069e-01 -1.955e-01
 -9.680e-02 -1.883e-01 -2.961e-01  2.507e-01 -9.190e-02  2.596e-01
 -2.903e-01 -7.600e-02  2.215e-01  2.247e-01 -2.484e-01  8.350e-02
 -1.641e-01 -1.167e-01  9.880e-02 -1.811e-01  1.436e-01 -1.920e-01
  1.257e-01 -1.405e-01 -1.332e-01 -7.430e-02  9.260e-02  1.885e-01
 -1.030e-02 -5.590e-02  1.212e-01  1.632e-01  1.420e-02 -2.549e-01
  2.146e-01 -2.300e-01  1.508e-01  3.531e-01  1.643e-01  1.433e-01
  2.103e-01  4.530e-02  1.776e-01  8.940e-02  1.004e-01 -1.940e-01
 -6.700e-03  1.544e-01 -8.720e-02  2.240e-02  6.810e-02 -2.200e-02
  1.012e-01  1.699e-01  7.270e-02  1.248e-01 -9.820e-02 -3.280e-01
 -2.160e-02 -2.743e-01 -1.736e-01  9.680e-02 -7.660e-02 -5.920e-02
  1.745e-01 -3.510e-02 -3.080e-02 -3.368e-01 -1.440e-02  1.082e-01
 -1.172e-01  4.900e-03  2.200e-03 -4.700e-03 -1.549e-01  9.970e-02
  3.700e-03 -4.840e-02 -3.136e-01 -1.752e-01  9.650e-02 -4.500e-03
 -5.440e-02  2.815e-01  1.252e-01 -5.270e-02 -3.155e-01 -8.600e-02
 -2.167e-01 -3.896e-01 -2.199e-01  2.112e-01  1.530e-01  2.721e-01
 -6.390e-02 -5.470e-02 -6.580e-02  3.755e-01  2.330e-02  1.862e-01
  5.480e-02 -9.160e-02 -2.272e-01 -3.970e-02 -7.960e-02 -2.008e-01
 -5.660e-02 -2.100e-03 -2.409e-01  6.330e-02 -1.234e-01 -1.721e-01
 -2.970e-02 -6.060e-02  1.951e-01 -1.702e-01 -1.100e-02  1.780e-01
  2.640e-02  9.690e-02 -2.284e-01  8.190e-02 -2.000e-02 -1.560e-02
  1.296e-01  1.450e-02  1.454e-01 -8.640e-02 -1.515e-01 -6.300e-02
  4.020e-02  2.040e-02  4.430e-02 -6.740e-02 -1.920e-02 -3.284e-01
  1.082e-01 -7.830e-02  2.013e-01  8.180e-02 -6.410e-02 -5.340e-02
  1.405e-01  6.030e-02 -8.300e-02  1.696e-01 -1.066e-01 -2.845e-01
  9.830e-02  5.780e-02 -7.070e-02 -2.208e-01 -3.840e-02 -1.222e-01
  2.735e-01 -2.175e-01  1.765e-01 -2.950e-02  1.423e-01 -5.900e-02
  1.721e-01 -1.120e-02 -1.506e-01 -3.327e-01  3.000e-03 -1.174e-01
 -8.390e-02 -1.260e-02  1.130e-01  3.520e-02 -1.100e-02 -2.311e-01
 -2.401e-01 -1.852e-01  3.064e-01  1.919e-01 -8.710e-02 -4.220e-02
 -1.980e-02 -2.334e-01 -1.215e-01  1.837e-01  1.987e-01 -1.567e-01
  1.240e-01  1.295e-01 -3.860e-02  8.920e-02  1.427e-01 -3.600e-02
  1.324e-01 -3.650e-02  3.044e-01  1.296e-01 -1.525e-01 -3.620e-02
 -3.730e-01 -3.830e-02 -8.350e-02 -3.150e-02  7.580e-02  1.529e-01
  3.860e-02  2.066e-01 -3.740e-02 -2.890e-02  1.894e-01 -1.273e-01
 -3.836e-01 -7.389e-01  1.170e-02  2.040e-01 -8.880e-02  5.270e-02
  2.090e-02  7.200e-03 -4.590e-02 -6.250e-02 -1.321e-01 -1.775e-01
  6.980e-02  5.790e-02 -7.760e-02 -1.392e-01 -3.292e-01  1.761e-01
  1.552e-01  4.030e-02 -3.393e-01  2.370e-01  6.600e-03  1.170e-01
 -8.670e-02  2.850e-01  2.714e-01 -2.500e-01 -3.490e-02 -4.490e-02
 -9.180e-02  3.602e-01 -1.411e-01 -2.924e-01  1.639e-01 -4.294e-01
  2.761e-01 -2.098e-01  9.590e-02  3.146e-01 -1.270e-02  4.000e-04
  1.961e-01  1.320e-02 -2.270e-01 -5.620e-02 -6.640e-02  4.224e-01
 -1.003e-01  3.300e-03 -2.292e-01  1.283e-01 -8.750e-02  1.870e-02
 -5.810e-02  1.265e-01  8.030e-02  6.140e-02 -3.360e-02 -8.200e-03
  2.495e-01 -2.400e-01 -3.424e-01  2.485e-01 -4.320e-02 -4.390e-02
  1.156e-01 -6.190e-02  3.290e-02  4.600e-02 -9.930e-02 -5.980e-02
 -2.200e-02  1.437e-01 -2.090e-02 -1.159e-01 -2.802e-01 -4.380e-02
 -1.487e-01 -1.723e-01 -8.730e-02  3.190e-02 -2.236e-01 -1.473e-01]","[ 5.90833261e-03  2.64583320e-02  2.56558335e-01  2.31566666e-01
  1.60333327e-02 -2.96083307e-02  1.82616669e-01 -5.86416684e-02
  4.60500016e-02  2.36108335e-01  1.03466666e-01 -3.35583347e-02
 -3.64250007e-02  2.56916679e-02 -2.61433330e-01  1.45191664e-01
 -9.91249994e-02  6.57416666e-02 -2.84508338e-01  1.39316668e-01
 -2.93249991e-02  1.53833334e-01 -2.90183337e-01  3.44333339e-02
  6.62833337e-02 -2.51083341e-02  1.50208334e-01  1.25975001e-01
 -7.66666699e-03 -1.72750001e-02  1.17741666e-01 -1.11483335e-01
 -4.15666678e-02 -2.15824998e-01 -8.53416681e-02  1.18333326e-03
  7.82999998e-02  4.81416676e-02  1.22183332e-01  1.87166669e-01
  7.91666657e-03 -8.55749995e-02  1.12200001e-01  7.29250022e-02
  5.52583320e-02  1.26399999e-01 -7.97666661e-02 -9.54833332e-02
  8.49999986e-02  1.32749998e-02  9.74916673e-02 -1.12566668e-01
  6.13500015e-02 -8.58500026e-02  9.21583354e-02  3.79249981e-02
 -5.35500012e-02  2.85333334e-02  1.52500020e-03  4.44499987e-02
 -6.00333321e-02 -4.47416659e-02  8.86499998e-02  9.99833330e-02
  2.88333340e-02 -2.33958332e-01 -1.92583347e-02 -6.79250006e-02
  4.66916668e-02 -1.31916675e-02  3.52500013e-02  3.31333357e-02
  1.27933334e-01 -3.40499994e-02  5.54583329e-02 -2.83208334e-01
 -1.10666666e-01 -5.40083321e-02 -1.95000010e-03  2.12916636e-02
  8.47250012e-02  5.67833329e-02 -1.53666667e-01 -2.69999997e-02
  9.22083343e-02  4.54750005e-02 -1.27166666e-01 -1.28516664e-01
  1.81791665e-01  5.79166769e-03 -1.22958332e-01  1.05600000e-01
  5.93416675e-02  2.90333349e-02 -8.36666468e-03 -1.43616667e-01
 -2.01933336e-01 -3.24083337e-01 -1.61483334e-01 -4.27916645e-02
  1.84833324e-02  3.14524996e-01 -7.20833320e-03 -6.26500004e-02
 -6.84166702e-03  3.44858332e-01  2.43833345e-02  1.40524997e-01
  4.30416676e-02  4.97999990e-02 -2.49933336e-01 -5.35250007e-02
 -6.86666667e-02 -1.07333333e-01  4.21333333e-02  9.25583338e-02
 -2.90466666e-01  4.84333343e-02 -5.13083333e-02 -6.53333321e-02
 -3.20833184e-03 -2.11416686e-02  1.91666661e-02 -3.68499998e-02
 -1.09449998e-01  4.10500017e-02  4.97750005e-02 -7.21666698e-02
 -1.79241669e-01  7.51916670e-02  5.88333340e-02  3.56166678e-02
 -8.20833165e-03 -8.85583333e-02  2.54250009e-02  4.53000025e-02
 -8.40666682e-02 -5.70166678e-02  8.41166679e-02 -2.62083336e-02
  8.61666689e-03 -1.38366667e-01  4.61666657e-02 -9.04666667e-02
  6.74333330e-02  6.93416657e-02  1.65866667e-01 -9.16333347e-02
  1.63750018e-02 -2.82499943e-03  2.14916646e-02  4.31666756e-03
 -3.06500012e-02  7.05916667e-02  7.48333242e-03 -1.26191665e-01
  1.92416666e-02  4.76583328e-02  7.23500024e-02 -5.85083349e-02
 -3.02499998e-02 -6.71749997e-02  6.75666649e-02 -2.55491666e-01
  1.18241666e-01  1.00749992e-02  5.15666646e-02 -1.30083346e-02
  1.02049999e-01  4.00333344e-02  4.98166687e-02 -8.46750019e-02
 -1.24849998e-01 -9.74083319e-02 -8.33471616e-06  1.70150001e-01
 -2.16667463e-04  4.47750003e-02  8.85166659e-02 -6.30333327e-02
 -1.37524998e-01 -7.50000016e-02  1.96458332e-01  5.31833329e-02
 -1.08241669e-01 -3.30083349e-02  1.89083348e-02 -1.25866666e-01
 -9.07499716e-03 -5.17166657e-02  1.63416657e-02 -1.19791667e-01
  9.41583336e-02  1.38058335e-01  6.66249997e-02  7.25416653e-02
  6.87166662e-02  5.35833265e-03 -8.37666660e-02 -8.01666578e-03
  8.69416672e-02  8.57499982e-02 -4.02916665e-02  1.31999993e-02
 -1.47549999e-01 -8.17999987e-02 -1.16308334e-01 -4.65666674e-02
 -7.08333372e-03  9.91249985e-02 -1.11366665e-01  1.28716666e-01
 -7.68666658e-02  9.72499807e-03  1.79391670e-01 -1.93374998e-01
 -1.02450000e-01 -8.67125005e-01  4.34166665e-02 -2.01749997e-02
  2.48333276e-03  4.01333328e-02 -4.41833323e-02 -1.30916639e-02
  6.35833262e-03 -3.81333355e-02 -2.38000007e-02 -7.43833352e-02
  9.66499969e-02  2.47166661e-02  4.31999989e-02 -8.63333332e-02
 -3.36191669e-01  1.65000002e-02  2.42049999e-01 -6.18333168e-03
 -4.01541663e-01  3.47416666e-02  8.50666681e-02 -3.11416675e-02
 -2.47583358e-02  4.63666680e-02  1.89116666e-01 -2.99791665e-01
  9.85000012e-02 -1.96975000e-01 -1.86733330e-01  1.07191667e-01
 -1.23499997e-02 -1.32358333e-01  8.51916665e-02 -5.12233332e-01
  4.52500246e-03  5.37500090e-03  8.61749989e-02  1.03233332e-01
  4.97666645e-02  5.71250008e-02 -5.33083336e-02 -2.10083340e-02
  7.92750008e-02 -1.51916670e-01  1.21749999e-01  2.82666634e-02
 -6.40000108e-03 -3.32166643e-02  6.66656221e-05  4.16916671e-02
 -5.04083321e-02 -9.99833369e-02 -1.22550000e-01 -5.17833337e-02
  8.77916670e-02  1.09666671e-02 -3.37166668e-02  3.65666637e-02
  8.56333333e-02 -9.51333342e-02 -1.28333351e-02  1.24049998e-01
 -5.81666670e-02 -6.77833333e-02  9.83833332e-02 -1.70299998e-01
  9.57666651e-02 -1.23133332e-01 -5.81749985e-02 -3.65416653e-02
  3.57250023e-02  3.53916679e-02 -3.37916675e-02 -9.72499792e-03
 -7.98000009e-02 -4.15166675e-02 -9.60333354e-02 -4.17666658e-02
 -1.19466668e-01  7.39750020e-02  1.51916669e-02 -8.23499999e-02]"
神社,"[ 0.2807 -0.2119  0.3824  0.2056  0.021   0.2506  0.2979  0.1507 -0.0931
  0.2864 -0.0579 -0.0481  0.0244 -0.3049 -0.3207  0.2603 -0.0118 -0.1487
 -0.2014  0.229   0.2488  0.1231 -0.5812 -0.2994  0.2957 -0.0605  0.0957
  0.153   0.0451  0.187   0.0253  0.0739 -0.1393 -0.4642 -0.3475  0.1763
 -0.106  -0.0218  0.1853  0.4364  0.0363 -0.0167  0.0037  0.1089 -0.2605
  0.3228  0.1887 -0.0596  0.0439  0.4236  0.3675 -0.0181  0.005   0.1349
  0.2047  0.2679 -0.0824 -0.2068 -0.1203 -0.0586 -0.0787  0.0787 -0.0655
 -0.117   0.0898 -0.0431 -0.0215 -0.0469  0.2283  0.1225 -0.0416 -0.1918
  0.0076 -0.1427 -0.245  -0.0857 -0.2772 -0.3201  0.2702 -0.1101  0.0939
  0.0703 -0.1184 -0.1101 -0.0669 -0.0332 -0.0727  0.3124  0.1673 -0.3589
 -0.0925  0.0179  0.1851  0.2535  0.2442  0.1417 -0.2599 -0.1136 -0.1254
  0.0703  0.3448  0.1488 -0.1758 -0.2531 -0.0204  0.1097 -0.2365  0.1251
 -0.1188 -0.1715 -0.3772 -0.0765  0.1139  0.2942  0.0423  0.211  -0.4256
  0.3386  0.1005 -0.1943  0.1502 -0.0305 -0.0906  0.1527  0.2494  0.2487
  0.1049  0.3131 -0.2969 -0.1429 -0.2359  0.2471  0.1757 -0.0166  0.2742
  0.449   0.0202  0.168   0.0257 -0.0174  0.0569 -0.1772  0.0394 -0.1776
  0.559   0.0565  0.1197  0.1878  0.215  -0.3244 -0.1974 -0.0827  0.1283
  0.0193  0.3678 -0.2442  0.0247 -0.1819  0.057  -0.1373 -0.3049 -0.0657
  0.2982 -0.1105  0.083   0.2764  0.0787  0.0903 -0.1621 -0.0987  0.0364
 -0.0794  0.0858 -0.0823  0.3159 -0.0337  0.2027  0.1013 -0.0237  0.0183
 -0.1201 -0.5072  0.0362  0.1325 -0.1538  0.1107  0.215  -0.1759  0.128
 -0.0703 -0.0357 -0.0401  0.19   -0.1441  0.1246 -0.0204  0.387  -0.2391
  0.2021  0.0872  0.2393  0.1818  0.2479 -0.0153  0.1416 -0.0283 -0.0423
 -0.3555  0.115   0.1523 -0.1529  0.0753 -0.2572  0.2389  0.0131 -0.0726
  0.1999 -1.0009  0.2195 -0.077   0.248  -0.1335  0.4509  0.4001 -0.1105
 -0.2889  0.1068 -0.009   0.1836  0.0586  0.1985 -0.1942 -0.2411  0.0928
 -0.2306 -0.0655 -0.4893  0.1833  0.1292 -0.1949  0.0771 -0.1526  0.2801
 -0.282   0.287  -0.0233 -0.0318 -0.143  -0.0097 -0.5135 -0.1963 -0.5266
 -0.058  -0.1018  0.106   0.1193 -0.2989 -0.0868  0.0042  0.1841  0.2292
 -0.2365  0.1239  0.0916  0.1725 -0.083  -0.1192 -0.0717  0.1392 -0.1747
  0.3303 -0.1287  0.222  -0.0201  0.1457  0.037  -0.0595  0.1495  0.1071
  0.0432 -0.2382  0.0791  0.0035 -0.2326  0.0877 -0.3207 -0.0027  0.078
 -0.0415  0.0813 -0.1333  0.6055 -0.0218  0.0731 -0.1853 -0.3568 -0.0978
  0.0342 -0.1919  0.3643]","[ 2.03071427e-01 -2.00000086e-03  6.23785720e-01  3.13985715e-01
 -1.88285708e-02  6.14857199e-02  1.19028571e-01 -1.71428931e-03
 -8.53428543e-02  2.45799993e-01  3.44714280e-02  2.43571450e-02
 -4.43714269e-02 -1.48142852e-01 -2.79528567e-01  1.34942858e-01
 -2.09285723e-02 -1.62971428e-01 -3.34657142e-01 -5.02142895e-02
  9.19999635e-03  1.45114286e-01 -6.46428572e-01 -1.61142877e-02
  2.14742860e-01 -6.26714291e-02  7.69857136e-02  2.54842857e-01
 -1.07185714e-01 -1.44428528e-02  9.64999987e-02 -1.10614283e-01
  7.72857127e-03 -4.11699995e-01 -1.71371426e-01 -1.95285717e-01
  1.36699999e-01  5.37285724e-02  2.25999999e-01  1.99500000e-01
  3.85285726e-02  3.98714244e-02  2.27571413e-02 -1.72856610e-03
 -1.57342859e-01  4.68285714e-01  1.33371432e-01 -1.57428565e-02
  5.42999990e-02  2.19299997e-01  1.76042859e-01 -2.81514283e-01
 -5.57571407e-02 -5.08857144e-02  1.33571412e-02  1.57571376e-02
  1.97285697e-02 -5.08571419e-02 -8.79714311e-02  4.55142874e-02
 -1.10028573e-01 -5.24142879e-02  1.04671431e-01  8.62857150e-02
  1.49171429e-01 -5.35142810e-02  1.48014284e-01 -1.77928571e-01
  1.52571430e-01  5.67857177e-02  1.10042858e-01 -1.33600001e-01
  8.61000009e-02 -1.13671424e-01  1.46142835e-02  7.28571488e-03
 -3.43371433e-01 -2.61799999e-01  1.82014294e-01 -1.36214289e-01
  1.27185715e-01  2.88785716e-01 -2.02657145e-01 -1.22214287e-01
 -1.21571428e-01  5.48142892e-02  2.52857127e-02 -4.39428591e-02
  2.58000030e-02  7.40285673e-02 -1.20771428e-01  1.74785715e-01
  4.77143031e-03  2.75328578e-01  2.84700002e-01  6.32857141e-02
 -3.60028570e-01 -2.89985710e-01 -1.56700003e-01  2.82285698e-02
  1.05757142e-01  1.80885714e-01 -9.48714257e-02 -2.04542862e-01
 -5.32857139e-03  3.81714288e-01 -4.28541430e-05 -6.73142847e-02
  1.35142855e-02  3.64571409e-02 -2.38342863e-01 -5.13714302e-02
 -3.01714272e-02  2.01285713e-01  5.90142903e-02  3.42228569e-01
 -3.80871430e-01  2.10728577e-01  7.04857140e-02 -1.58757143e-01
  5.28285699e-02  1.12557140e-01  1.78571426e-02 -4.78142818e-02
 -6.03571396e-02  1.13557140e-01  1.43642860e-01 -8.53000017e-02
 -2.71428573e-01 -5.98285737e-02 -1.25385714e-01  3.17771429e-01
  2.04471429e-01 -1.46114286e-01  1.55671424e-01 -8.81142914e-02
 -1.06042857e-01  4.90714261e-02  1.66600000e-01  1.13485714e-01
  2.06428553e-02 -1.64328576e-01  5.67142873e-02 -4.43142860e-02
  6.48285771e-02  1.12871431e-01  9.99428568e-02 -1.38285698e-02
  1.43057141e-01 -1.93214287e-01  6.93571446e-02 -9.47285742e-02
  2.87899996e-01  1.95571468e-02  1.25857144e-01 -3.13771433e-01
  1.39228573e-01 -9.59714289e-02  7.32571429e-02 -9.92857149e-02
 -2.66742859e-01 -2.69857153e-02  3.10242855e-01 -3.28085708e-01
 -7.91714282e-02  6.29571437e-02  8.80285712e-02  1.49928570e-01
 -1.35714319e-02  1.18228571e-01  1.10228573e-01 -1.10228575e-01
 -1.47814281e-01  4.19428551e-02  1.08571055e-03 -2.56000007e-02
  8.91857146e-02  7.38714311e-02  1.32857161e-02  6.04285688e-02
 -1.82585712e-01 -3.77371435e-01  2.70700007e-01  9.84714260e-02
  1.59142882e-02  7.08142857e-02 -6.29142858e-02 -2.59200003e-01
  1.37985721e-01 -4.71285707e-02 -9.17000036e-02  4.07428591e-02
  1.00071429e-01  8.96428605e-02  1.74542860e-01  1.20457142e-01
  3.48971434e-01 -2.00571426e-01  4.33428551e-02 -1.80999988e-02
  2.19885712e-01  1.38157137e-01  5.33999947e-02  7.60000023e-02
  4.68142849e-02 -8.17857143e-02 -1.21885714e-01 -2.00857145e-01
 -1.21028570e-01  2.65057149e-01 -3.00042863e-01 -2.86142784e-02
 -2.25342853e-01  3.40842863e-01  2.06428572e-01 -2.62857141e-01
  1.85400003e-01 -1.26438573e+00  5.24571445e-02 -1.03785716e-01
  1.52542854e-01  3.64285841e-03  8.89999981e-02  1.84214288e-01
 -1.27714298e-02 -1.85114280e-01  1.83214283e-01  3.70428603e-02
  3.70642854e-01  7.33571416e-02  8.33142876e-02 -1.57271427e-01
 -4.12000002e-01 -3.81857147e-02  3.52000002e-02 -1.34285752e-03
 -4.50771422e-01  1.30785716e-01 -9.82714229e-02 -2.87900005e-01
 -4.63999989e-02  6.19857148e-02  2.64428568e-01 -4.50857144e-01
  4.78428592e-02 -2.57571424e-01 -9.18285682e-02 -5.86857173e-02
 -1.18714286e-01  1.59000110e-02 -2.59800002e-01 -6.43385709e-01
 -1.68814284e-01  1.24157139e-01  2.26742857e-01  1.97142857e-01
 -1.00185720e-01 -9.67142842e-03  6.58999994e-02  1.75714366e-03
  2.58014288e-01 -1.62342852e-01  1.05642853e-01  1.55728568e-01
  6.98714270e-02  1.41142878e-02 -1.99928576e-01  1.71442851e-01
 -5.94857179e-02 -2.21300005e-01  9.30000110e-03 -1.20771431e-01
  2.18857144e-01  9.78428575e-02  8.74857163e-02  7.01999970e-02
 -1.71928574e-01  4.82857132e-02  3.11428521e-03  2.77400004e-01
 -2.12542859e-01  1.03500002e-01  1.28300002e-01 -1.48571432e-01
  1.92499998e-01 -2.98657138e-01  1.27828568e-01 -1.14271432e-01
  1.04457145e-01  6.97142872e-02 -1.45700004e-01  2.88414279e-01
 -6.88714295e-02  2.49799997e-01 -1.64171425e-01 -2.30128570e-01
 -7.12142861e-02  1.70142848e-02 -4.51857128e-02  2.45585715e-01]"
人達,"[ 0.087   0.0486  0.2429  0.2229 -0.0399 -0.0485  0.1725  0.0604 -0.129
  0.226   0.0339  0.0685  0.0103 -0.2236 -0.234   0.0403 -0.1066  0.0182
 -0.0164  0.2422 -0.0009 -0.024  -0.1675 -0.0276  0.0016 -0.0037  0.2958
 -0.0405 -0.0995  0.2057 -0.0987  0.2213  0.0101 -0.1371  0.0485  0.075
 -0.1507  0.062   0.0238  0.1706  0.0576 -0.0411 -0.1105  0.0282  0.0556
 -0.0544 -0.1293 -0.0031  0.0231 -0.0376 -0.0242  0.0884 -0.0282 -0.1879
 -0.2425  0.2051  0.0561 -0.3671  0.1693 -0.1038 -0.041   0.0105  0.2091
  0.1883  0.2347  0.1462  0.1072 -0.0884 -0.0174  0.1839 -0.1453  0.0679
  0.0094  0.2955  0.1517 -0.3172 -0.2878  0.0952 -0.0729 -0.0251 -0.0827
  0.1    -0.0246 -0.0151 -0.0776  0.1143 -0.1248 -0.0026 -0.1646  0.0052
 -0.0028 -0.0657 -0.1175  0.2211 -0.1651  0.0162 -0.0464 -0.0603 -0.1191
  0.088   0.0779  0.3577  0.0476 -0.0685  0.096   0.1208 -0.1275  0.1091
 -0.0346 -0.0321 -0.4817  0.0513 -0.0315 -0.0131 -0.1051  0.0425  0.0617
  0.0335  0.1819  0.0517  0.0551 -0.0662  0.2323  0.052   0.2171 -0.1636
 -0.2863 -0.0608 -0.1266  0.1715  0.0395 -0.0133  0.1607 -0.0152  0.0743
 -0.2189 -0.0043  0.0416 -0.0672  0.2252 -0.0572 -0.1831  0.0969 -0.0339
  0.4705 -0.0163 -0.0627  0.1013 -0.1309  0.1638  0.1444 -0.0042  0.165
 -0.1323  0.2696  0.1591  0.0267 -0.0764  0.022  -0.3503 -0.1487 -0.1175
  0.2394  0.1462 -0.0315  0.1372 -0.232   0.0435 -0.1244 -0.1038  0.0014
 -0.0268  0.1023  0.1687 -0.018   0.1778 -0.0737 -0.0639 -0.0254  0.099
 -0.1862  0.1346 -0.3478 -0.0982  0.4563  0.0428 -0.0319  0.3257  0.0295
  0.0425 -0.299  -0.0815  0.5477  0.0653  0.4407 -0.0159 -0.0332 -0.153
 -0.0384  0.0382  0.2233 -0.0529  0.1361  0.1864 -0.0476 -0.3142  0.1208
 -0.2975  0.0309  0.017  -0.1008  0.1993 -0.1006 -0.1241 -0.2957 -0.0117
  0.0798 -0.7225  0.1247 -0.2941  0.1132 -0.2144 -0.1735  0.0439  0.0486
 -0.0249 -0.0981 -0.1149  0.208   0.0388  0.1987 -0.0568 -0.4925 -0.0832
 -0.115   0.049  -0.3814 -0.039  -0.0028 -0.024  -0.0494 -0.1138 -0.0736
  0.0207 -0.156  -0.1893 -0.126   0.0799  0.1628 -0.4725 -0.0242 -0.3564
 -0.1582 -0.0664  0.0731  0.0493  0.07   -0.0075  0.143  -0.0142 -0.0966
 -0.1542  0.1465 -0.053  -0.0734 -0.1613 -0.0278  0.2343  0.0353 -0.1533
 -0.0159  0.2399  0.0963 -0.314  -0.0474  0.0386  0.0679  0.0327 -0.2034
  0.0824 -0.1189 -0.0461 -0.1805 -0.1449 -0.1599 -0.075  -0.2125 -0.031
 -0.0729  0.0335 -0.2045 -0.1353 -0.3654 -0.0457  0.0224  0.1261 -0.0464
 -0.0553  0.0452 -0.0987]","[ 1.55340000e-01  1.33999987e-02  3.44580004e-01  1.78490002e-01
 -8.48400006e-02  3.38700013e-02  1.00950001e-01  1.08320000e-01
 -8.61799994e-02  4.01799999e-02  1.81809999e-01  1.08770000e-01
 -1.06000003e-02 -1.40950003e-01 -3.65260001e-01  9.55900004e-02
 -6.90799998e-02  5.90599990e-02 -1.33820001e-01  1.18269999e-01
  4.10699986e-02  1.45209997e-01 -1.53360001e-01 -1.55099997e-02
  8.71899991e-02 -2.17600014e-02  9.04500015e-02  9.42499992e-02
 -7.63099996e-02  1.07010001e-01 -2.23230001e-01  1.33250003e-01
 -2.31799996e-02 -6.65699985e-02  3.37799989e-02  6.68600010e-02
 -1.72400000e-02  8.64600018e-02 -4.16299991e-02  9.88099979e-02
  8.20399996e-02  4.91899999e-02  2.64800001e-02 -3.02200002e-02
 -9.75000225e-03 -1.45100011e-02 -6.34600006e-02 -4.04000001e-02
 -4.28000133e-03 -2.70500031e-02 -1.07500008e-02 -1.88800000e-02
  1.35999918e-03 -9.51400001e-02 -1.59070001e-01  1.62339999e-01
  4.89299998e-02 -3.00889998e-01  9.32900012e-02 -1.76179997e-01
  7.85900001e-02  3.00299990e-02  1.47010000e-01  1.58640000e-01
  2.03090001e-01  1.49799999e-01  1.84500001e-02 -2.34100010e-02
 -1.47310000e-01  6.75800004e-02 -3.79999999e-02  2.12099985e-02
 -1.45100011e-02  2.70510004e-01  1.03190000e-01 -2.31559999e-01
 -2.14650001e-01  1.40449999e-01 -5.34799989e-02 -3.67700012e-02
  1.06500005e-02 -2.39999991e-02 -9.67499995e-02 -7.73399989e-02
 -8.31000000e-02  4.42599958e-02 -1.33239999e-01 -9.11000005e-03
 -9.85400010e-02  9.51900014e-02 -3.98499994e-02 -5.79000233e-03
 -8.92600015e-02  6.58999987e-02 -1.56499996e-02  6.92499997e-02
 -1.76440002e-01 -1.46199980e-02 -9.80799982e-02  1.20040000e-01
  1.00099999e-01  4.54979998e-01  6.09800009e-02 -4.01299998e-02
 -2.18000006e-02  3.48429997e-01  8.56099966e-02  5.94700002e-02
  2.99100006e-02  9.67100022e-02 -3.07799997e-01 -1.80000365e-03
  9.24200005e-02 -5.94100002e-02 -9.33400001e-02  2.28999993e-02
  9.60500032e-02  3.22100012e-02  1.53529999e-01 -3.03600001e-02
  1.53099990e-02 -1.32900015e-02  1.15519998e-01 -5.78600003e-02
  2.60930002e-01 -9.36600007e-02 -1.28439999e-01 -3.59899994e-02
 -8.64600018e-02  4.53699993e-02 -1.16890003e-01 -7.29899995e-02
  8.71299997e-02  1.35000000e-02  5.37099987e-02 -3.63569997e-01
  8.68999846e-03  3.07499995e-02  1.46099990e-02  1.57880002e-01
 -4.09000032e-03 -1.03249999e-01  1.24190002e-01  4.20499990e-02
  3.88059997e-01 -5.10399980e-02 -6.65100003e-02 -3.97900000e-02
 -4.78200004e-02  2.34890001e-01  1.89329999e-01  6.57999989e-02
  2.25880002e-01 -5.47099981e-02  7.94099991e-02  1.23329998e-01
 -9.89999939e-03 -1.30490003e-01 -2.45800000e-02 -2.78060003e-01
 -6.23799996e-02 -6.11700004e-02  1.29029999e-01  2.88960002e-01
  5.85100008e-02  6.97799995e-02 -2.27499998e-01 -5.11000007e-03
 -6.12100003e-02 -1.43140001e-01 -1.60499969e-02 -9.34599983e-02
  9.19199998e-02  9.80299997e-02 -5.62200012e-02  8.39999994e-02
 -4.39700019e-02 -9.95099994e-02  4.58199999e-02  1.32860000e-01
 -1.34039999e-01  1.16810000e-01 -3.50670002e-01  2.64199983e-02
  2.33910000e-01  1.36200010e-02 -4.02499998e-02  2.33700002e-01
  4.20199986e-02  2.20999918e-03 -1.53009999e-01 -6.29799993e-02
  3.93379990e-01  1.59800003e-02  3.70350002e-01 -3.82899998e-02
 -2.86799990e-02 -2.67899992e-02 -1.08210002e-01  8.17000004e-02
  1.41800001e-01 -1.84399986e-02  8.41199970e-02  5.36800003e-02
 -8.70700002e-02 -2.14939999e-01  1.96299999e-02 -1.37540001e-01
  3.40300001e-02 -5.88300008e-02 -1.43500000e-01  1.89810000e-01
 -1.99450000e-01 -1.27080000e-01 -3.55200006e-01 -8.16399991e-02
  1.98400009e-02 -7.89400011e-01 -4.36000265e-03 -1.90579999e-01
  1.02559997e-01 -7.89700009e-02 -3.35099997e-02 -2.26299994e-02
  2.81500000e-02 -1.13110000e-01 -6.97600003e-02  7.39000035e-03
  1.05570000e-01  1.01300001e-01  1.11900001e-01 -2.20379999e-01
 -4.12769996e-01 -8.27700004e-02 -7.03899996e-02 -1.91299997e-02
 -3.42850001e-01  2.65000012e-02  3.63500017e-02 -8.61600013e-02
  9.74000134e-03 -6.49400000e-02 -1.30500017e-02 -1.78200001e-01
 -9.91200004e-02 -2.29720000e-01 -1.81110000e-01  2.84939997e-01
  1.40760001e-01 -3.58859995e-01  2.19998931e-04 -3.02000002e-01
 -1.21089997e-01 -4.84499996e-02  1.06130001e-01  1.31570002e-01
  1.01580001e-01  1.12999962e-03  3.15900003e-02  5.50399987e-02
  3.58999670e-03 -1.39500001e-01  6.23100022e-02 -2.54569999e-01
 -3.00000422e-05 -9.22499986e-02  1.16970004e-01  1.07240002e-01
  9.99999978e-04 -1.00740002e-01 -6.16799999e-02  1.14489999e-01
  6.13000002e-02 -2.08960004e-01  7.27399978e-02  1.03920000e-01
  6.88700009e-02 -2.12900003e-02 -1.53439998e-01  9.09399997e-02
  2.09250003e-01  2.49500021e-02 -8.61100012e-02 -1.21920000e-01
 -1.28970001e-01  1.34299986e-02 -1.20180000e-01 -7.12499998e-02
  9.61999930e-03  2.90300000e-02 -2.14940000e-01 -6.48000007e-02
 -4.23110005e-01 -1.78720005e-01 -9.99000166e-03  1.20320000e-01
 -9.66600005e-02  6.91500008e-02 -6.39000004e-02 -1.21210001e-01]"
雰囲気,"[-6.230e-02  2.420e-02  3.532e-01 -3.000e-03  1.690e-02  7.220e-02
  2.349e-01 -3.580e-02 -1.630e-01  1.837e-01  1.401e-01  4.140e-02
 -8.170e-02 -1.499e-01 -9.740e-02  9.230e-02 -6.200e-03 -4.790e-02
 -4.930e-02 -1.250e-02 -6.840e-02 -1.650e-02  2.600e-02 -4.980e-02
 -3.280e-02 -9.320e-02  1.460e-01  4.130e-02 -3.400e-02  7.700e-02
 -7.720e-02 -3.740e-02 -1.910e-02  3.180e-02  6.720e-02 -4.590e-02
  2.360e-02 -1.330e-02 -7.060e-02  5.480e-02  1.166e-01  1.179e-01
  1.900e-03  5.110e-02 -3.530e-02 -1.448e-01  1.665e-01 -9.390e-02
 -6.800e-02  9.840e-02 -7.430e-02 -6.000e-02  1.400e-01 -5.850e-02
  2.690e-02  1.320e-02  3.330e-02 -9.200e-02 -5.890e-02  1.688e-01
  1.000e-04 -4.900e-03  9.800e-02  3.230e-02 -1.530e-02  1.079e-01
 -4.690e-02 -1.400e-03 -4.850e-02  1.558e-01  6.700e-03 -9.590e-02
 -5.760e-02  9.910e-02 -2.700e-03 -1.302e-01 -2.130e-02  7.730e-02
 -4.880e-02 -5.950e-02  3.180e-02  1.104e-01 -4.890e-02 -8.700e-02
 -2.200e-03  1.820e-02  2.330e-02  9.190e-02 -3.310e-02 -2.640e-02
 -1.660e-02  5.200e-03  1.030e-02  8.520e-02  8.430e-02  6.610e-02
  4.670e-02 -4.900e-02  3.080e-02  1.680e-02 -9.300e-02  2.196e-01
  4.910e-02 -5.040e-02  2.160e-02  7.800e-03 -3.250e-02 -1.800e-03
 -1.510e-02 -2.470e-02 -2.985e-01 -1.003e-01 -1.134e-01 -1.054e-01
  3.900e-02  8.080e-02  4.770e-02  4.980e-02  8.620e-02  1.900e-03
 -6.960e-02 -6.180e-02  9.050e-02 -4.730e-02  7.100e-02 -2.040e-02
 -8.330e-02 -7.200e-02  8.760e-02  5.000e-04  2.280e-02 -4.550e-02
  1.655e-01  3.170e-02  1.210e-02 -7.410e-02  9.360e-02 -3.310e-02
  1.057e-01  1.170e-02 -1.200e-03 -2.450e-02  1.149e-01 -3.380e-02
  2.220e-02 -1.246e-01 -1.408e-01 -3.180e-02  1.684e-01 -2.132e-01
 -2.820e-02  7.190e-02 -3.780e-02 -1.636e-01 -2.520e-02  1.047e-01
 -7.900e-03 -2.750e-02  4.760e-02 -2.440e-02 -1.269e-01 -8.580e-02
 -5.200e-03  1.080e-01  1.860e-01  1.370e-02  1.200e-03 -1.434e-01
 -1.260e-02  4.890e-02  7.870e-02  8.350e-02 -7.100e-03 -8.430e-02
  6.160e-02  2.920e-02 -3.280e-02 -6.300e-02  7.190e-02 -3.680e-02
  1.620e-02 -8.200e-02 -3.590e-02  1.667e-01  1.900e-03 -8.610e-02
 -3.810e-02  1.867e-01  1.860e-02 -7.190e-02  3.550e-02  4.220e-02
  1.863e-01  3.400e-03  4.000e-03  7.290e-02  4.500e-02 -3.790e-02
  6.540e-02  2.010e-02 -1.150e-02 -5.140e-02 -5.190e-02 -3.750e-02
 -4.450e-02 -1.050e-02  1.839e-01  1.166e-01  2.800e-02 -8.150e-02
  3.780e-02  2.083e-01 -1.200e-02 -1.703e-01  9.690e-02 -9.100e-03
  6.330e-02 -3.231e-01 -1.220e-02 -3.020e-02  1.540e-02  2.000e-02
 -1.058e-01 -5.710e-02  2.520e-02  8.100e-03  6.920e-02 -6.240e-02
  9.740e-02 -8.800e-03  7.860e-02  8.570e-02 -2.162e-01  6.370e-02
  1.690e-02 -2.600e-02 -2.562e-01 -9.580e-02  7.310e-02 -6.400e-02
  1.710e-02 -5.250e-02  5.200e-02 -1.170e-01  1.373e-01 -4.120e-02
 -1.503e-01  2.860e-02  2.380e-01 -3.576e-01  2.680e-02 -1.870e-01
  5.830e-02  1.400e-03  6.020e-02 -1.730e-02 -1.921e-01  7.070e-02
  5.090e-02 -2.450e-02 -1.116e-01 -1.424e-01 -1.700e-03  7.580e-02
 -2.910e-02 -1.976e-01  2.830e-02  8.100e-02 -2.110e-02 -4.180e-02
  1.733e-01  1.700e-02 -5.040e-02  8.000e-02  7.170e-02  7.400e-03
  1.132e-01 -7.540e-02 -4.100e-02  2.930e-02  1.946e-01  6.390e-02
  7.200e-02 -7.200e-03 -1.639e-01  4.260e-02 -4.740e-02 -6.140e-02
  5.630e-02  1.560e-01 -7.870e-02 -1.130e-02 -4.640e-02  1.416e-01
  6.070e-02  1.800e-02  7.520e-02  6.000e-04 -8.290e-02  5.700e-03]","[ 0.0348    0.087275  0.317625  0.028125  0.064975 -0.0373    0.12495
 -0.008225 -0.053525  0.150025  0.13075   0.046475 -0.053175 -0.039575
 -0.136775 -0.00325  -0.0226   -0.009575 -0.0866   -0.0279   -0.030125
 -0.0221    0.006225  0.003625 -0.027625 -0.059675  0.14455  -0.002575
  0.039725  0.0289   -0.069175  0.01955   0.02525   0.02415   0.03135
  0.023275  0.0291   -0.041425 -0.0376    0.06875   0.055825  0.06745
 -0.02875   0.04145   0.01605  -0.10045   0.067175 -0.04135  -0.049075
  0.074125  0.003125 -0.023825  0.033725  0.049975  0.0755    0.1161
  0.03795  -0.146725 -0.0561    0.110025  0.004025 -0.029575  0.01265
 -0.0133    0.017525  0.01115   0.018975 -0.01435  -0.068425  0.1685
 -0.05435  -0.134775 -0.029125  0.06005   0.0129   -0.1165    0.02225
  0.0191   -0.04755  -0.006775 -0.003325 -0.00115  -0.056175 -0.0675
 -0.014875  0.006675  0.018775  0.057975  0.03875  -0.130325  0.0197
  0.03295  -0.065925  0.0392    0.00415   0.049425  0.0404   -0.09265
 -0.001275  0.03865   0.023525  0.18645  -0.00385  -0.059325 -0.04995
  0.0687    0.0051   -0.01545  -0.018975 -0.031075 -0.2021   -0.0879
 -0.026825 -0.0435   -0.0065    0.07685   0.05025  -0.021225  0.00325
 -0.036425 -0.0975   -0.030425  0.053825  0.00585   0.0511   -0.0174
 -0.0509   -0.04865   0.17025   0.029125  0.00245  -0.0081   -0.002775
  0.0068    0.01185  -0.0474    0.008925  0.0305   -0.025075 -0.009925
 -0.03545  -0.051425  0.08975   0.000675  0.058075 -0.0748   -0.0633
 -0.030875  0.046575 -0.1078   -0.0311    0.091    -0.02875  -0.0353
 -0.049825 -0.0326   -0.036725 -0.004175  0.02685   0.0236   -0.042725
 -0.02485   0.01135   0.0913    0.1404   -0.04195  -0.07185  -0.084525
  0.01595  -0.004525  0.104675 -0.01165   0.037475  0.0131   -0.0226
  0.061925  0.01445  -0.029875  0.0156    0.0345   -0.054825 -0.0457
 -0.079475  0.07265  -0.044525 -0.021825 -0.059025  0.216575  0.023575
 -0.06025   0.012175 -0.005075  0.080225  0.0017    0.047175  0.078625
 -0.004525  0.089975  0.021325  0.0187    0.0212   -0.029925 -0.0432
 -0.02615  -0.025425 -0.06465   0.0443   -0.0262    0.016325 -0.038
 -0.0309    0.17325   0.006475 -0.10845   0.0441   -0.055175  0.001175
 -0.337925  0.071425 -0.0608   -0.0008   -0.042525 -0.102475  0.015925
  0.0086    0.019825  0.05065  -0.039275  0.073425 -0.0856    0.052675
 -0.045925 -0.20905  -0.07225   0.0538   -0.000875 -0.272275  0.0082
  0.02375  -0.0722   -0.017875  0.03     -0.024575 -0.0398    0.16045
 -0.057525 -0.043575  0.043075  0.13955  -0.349225  0.0334   -0.10275
 -0.06805  -0.001525  0.046225 -0.00145  -0.0721    0.038125  0.088525
 -0.030425 -0.0597   -0.114025 -0.0329    0.042375 -0.035175 -0.024175
  0.0739   -0.015425 -0.064425 -0.0429    0.06185   0.0028   -0.039075
  0.01335  -0.017    -0.0703    0.0687    0.025525 -0.01945   0.005175
  0.2376    0.036825  0.057675 -0.032375 -0.032575  0.0376    0.03945
 -0.053375  0.053025  0.0107   -0.045675 -0.050775 -0.0584    0.051
  0.1104   -0.07045   0.05755  -0.0344   -0.0742   -0.031225]"
夕暮れ,"[-1.435e-01  7.920e-02  2.357e-01  7.850e-02  7.030e-02 -3.110e-02
  1.863e-01 -1.970e-02 -2.940e-02  5.260e-02  5.800e-02  7.880e-02
  5.400e-02  1.138e-01 -1.500e-01  1.672e-01 -2.890e-02 -3.020e-02
 -1.492e-01 -1.390e-02  1.040e-02  5.610e-02 -1.380e-01  7.300e-02
 -3.420e-02  8.300e-02  8.570e-02  1.618e-01 -9.290e-02  2.550e-02
  1.230e-01  1.320e-02  4.150e-02 -1.157e-01 -3.560e-02 -8.410e-02
 -4.340e-02 -2.078e-01 -8.330e-02 -1.880e-02 -2.520e-02  1.364e-01
  4.300e-03 -3.400e-03  1.245e-01 -1.720e-02 -2.400e-02 -5.390e-02
 -2.335e-01  3.150e-02  1.430e-02  2.140e-02 -1.000e-02  2.040e-02
  1.847e-01 -8.360e-02  3.510e-02 -1.612e-01  7.200e-02  1.850e-01
  1.340e-02  1.580e-01  9.010e-02  4.550e-02 -2.820e-02  9.750e-02
 -1.910e-02  5.760e-02  1.030e-02  5.610e-02  1.087e-01  9.720e-02
 -4.450e-02 -4.700e-03  1.340e-02 -1.300e-01 -6.700e-03 -1.107e-01
 -6.100e-03  1.458e-01  3.620e-02  2.137e-01  7.000e-04 -1.200e-01
  1.414e-01  5.700e-03 -3.640e-02  8.420e-02  1.107e-01 -1.387e-01
 -1.208e-01  4.600e-02  1.126e-01  3.570e-02  1.262e-01 -7.500e-03
 -1.568e-01 -1.864e-01 -9.440e-02 -6.240e-02 -1.074e-01  8.510e-02
 -1.079e-01 -9.600e-02 -1.840e-02  2.702e-01  5.260e-02  3.690e-02
  4.320e-02  1.634e-01 -4.440e-02  1.000e-04  5.470e-02  2.280e-02
  2.047e-01  1.483e-01 -1.614e-01  1.252e-01  4.500e-03  5.500e-03
  1.800e-03 -5.000e-03  1.867e-01 -6.540e-02 -1.180e-01  1.878e-01
 -8.680e-02  8.440e-02  5.800e-03 -9.400e-03 -2.400e-03  2.360e-02
 -5.070e-02  6.080e-02  5.390e-02  1.363e-01 -3.000e-02  5.290e-02
 -4.800e-02  5.780e-02  3.540e-02 -8.950e-02 -7.790e-02  9.040e-02
  1.111e-01  2.920e-02 -7.300e-03 -1.084e-01  6.000e-02 -1.181e-01
  1.460e-02  2.890e-02 -1.370e-02 -5.290e-02  1.205e-01  2.540e-02
 -2.900e-03  1.046e-01 -8.570e-02  7.700e-03 -7.440e-02  2.920e-02
 -2.850e-02  1.547e-01  4.020e-02 -3.650e-02 -1.689e-01  1.660e-02
 -4.080e-02  8.870e-02  7.950e-02 -4.530e-02  2.240e-02  6.700e-02
 -4.140e-02  1.500e-02 -5.540e-02  8.930e-02  2.580e-01 -1.071e-01
 -1.390e-02 -6.830e-02 -9.900e-02  1.010e-01 -4.700e-02 -7.880e-02
 -7.150e-02  8.810e-02  6.360e-02 -1.096e-01  3.000e-03  1.910e-02
 -2.830e-02  8.520e-02  7.770e-02  3.210e-02  6.500e-03  1.797e-01
 -3.110e-02  1.425e-01  1.389e-01  9.150e-02  7.620e-02  2.135e-01
 -8.700e-03  3.590e-02 -3.290e-02 -1.196e-01  5.800e-03 -6.810e-02
  5.240e-02  2.080e-02  5.400e-02 -4.500e-02  2.375e-01 -1.634e-01
  6.790e-02 -3.447e-01 -5.830e-02 -5.920e-02 -8.360e-02 -1.455e-01
  2.150e-02 -3.640e-02  6.600e-03  5.490e-02  4.110e-02 -1.053e-01
  1.377e-01 -1.970e-02 -8.290e-02 -8.660e-02 -1.831e-01 -1.520e-01
  1.255e-01  6.350e-02 -1.581e-01 -8.370e-02  9.870e-02 -5.880e-02
 -7.130e-02  5.880e-02  1.554e-01 -1.143e-01 -8.020e-02 -5.960e-02
 -3.840e-02  5.200e-03 -5.710e-02 -8.020e-02  2.440e-02 -2.047e-01
 -2.610e-02 -1.133e-01  5.840e-02 -7.170e-02 -3.100e-03  1.067e-01
 -8.700e-03 -4.030e-02  4.340e-02 -4.800e-03  2.910e-02  9.290e-02
 -1.929e-01  6.560e-02  6.490e-02 -4.320e-02  5.000e-03 -9.980e-02
  3.150e-02 -8.590e-02  1.317e-01  6.580e-02  3.990e-02 -4.910e-02
  1.070e-01 -5.430e-02 -2.250e-02  5.920e-02  1.359e-01 -3.430e-02
 -3.540e-02 -8.500e-02 -1.930e-02 -4.050e-02  6.220e-02 -2.940e-02
  1.430e-02  2.570e-02 -9.070e-02  1.030e-01  1.179e-01  1.431e-01
 -2.159e-01  6.120e-02  4.960e-02 -7.010e-02 -6.390e-02 -5.700e-03]","[-7.70333338e-02  6.22500012e-02  1.06183334e-01  7.12833339e-02
 -2.43500015e-02  1.44833348e-02  2.68333326e-02 -4.28166672e-02
 -1.25833333e-01  5.21000005e-02  8.02333316e-02 -2.36666676e-02
 -3.81499982e-02  1.66849998e-01 -1.20033333e-01  8.96999992e-02
 -4.22333324e-02 -1.81333333e-02 -1.12966667e-01 -7.29999961e-03
  7.15666679e-02  5.10333342e-02 -1.08566667e-01  2.80499998e-02
  1.13833329e-02  1.19666650e-02  2.99666664e-02  9.60833319e-02
 -7.27500007e-02 -5.60333338e-02  3.51833332e-02 -5.81666544e-03
  1.88666658e-02 -4.39500002e-02  3.41666667e-02 -1.72333329e-02
 -1.26666657e-03 -9.17499995e-02  1.16500007e-02  3.15666671e-02
 -1.27166670e-02  5.05833328e-02  1.87166665e-02  2.55333329e-02
  7.09000009e-02 -9.04500019e-02  1.76166662e-02 -1.40666664e-02
 -2.12833335e-02  3.03166669e-02  4.97166645e-02  2.10166671e-02
  5.28000000e-02 -1.99833321e-02  7.43999978e-02  2.22499995e-02
  1.29999973e-03 -3.07499997e-02  7.92333344e-02  2.74166673e-02
 -2.73333332e-02  5.00000020e-03  9.43333261e-03  4.90333325e-02
  5.38499982e-02  1.74499978e-02 -1.77333326e-02  1.58166653e-02
  4.56166679e-02  9.15666666e-02  5.76500005e-02  2.52333349e-02
  4.21166663e-02 -3.55999992e-02 -2.43333293e-03 -1.16666665e-01
 -3.58333377e-03 -6.68333316e-03 -3.71999992e-02  1.07650000e-01
 -1.42166670e-02  5.85666665e-02 -6.34999998e-02 -6.87999995e-02
  4.02333319e-02  2.53833327e-02 -6.79666662e-02 -1.70833338e-02
  4.73999997e-02 -4.95666650e-02 -3.80666669e-02  3.79166665e-02
  5.34000004e-02  3.66333339e-02 -6.74166655e-02  6.85833339e-02
 -1.32033334e-01 -1.47200000e-01 -6.09000012e-02 -1.55220429e-10
 -3.77166669e-02  1.09616667e-01 -7.58333333e-03 -4.00166667e-02
 -3.33499994e-02  2.18950002e-01  4.84333332e-02  1.33166673e-02
  7.27500015e-02  2.98666654e-02 -1.81500004e-02  7.33333333e-02
 -3.59999947e-03 -1.73666653e-02  1.32916667e-01  7.06166684e-02
 -9.21833332e-02  2.66000025e-02  8.36666611e-03 -3.66000001e-02
 -3.73333341e-02 -5.78666651e-02  7.78666679e-02 -3.87666663e-02
 -3.32833340e-02  5.17666673e-02 -1.14500007e-02  3.49666664e-02
 -9.16667205e-04 -9.33334969e-04 -2.88500011e-02  3.50833349e-02
 -1.35666678e-02 -3.47666671e-02 -8.16666674e-03 -6.78333311e-02
 -4.51666598e-03 -2.06833332e-02  5.19499997e-02 -8.40000079e-03
  1.14166678e-02 -4.46500002e-02 -2.69333341e-02 -3.45333327e-02
  1.39949998e-01 -1.10333322e-02  6.32999992e-02 -2.87333347e-02
 -1.71666701e-03 -4.05500007e-02  1.00666665e-02 -1.30000076e-03
  2.95166667e-02 -2.19333341e-02  2.04333331e-02 -5.28333324e-02
  4.46833342e-02  2.19833334e-02  4.34999997e-03 -1.35666666e-02
 -6.24499992e-02 -4.53166668e-02  3.52833333e-02  1.07999999e-02
  5.02333325e-02 -3.25999997e-02 -5.98833328e-02 -8.49333343e-02
  5.04833329e-02 -4.38666682e-02  1.51166656e-02 -4.89499997e-02
 -5.89166670e-02  2.42500001e-02 -4.52333326e-02 -3.80000115e-03
 -1.98666664e-02  2.95666670e-02  2.04999807e-03 -2.18500006e-02
 -6.43500006e-02 -2.02166665e-02 -4.03999997e-02 -3.75166666e-02
  1.78666672e-02 -4.88833333e-02  9.99967257e-05  6.52666663e-02
  1.25333347e-02 -3.46666666e-02  2.71333336e-02  1.24833335e-02
 -2.76166673e-02  6.82166656e-02  1.09916666e-01  4.19833328e-02
 -2.74999905e-03  5.37333335e-02  1.40000011e-02  3.72833336e-02
  5.54999864e-03  8.43833319e-02 -6.33333344e-03  1.00033333e-01
 -1.41833339e-02 -4.35666666e-02  6.08333260e-03 -4.92333324e-02
 -3.30000006e-03  1.51333337e-02  4.61666697e-03  4.68499993e-02
  2.55500001e-02 -3.07833344e-02  1.54066665e-01 -1.00883331e-01
  3.84833340e-02 -3.78200000e-01 -1.99333342e-02 -2.33334101e-04
 -1.40499992e-02  9.51666664e-03  8.56666676e-03  1.96333323e-02
  7.51666740e-03  1.91166668e-02  2.97666642e-02 -2.49333351e-02
  9.06666693e-02 -1.37166672e-02 -1.11333337e-02 -6.57333322e-02
 -2.04566669e-01  1.41166671e-02  7.83166668e-02 -1.37666663e-02
 -1.78383333e-01  2.50500000e-02  3.07833346e-02 -5.32833330e-02
 -5.30000023e-03  5.94333330e-02  3.88833323e-02 -1.22300001e-01
 -6.46666732e-03 -9.70666645e-02  2.85000013e-03  1.52000000e-02
 -6.44333338e-02 -4.18166675e-02  1.33499999e-02 -2.18066667e-01
 -3.23333366e-03 -2.04833342e-02  3.06333341e-02 -1.99999350e-04
 -2.86666707e-03  6.49833333e-02  4.05000042e-03 -6.39833341e-02
 -1.31166670e-02 -7.91000001e-02  6.49999996e-02  8.61166686e-02
 -8.43166678e-02  4.31666663e-03  3.18999982e-02 -2.49833333e-02
 -1.15333325e-02 -9.90166670e-02 -1.02499994e-02 -4.87666666e-02
  9.36666651e-02 -3.15833330e-02  2.45999995e-02  4.93999987e-02
  3.57666672e-02 -7.99833314e-02 -5.29499998e-02  6.25000008e-02
  1.13816668e-01 -4.44333323e-02  2.13999995e-02 -9.30000019e-03
 -3.02833331e-02 -1.15999999e-02 -2.65000047e-03  2.00166670e-02
  2.34333344e-02  1.70833336e-02 -3.90666657e-02 -6.45000115e-03
  1.74166675e-02  4.01999989e-02 -1.56216664e-01 -8.70333317e-02
  1.29666676e-02 -4.85000013e-02 -2.91499998e-02 -6.41666593e-03]"
中央公園,"[ 3.000e-03 -2.010e-02  1.676e-01 -4.330e-02 -2.098e-01  7.200e-03
 -8.440e-02  1.194e-01  1.355e-01  5.070e-02 -8.150e-02  5.410e-02
 -5.890e-02  1.328e-01 -8.470e-02  8.330e-02  5.440e-02  2.300e-02
 -1.232e-01  1.008e-01  7.400e-03  1.390e-02 -1.798e-01 -5.910e-02
 -4.980e-02 -1.367e-01  7.360e-02  2.610e-02  1.730e-02 -9.600e-03
  1.305e-01  9.350e-02 -1.500e-03 -1.800e-03  3.130e-02  2.610e-02
  1.083e-01 -2.300e-02  5.100e-02  8.200e-03 -5.120e-02  3.920e-02
  9.100e-03  8.310e-02 -1.330e-02  3.000e-04 -3.030e-02  8.700e-02
 -2.500e-03  1.270e-01 -2.560e-02 -4.860e-02 -3.400e-03  1.671e-01
  3.950e-02 -7.680e-02 -8.300e-03 -8.100e-03 -8.600e-03 -1.128e-01
 -7.000e-03 -4.200e-02  1.140e-02 -7.410e-02  4.940e-02 -1.844e-01
 -3.490e-02  6.680e-02 -5.010e-02  1.830e-02  1.123e-01 -8.290e-02
  3.620e-02  7.000e-02 -4.690e-02  1.177e-01 -1.025e-01  1.300e-03
 -4.430e-02 -7.100e-03 -7.630e-02 -3.240e-02 -4.890e-02 -1.500e-02
  2.920e-02 -9.320e-02 -5.390e-02  3.280e-02 -1.224e-01 -6.560e-02
 -1.221e-01 -2.930e-02 -1.090e-02  1.180e-01  1.085e-01  8.000e-04
 -1.341e-01  5.720e-02 -9.980e-02  3.820e-02  1.210e-02 -8.300e-02
  4.130e-02  1.396e-01 -1.469e-01  2.170e-02 -1.360e-02 -1.122e-01
  8.550e-02  1.434e-01 -8.000e-04  8.530e-02  1.497e-01 -3.860e-02
 -2.530e-02  1.440e-02 -1.181e-01  1.316e-01  5.670e-02  1.950e-02
 -1.340e-02  1.502e-01  2.123e-01  1.490e-02 -1.902e-01 -1.490e-02
  3.070e-02 -8.540e-02 -4.820e-02  1.027e-01  3.510e-02  6.790e-02
 -8.000e-02  8.440e-02  8.550e-02  1.072e-01 -3.460e-02  2.035e-01
 -9.360e-02 -6.650e-02  3.400e-03  1.070e-02 -6.260e-02  9.080e-02
  2.411e-01  8.690e-02 -9.500e-03 -6.600e-03  5.910e-02 -3.910e-02
  5.750e-02 -4.890e-02  1.347e-01  1.760e-02  1.379e-01 -1.194e-01
  3.620e-02 -7.700e-03 -4.060e-02  8.870e-02 -4.970e-02 -4.850e-02
  1.264e-01 -8.110e-02  6.100e-02 -2.180e-02 -1.239e-01 -9.570e-02
  4.340e-02  1.981e-01  4.820e-02 -1.014e-01 -7.500e-02 -7.220e-02
  1.301e-01  1.563e-01  1.707e-01  2.550e-02  2.900e-03 -1.030e-02
 -4.930e-02 -2.020e-01 -4.950e-02  1.336e-01 -1.650e-02  9.410e-02
  3.450e-02  1.450e-02 -7.690e-02 -5.140e-02 -1.218e-01 -8.420e-02
  9.750e-02  3.560e-02  1.400e-02 -6.400e-02  6.070e-02  1.160e-01
 -9.640e-02 -6.640e-02  1.020e-02  1.529e-01 -3.220e-02  1.673e-01
 -1.650e-02  1.293e-01 -7.570e-02 -8.000e-04 -4.900e-03 -2.350e-02
  3.600e-03  4.970e-02  7.480e-02  1.456e-01  7.550e-02 -1.106e-01
 -8.230e-02 -3.676e-01  2.600e-03 -1.420e-02  4.700e-03  2.700e-03
  1.141e-01  1.900e-01  8.390e-02 -1.580e-02 -8.520e-02 -1.255e-01
  3.710e-02  4.300e-03  6.570e-02  9.570e-02 -2.830e-02  1.189e-01
  8.270e-02 -9.640e-02 -1.598e-01  3.410e-02 -5.110e-02  1.049e-01
  4.500e-02  2.240e-02  1.446e-01 -1.953e-01 -2.100e-02  3.930e-02
 -6.470e-02  1.402e-01  1.178e-01 -1.220e-01  1.304e-01 -1.988e-01
  4.630e-02  1.550e-02  1.490e-02  9.850e-02  1.219e-01 -8.080e-02
 -1.460e-02 -1.348e-01  4.860e-02  8.950e-02  1.540e-02 -6.060e-02
 -1.844e-01 -1.602e-01 -1.933e-01 -1.314e-01 -1.172e-01 -4.650e-02
  5.910e-02 -5.550e-02  1.426e-01  1.665e-01  3.810e-02  9.860e-02
 -1.632e-01  2.060e-02 -4.850e-02  2.250e-02  1.159e-01  7.000e-04
 -5.130e-02  9.430e-02  8.120e-02 -2.640e-02  1.700e-02  2.520e-02
 -1.050e-01 -8.900e-03 -4.670e-02 -7.000e-02 -3.520e-02  1.680e-02
 -1.835e-01  5.070e-02 -1.872e-01  5.420e-02 -5.310e-02  7.740e-02]","[ 0.0191     -0.0247      0.11985    -0.04265    -0.17475     0.0224
 -0.03025     0.0074      0.1232      0.05725    -0.05325     0.028
 -0.00695     0.0966     -0.0665      0.0686      0.04145     0.05225
 -0.11945     0.06655     0.00045    -0.0338     -0.18560001 -0.03115
 -0.0856     -0.1277      0.0585      0.0339      0.0834      0.00355
  0.09335     0.02885    -0.0015     -0.0173      0.01425    -0.0322
  0.10265    -0.02085    -0.05085    -0.041      -0.0277      0.0391
 -0.014       0.02105    -0.02575     0.04145     0.0076      0.01515
 -0.006       0.08895    -0.0142     -0.0158      0.02405     0.04055
  0.0474     -0.1062      0.04975    -0.00245    -0.0326     -0.1221
 -0.0507     -0.0903      0.01535    -0.05715     0.03285    -0.04410001
  0.03415     0.0319      0.0299      0.03275     0.07815    -0.0927
  0.0081      0.0333      0.0327      0.11355    -0.10835    -0.046
 -0.03625     0.0068     -0.06975     0.09255    -0.04975     0.0255
 -0.00275    -0.09595    -0.13215    -0.001      -0.105      -0.06375
 -0.08605     0.0129      0.0489      0.0885      0.0742     -0.0195
 -0.1242      0.0434     -0.06215     0.021       0.0061     -0.0431
  0.0421      0.0632     -0.0934      0.05435     0.00745    -0.01
  0.04575     0.0842     -0.00445     0.0243      0.05975    -0.03375
 -0.0496      0.0125     -0.11055     0.0656     -0.002      -0.021
 -0.0655      0.0745      0.20285    -0.001      -0.15425     0.00645
  0.0411     -0.0226     -0.05205     0.0613      0.02585     0.01125
 -0.01945     0.0322      0.05135     0.07275     0.038       0.16255
 -0.07115    -0.0685     -0.0209      0.0318     -0.02675     0.10365
  0.1816      0.0768     -0.012      -0.04795     0.02175    -0.03315
  0.08865    -0.0756      0.1338      0.0423      0.12865    -0.1222
  0.02995    -0.04555    -0.04085     0.1131     -0.06505    -0.09425
  0.18229999 -0.1167      0.0284      0.01415    -0.1129     -0.0342
  0.0398      0.0979      0.0005     -0.0734     -0.01725     0.0165
  0.08515     0.12485     0.07225     0.02735     0.013      -0.0149
 -0.03165    -0.15015    -0.0614      0.07745    -0.02095     0.125
 -0.0216      0.01685    -0.03715    -0.0393     -0.04665     0.00045
  0.06815     0.05615     0.03635    -0.01105     0.0549      0.0711
 -0.0495      0.00885     0.00325     0.14425    -0.0314      0.0923
 -0.00405     0.0851     -0.0158      0.08325     0.01835    -0.06865
 -0.0416     -0.00095     0.03055     0.0751      0.0692     -0.09375
 -0.04395    -0.3531     -0.00805    -0.06995     0.0275      0.0098
  0.0702      0.0899      0.06875     0.05875    -0.07235    -0.04015
  0.0697      0.0247      0.06145     0.0313     -0.0427      0.0664
  0.0899     -0.0647     -0.1716      0.0153     -0.02535     0.0246
  0.0045      0.02635     0.13565    -0.122      -0.0354      0.02485
  0.0033      0.08025     0.00445    -0.1244      0.03725    -0.18205
  0.07515     0.0423      0.04875     0.1196      0.04755    -0.0593
 -0.0049     -0.126       0.01905    -0.02265     0.03285    -0.0289
 -0.16885    -0.0862     -0.07225    -0.097      -0.12605    -0.06255
  0.04235    -0.0988      0.13485     0.18425     0.0067      0.0318
 -0.11525    -0.0136      0.00145     0.0427      0.04035    -0.00275
 -0.0032      0.0586      0.08025    -0.05865    -0.03615    -0.0243
  0.0247      0.01       -0.0535     -0.09805    -0.02835     0.05965
 -0.1252      0.0071     -0.16649999  0.03435    -0.0467      0.09715   ]"
レストラン,"[ 0.0174 -0.0125  0.1009 -0.0121  0.0636  0.0297 -0.0022 -0.006  -0.0638
  0.0374  0.0164 -0.0032 -0.0485 -0.0336 -0.0664  0.0572  0.0024 -0.0105
 -0.048  -0.0484  0.0042 -0.0069 -0.032  -0.0843 -0.0074 -0.0552  0.0373
  0.0086 -0.0119  0.0196  0.0202  0.0111 -0.0184 -0.0491 -0.0479  0.0052
  0.0042  0.0386  0.0039 -0.073   0.0422  0.0172  0.054   0.0368 -0.0282
 -0.0599 -0.0521  0.0577  0.0548 -0.0073 -0.0538  0.0633  0.0162 -0.0142
  0.0617  0.0665  0.0522 -0.0282  0.0195  0.0538  0.0104 -0.0379 -0.035
  0.0293 -0.0535  0.0538 -0.0018 -0.0176 -0.019   0.0637  0.0075  0.0539
 -0.0333  0.0167  0.0095 -0.0554 -0.0234 -0.0053 -0.0609 -0.0327 -0.0444
  0.006   0.0163  0.0388  0.0201 -0.0385 -0.0219  0.0266  0.01   -0.0137
 -0.0102 -0.0374 -0.031  -0.0405  0.0674 -0.0709 -0.0465 -0.0291 -0.079
 -0.0074 -0.0366  0.0749  0.0066  0.0433  0.0462  0.056  -0.0343 -0.0137
 -0.0555  0.0453 -0.0605 -0.0227  0.0306 -0.0579  0.0648  0.0465 -0.0392
  0.0577  0.144   0.014   0.0443 -0.041   0.0422 -0.0007 -0.0314 -0.0979
 -0.0358 -0.0049 -0.0525  0.0333  0.0587 -0.054  -0.0114 -0.0064  0.0341
  0.1305  0.0646 -0.0235  0.0132 -0.0516 -0.0035  0.0357  0.0676 -0.0354
  0.0593  0.1063 -0.0239 -0.0521 -0.0328 -0.0704 -0.0218 -0.0258 -0.0101
 -0.0082  0.1072  0.0252  0.02    0.0345 -0.016  -0.0043  0.0073  0.0026
 -0.0198 -0.0096  0.0014 -0.0374 -0.1085 -0.1118  0.0518 -0.0442  0.0181
  0.006   0.0133 -0.055  -0.027  -0.0018 -0.0557 -0.0197  0.0048 -0.0348
 -0.0848 -0.0802 -0.0158  0.0016  0.0292  0.0281 -0.072   0.0301  0.0318
  0.0049 -0.01    0.0436  0.0866  0.0444  0.0322 -0.003   0.0344 -0.036
  0.0019  0.0447 -0.054   0.006  -0.0031 -0.0134 -0.0108  0.0174  0.1019
  0.072  -0.0405 -0.0229  0.0462  0.0062  0.0592 -0.0027  0.0517 -0.0643
  0.0435 -0.1808 -0.0088 -0.0214 -0.0288 -0.0183  0.0177  0.0227  0.0136
  0.0037 -0.0711 -0.0554  0.003  -0.0607  0.0139  0.0077 -0.0877  0.0161
 -0.079   0.0169 -0.1096  0.025   0.0142 -0.0309 -0.0038 -0.0389  0.0999
 -0.0943 -0.0276 -0.0464 -0.0387 -0.0131 -0.0439 -0.0609  0.0167 -0.0665
  0.0233 -0.0157  0.0106  0.0148 -0.0835  0.0196  0.042   0.0889 -0.0021
  0.0048 -0.0584  0.0047 -0.0456 -0.0372  0.0959 -0.0113 -0.0761 -0.0048
  0.0207 -0.0248 -0.0795  0.0369 -0.0269 -0.0513 -0.0058 -0.0463 -0.0189
  0.0378 -0.0164 -0.0117 -0.0335 -0.0266 -0.019  -0.025  -0.0052  0.0138
 -0.0199 -0.0323 -0.0373  0.0173 -0.0984  0.0166 -0.0835 -0.0103 -0.0507
 -0.0529 -0.0545 -0.0291]","[ 7.69999956e-03 -1.30142861e-02  6.74714289e-02  1.00285713e-02
  1.65285723e-02 -5.29999954e-03  6.07142864e-03 -2.85714213e-03
 -3.18571318e-03  2.63428568e-02  2.66285714e-02  9.14285721e-03
 -8.00000337e-04  7.10000018e-03 -5.08142845e-02  9.85714261e-03
  2.04857143e-02  6.25714297e-03 -2.31000003e-02  1.14714284e-02
 -1.16285710e-02  5.88571433e-03 -4.37857137e-02 -3.13428566e-02
  4.62999991e-02 -2.74285714e-02  1.06857145e-02  2.05285717e-02
  1.04571423e-02  3.05428571e-02  1.96142863e-02  9.71428558e-03
 -2.45714295e-02  9.77142874e-03 -1.47142833e-03  1.54428570e-02
 -5.92857141e-03  4.51428614e-03  7.27142866e-03 -2.18142860e-02
  7.87142867e-03  5.21428604e-03 -1.20285710e-02  3.09000002e-02
 -1.66142858e-02 -4.34285712e-02  1.02428574e-02  1.71999999e-02
  1.02142856e-02 -1.82714283e-02 -3.41428613e-03 -3.45714323e-03
  8.11428577e-03 -1.21857145e-02  1.75571423e-02  9.51428592e-03
  1.40571432e-02 -4.26571428e-02 -8.22857156e-03  8.87142887e-03
  1.00000163e-04 -1.30142854e-02 -1.78285714e-02  1.60999999e-02
  2.65999990e-02  3.15285724e-02  9.18571421e-03 -1.90428575e-02
  1.88714298e-02  3.44714286e-02  1.49000005e-02  1.49285717e-02
  1.79857142e-02 -4.07142897e-03 -3.40857148e-02 -3.35857152e-02
  5.21428557e-03 -2.24428581e-02 -3.11714282e-02 -3.74142854e-02
 -3.66571439e-02 -9.01428623e-03 -7.09999988e-03  2.50428580e-02
  1.82142856e-02 -2.85714266e-04 -1.27000003e-02 -2.05714369e-03
 -3.20000019e-03  1.09428573e-02 -7.71428891e-04  4.67142845e-03
 -1.51000000e-02  1.97142895e-03  6.72857171e-03 -1.98428574e-02
 -4.58714291e-02 -5.41428610e-03  3.99999986e-04  4.14285742e-04
 -6.58571427e-03  5.14714294e-02  1.33428572e-02  1.74428570e-02
  1.44285735e-03  7.00142852e-02 -7.68571420e-03 -8.55714229e-03
 -7.11428600e-03  5.64285704e-03 -2.05571428e-02  1.68714285e-02
  2.31714285e-02 -8.14285715e-03  1.08000005e-02  5.56571432e-02
 -3.48142861e-02  6.54285720e-03  3.69142851e-02  1.47142848e-03
  2.22857133e-03 -2.18571443e-03  1.25714282e-02 -2.47142862e-02
 -1.16428569e-02 -3.96428573e-02  7.14285715e-03 -2.20714286e-02
  4.28568788e-05  4.41857145e-02  2.59142857e-02 -2.11142864e-02
  7.37142842e-03  5.72857148e-03  2.13142856e-02  5.83428578e-02
  2.74571430e-02  5.14285772e-04  9.65714228e-03 -2.66142852e-02
  2.74428565e-02  1.42714288e-02  3.18428571e-02 -2.14286149e-04
  5.40714296e-02  3.69142850e-02 -1.40714285e-02  3.54285738e-03
 -2.08571429e-02 -1.90142855e-02  1.58142867e-02 -1.66714287e-02
  2.01428628e-03  1.61428575e-02  8.57428562e-02 -9.42857090e-04
  2.40428570e-02 -1.77142872e-03  1.36999995e-02 -3.42714277e-02
  1.13999999e-02 -4.07142851e-03 -1.38428568e-02  2.24285706e-03
  2.76428568e-02 -1.28428570e-02 -6.51714276e-02 -5.27999992e-02
  2.73428577e-02 -3.52857122e-03  4.57142868e-03  1.79999994e-03
 -2.13999998e-02  7.55714266e-03 -1.25999997e-02  2.89142867e-02
 -9.61428545e-03 -1.78571428e-03 -3.51428547e-03 -2.51428573e-02
 -2.22714286e-02 -3.33714290e-02 -8.47142828e-03  6.91428539e-03
 -1.12428574e-02  6.60000063e-03 -3.20999993e-02  3.48999998e-02
  2.71714287e-02  1.03857143e-02 -3.95142854e-02  8.47142936e-03
  4.56571418e-02  1.70857143e-02  2.97428574e-02 -3.42285712e-02
  1.20428575e-02 -8.07142828e-03 -1.78999997e-02  3.28142856e-02
 -2.54142856e-02  1.45857144e-02 -1.40000004e-02 -3.15714282e-03
 -2.80142860e-02  2.98571407e-03  2.27571424e-02  5.71857148e-02
  1.27428577e-02 -1.32142860e-02 -5.84285741e-03  3.57143049e-04
  4.82285716e-02 -2.29999995e-03  2.58857140e-02 -2.97000004e-02
 -9.71428817e-04 -1.76085714e-01  7.58571384e-03 -1.64714287e-02
 -4.13428571e-02 -6.62857148e-03 -8.72857170e-03  3.81714285e-02
  2.67285715e-02  8.88571479e-03 -2.56999994e-02 -3.13571429e-02
  8.39999992e-03 -1.34714286e-02  4.87428565e-02 -3.29999974e-03
 -6.09142857e-02 -2.97428572e-02 -2.43857149e-02 -4.71428569e-04
 -8.18571418e-02  1.32857139e-02  1.73571430e-02 -8.25714275e-03
 -7.37142862e-03 -1.40571426e-02  2.96428579e-02 -6.70142871e-02
  1.41428584e-03 -3.34714287e-02 -2.14142859e-02 -9.90000048e-03
 -2.76142861e-02 -3.31999997e-02 -4.17142867e-03 -5.81571433e-02
  4.14285710e-02  7.81428591e-03  1.60285715e-02 -1.08714283e-02
 -4.83571413e-02  7.62857111e-03  1.28571576e-04  1.04142856e-02
  3.09571425e-02 -3.14571424e-02 -1.50714288e-02  1.27571428e-02
 -1.80285714e-02 -3.00857149e-02  5.27142861e-02 -1.37571432e-02
 -3.05428567e-02 -3.48571436e-02  5.94285716e-03 -1.29285720e-02
 -2.24142854e-02 -1.74714291e-02 -1.01571429e-02 -3.91428571e-02
 -6.39999977e-03 -2.59714288e-02 -6.67142868e-03 -3.98571413e-03
 -3.67142859e-03 -2.30857143e-02 -2.18571438e-02  2.36285708e-02
 -3.21428553e-03 -1.54714284e-02 -1.03428571e-02 -1.51714284e-02
  7.55714266e-03  2.03000001e-02 -1.28571429e-02 -1.27142860e-02
 -3.48857135e-02 -3.78571494e-03 -4.12285704e-02 -3.98714278e-02
 -1.37857149e-02 -3.44714287e-02 -2.75999999e-02 -1.45857149e-02]"
ジョギング,"[-0.033  -0.0165  0.0785  0.0568  0.0354  0.0079 -0.0052 -0.0355  0.0643
  0.0225  0.0336  0.0424 -0.0368  0.0046 -0.0214  0.0871 -0.0399  0.0038
 -0.0306 -0.0267 -0.0391 -0.0113 -0.0897  0.0091 -0.0162  0.0165  0.0335
  0.0596 -0.0333  0.0834  0.039   0.0957  0.0559  0.03    0.003  -0.0079
 -0.0962  0.0287 -0.0121 -0.0201 -0.0306 -0.0685 -0.0023  0.0903  0.0634
 -0.0949  0.0122 -0.0064  0.0881 -0.0172  0.0635 -0.0298  0.0448  0.0174
  0.0751 -0.0979  0.0658 -0.0045  0.0339 -0.0447 -0.0121 -0.0405 -0.0194
 -0.0021  0.0561  0.0797 -0.0134 -0.0018  0.0274 -0.0471  0.0693  0.0535
  0.0834  0.0513  0.0634 -0.0497 -0.0283 -0.0716 -0.0874 -0.0461 -0.0176
  0.0587 -0.0286  0.0275  0.0277  0.0091 -0.0234 -0.0159 -0.0837  0.0259
 -0.0513  0.0115  0.0433  0.0221  0.0324 -0.0555 -0.0778 -0.0517 -0.0486
  0.0108 -0.0128  0.0619 -0.0043 -0.0366 -0.02    0.1049  0.0549 -0.0514
 -0.0181 -0.0048  0.0041 -0.0404  0.0806  0.0122  0.0053 -0.0009 -0.0666
 -0.0362 -0.0017 -0.0406  0.0404  0.0826 -0.0612 -0.002  -0.0671  0.1128
  0.047   0.0563 -0.0087  0.1027  0.0527 -0.0267  0.0302  0.0499  0.0158
  0.1446  0.0397  0.0147 -0.0242 -0.0384  0.0036  0.0712  0.0035 -0.0162
 -0.0009  0.0133  0.0163 -0.0481  0.0462 -0.0045  0.075   0.0393  0.0256
  0.023   0.1003 -0.0128  0.0524  0.0763 -0.0428  0.0045  0.0038 -0.0092
  0.0626 -0.0365  0.0223 -0.0284 -0.1715  0.1493  0.061  -0.0357  0.0338
  0.0469 -0.0584  0.0111 -0.0662  0.0638 -0.052   0.0172  0.0725  0.0427
  0.0516  0.0122 -0.0181  0.0322  0.093   0.0081  0.0132  0.0347  0.0195
 -0.0399 -0.0296 -0.1341  0.0533  0.0464  0.0486 -0.015  -0.0091 -0.0083
  0.0428  0.0516  0.0063  0.0786  0.0207  0.0376  0.02   -0.0141 -0.0829
 -0.0675  0.0709  0.0706 -0.0484  0.0182  0.0247  0.074   0.0627  0.0254
  0.0336 -0.233   0.0534 -0.0732 -0.0291 -0.0073  0.0904 -0.0131  0.107
  0.0624 -0.0539  0.0165 -0.0053  0.0057 -0.0405 -0.0347 -0.1362 -0.0765
 -0.0852 -0.001  -0.1182 -0.0703 -0.0017  0.0264 -0.0449 -0.0036  0.0094
 -0.0859 -0.007  -0.0479 -0.0309 -0.0033  0.0848  0.1174 -0.002  -0.1317
  0.0384  0.0547 -0.     -0.009  -0.0478  0.0243  0.0622  0.0516  0.0048
  0.0111  0.0558  0.0221 -0.0285  0.0419  0.128  -0.0119 -0.0629 -0.0521
 -0.0275 -0.0984 -0.0579  0.0312  0.0262 -0.0073 -0.0493 -0.0734 -0.0194
  0.1148 -0.0174  0.0399 -0.0216 -0.0226 -0.0704 -0.0122  0.0313  0.0108
  0.1117 -0.0501 -0.0218  0.0609  0.0067 -0.0255 -0.0976 -0.1111 -0.0361
 -0.0007 -0.0012 -0.013 ]","[-0.0101     -0.0072      0.0532      0.0212      0.01843333  0.0389
  0.01343333 -0.02833333  0.05836667  0.04083333  0.02063333  0.03356667
 -0.01913333  0.0017     -0.04023333  0.05733333 -0.01473333  0.01703333
 -0.00203333  0.01816667 -0.02503333 -0.03663333 -0.0717     -0.0494
 -0.0075      0.01613333  0.033       0.03886667 -0.0022      0.06576667
  0.04466667  0.07636667  0.0183      0.03093333 -0.01726667 -0.03566667
 -0.04096666  0.02003333 -0.02633333 -0.0127     -0.00353333 -0.0393
 -0.01073333  0.07606667  0.0304     -0.07516667  0.00893333 -0.0109
  0.07653333 -0.0121      0.0593      0.00353333  0.08803334  0.00443333
  0.0723     -0.04753333  0.04513333 -0.04153333  0.02496667 -0.02406667
 -0.0165     -0.03933333 -0.02193333  0.01133333  0.03866667  0.01263333
  0.00256667 -0.01066667 -0.00616667 -0.01123333  0.06416667  0.03476667
  0.03116667  0.02733333  0.00913333 -0.05193333 -0.0011     -0.03696667
 -0.04486667 -0.03973333  0.00226667  0.0603     -0.02436667  0.0133
 -0.02153333 -0.00366667 -0.06546667  0.01443333 -0.05083333  0.0161
 -0.02313333 -0.01813333  0.02536667  0.02626667  0.02993333 -0.06146667
 -0.05786667 -0.0064     -0.04553333 -0.0146     -0.0103      0.0572
  0.02983333 -0.00683333 -0.04166667  0.08866667  0.01713333 -0.0025
 -0.01816667  0.02053333 -0.00136667 -0.028       0.06386667  0.011
 -0.00053333 -0.01993333 -0.07636667  0.01623333 -0.00886667 -0.0012
 -0.00403333  0.05256667 -0.0135     -0.0322     -0.0229      0.05346667
  0.01096667  0.01083333 -0.01943333  0.06183333  0.03483334 -0.02746667
  0.01726667  0.0399      0.00563333  0.14513334 -0.02436667  0.02253333
 -0.0293     -0.0121      0.00856667  0.08823333  0.01683333 -0.01213333
  0.00373333  0.00653333  0.03573333 -0.00866667  0.026      -0.01326667
  0.04423333  0.01686667  0.01483333  0.01193333  0.1168     -0.02076667
  0.02036667  0.04446667 -0.0025     -0.00233333  0.00226667 -0.0185
  0.04176667 -0.01003333  0.01273333 -0.0361     -0.11496667  0.10006666
  0.06056667  0.02703333  0.00096667  0.0322     -0.0177      0.01233333
 -0.02773333  0.0591     -0.0439      0.0335      0.03786667  0.02656667
  0.0093      0.0117      0.00546667  0.06813333  0.06366667 -0.00796667
  0.0336      0.02183333  0.03293333 -0.02686667 -0.03076667 -0.06883334
  0.07596667  0.00833333  0.0391     -0.02213333 -0.0118      0.00456667
 -0.00673333  0.0295     -0.00163333  0.07203333  0.00353333  0.01676667
 -0.02006667  0.01166667 -0.05996667 -0.01513333  0.0362      0.05503333
 -0.0239      0.03213333  0.03166667  0.05796667  0.02333333  0.02783333
  0.02913333 -0.20816666  0.07026667 -0.0759     -0.0281     -0.02173333
  0.0376      0.028       0.05646667  0.06936667 -0.0417      0.01546667
  0.02333333 -0.00056667 -0.0059     -0.01613333 -0.08896667 -0.04066667
 -0.0499      0.0199     -0.10853333 -0.0205     -0.01063333 -0.01453333
 -0.02523333  0.03643333  0.0081     -0.05826667 -0.0025     -0.04343333
 -0.01623333 -0.00856667  0.06203333  0.08953333 -0.03356667 -0.1201
  0.0272      0.04033333  0.01616667  0.0038     -0.05186667  0.0013
  0.0385      0.00263333  0.0247      0.0205      0.02566667  0.02763333
 -0.01963333  0.02623333  0.103      -0.01786667 -0.04526667 -0.01596667
 -0.00163333 -0.0552     -0.0449      0.00513333  0.01486667 -0.0125
 -0.02793333 -0.05083333 -0.02816667  0.06893333 -0.02646667  0.04683333
 -0.03593333  0.0053     -0.05066667 -0.01053333  0.0483     -0.01626667
  0.07666667 -0.03736667 -0.00153333  0.0376     -0.0232     -0.00313333
 -0.1017     -0.1291     -0.0286     -0.01586667 -0.01073333  0.00803333]"
ソメイヨシノ,"[ 5.550e-02 -3.480e-02  1.520e-02 -3.900e-02 -3.100e-03  5.580e-02
  2.910e-02  2.450e-02  1.063e-01  2.670e-02  1.990e-02 -3.400e-02
 -4.290e-02  9.010e-02 -6.090e-02  3.500e-02 -9.200e-03 -1.940e-02
 -7.500e-03  2.400e-03  4.530e-02  9.000e-04 -6.580e-02 -4.200e-03
  2.700e-03  5.690e-02 -4.700e-03  7.320e-02  7.000e-04 -5.290e-02
  4.220e-02 -6.260e-02  3.380e-02  6.300e-03  5.220e-02 -2.430e-02
  2.810e-02  5.790e-02  2.600e-03  5.000e-03 -3.540e-02 -6.450e-02
 -3.820e-02 -4.630e-02  1.700e-02 -1.830e-02 -5.130e-02 -1.630e-02
  4.810e-02 -2.230e-02  8.490e-02 -1.770e-02  2.160e-02  1.370e-02
  1.320e-02  3.400e-02  1.270e-02  2.000e-04  2.930e-02  2.550e-02
 -3.430e-02 -1.660e-02  8.320e-02 -4.900e-03  3.020e-02  3.390e-02
  2.090e-02 -2.890e-02  3.060e-02  9.300e-03  4.030e-02 -6.200e-02
  6.390e-02  6.600e-03 -3.540e-02 -4.620e-02 -5.810e-02  1.290e-02
 -1.200e-02  7.230e-02  6.050e-02 -5.040e-02 -4.430e-02 -6.720e-02
 -8.500e-03 -2.700e-02 -3.150e-02 -1.700e-02  4.320e-02  1.720e-02
 -2.750e-02  1.450e-02 -2.180e-02  1.890e-02 -2.170e-02  2.100e-02
 -5.170e-02 -1.077e-01 -9.000e-03 -5.210e-02  1.340e-02  5.900e-02
 -1.860e-02 -9.800e-03  6.480e-02  7.780e-02  7.000e-04 -4.960e-02
  2.840e-02  7.770e-02 -3.570e-02 -4.930e-02 -2.500e-03 -4.590e-02
  6.600e-03  6.210e-02  8.300e-03  8.000e-04  1.340e-02 -5.350e-02
 -1.900e-02  1.970e-02  7.930e-02 -1.950e-02 -5.750e-02  1.250e-02
  1.119e-01  3.400e-02 -1.510e-02 -6.900e-02 -2.340e-02  6.070e-02
  7.070e-02  7.500e-03  4.020e-02  6.620e-02 -3.840e-02 -9.200e-03
  5.970e-02 -6.640e-02  2.050e-02 -6.990e-02  9.900e-03 -8.000e-03
 -3.700e-03  2.040e-02  7.590e-02 -4.440e-02  5.420e-02 -2.590e-02
  4.460e-02 -1.680e-02 -1.270e-02  9.100e-02  4.240e-02 -3.820e-02
  6.500e-02 -4.750e-02  8.120e-02  1.480e-02 -6.980e-02 -1.130e-02
  9.850e-02 -2.000e-04  1.440e-02 -2.280e-02  1.140e-02  7.100e-03
  7.890e-02 -1.530e-02 -3.130e-02 -2.610e-02 -3.780e-02  1.190e-02
  2.020e-02  8.730e-02  2.200e-03 -3.990e-02  8.600e-03  2.190e-02
 -7.040e-02  3.350e-02  3.700e-03  7.490e-02  9.130e-02  7.980e-02
 -3.680e-02  1.620e-02  3.190e-02 -2.440e-02  3.950e-02 -2.490e-02
  6.100e-03  2.140e-02  3.180e-02 -6.600e-03  2.660e-02 -1.280e-02
 -2.720e-02 -3.800e-02 -2.180e-02  1.540e-02  1.390e-02 -3.830e-02
 -3.770e-02  4.100e-03 -8.600e-03 -3.200e-02  6.400e-03  4.140e-02
  0.000e+00 -1.530e-02  2.370e-02 -6.970e-02  1.100e-02 -4.740e-02
  4.000e-03 -2.230e-01  4.180e-02 -4.350e-02  2.290e-02  3.220e-02
  3.620e-02 -5.560e-02  5.070e-02  3.880e-02  2.470e-02 -8.900e-02
  6.550e-02  2.280e-02 -4.660e-02 -4.910e-02 -3.400e-02 -2.570e-02
  7.630e-02 -9.230e-02 -6.190e-02  2.830e-02 -5.200e-02 -1.860e-02
  3.400e-03 -1.000e-03  8.080e-02 -9.600e-02  3.260e-02 -3.080e-02
  2.280e-02  2.060e-02  2.590e-02  1.230e-02  5.700e-02 -1.016e-01
  1.620e-02 -7.060e-02  1.230e-01  2.190e-02  3.940e-02  7.150e-02
  4.860e-02 -4.670e-02  3.380e-02 -1.740e-02  9.330e-02  5.500e-02
  5.590e-02 -4.330e-02  3.300e-02 -2.820e-02 -9.310e-02  4.500e-03
 -2.940e-02  4.990e-02  4.960e-02 -3.840e-02  7.200e-02 -1.400e-03
 -4.050e-02 -6.060e-02 -3.440e-02  7.010e-02 -5.370e-02  8.800e-03
  1.240e-02 -5.130e-02 -7.900e-03 -3.100e-03  3.250e-02  9.060e-02
  6.220e-02  2.490e-02 -5.740e-02 -1.600e-02 -1.870e-02 -7.500e-03
 -7.360e-02 -4.820e-02  5.760e-02 -3.800e-03  3.560e-02  6.500e-03]","[-0.0061  -0.02895  0.0419  -0.0113  -0.01765  0.0755   0.03205  0.03935
  0.08745  0.0115   0.02335 -0.0308  -0.03495  0.0586  -0.0511   0.04385
 -0.00835  0.00295  0.0004   0.05415  0.054   -0.0207  -0.0825  -0.0298
 -0.00625 -0.01195  0.0005   0.0735   0.0719  -0.00355  0.05085 -0.0485
 -0.01045 -0.0163  -0.0067  -0.0115   0.03505  0.0127  -0.01105  0.01845
 -0.00555 -0.04415 -0.04785 -0.00755  0.00495 -0.02825 -0.0209  -0.04315
  0.04445 -0.0346   0.0191  -0.02185  0.0297   0.02285  0.0039  -0.00315
  0.01195 -0.004    0.01165  0.0188  -0.05255  0.02255  0.0022   0.0242
  0.03485  0.02305  0.0484  -0.00685  0.0337   0.01555  0.00085 -0.0486
  0.02655 -0.00365 -0.0314  -0.01165 -0.06665  0.00975 -0.0791   0.03405
 -0.007    0.0305  -0.04535 -0.0529   0.05195  0.00485 -0.0751  -0.0427
  0.0332   0.05525 -0.04005 -0.016   -0.0026   0.0178  -0.04085 -0.01285
 -0.0649  -0.0552  -0.0286  -0.0252   0.00795  0.0436  -0.0154   0.0158
  0.00635  0.09675  0.01865 -0.0351  -0.0073   0.0634  -0.00265 -0.0143
  0.01005 -0.0646   0.03265  0.0541  -0.0268  -0.0056   0.0009  -0.01705
  0.0102   0.0509   0.0268  -0.0121  -0.05765  0.00675  0.0721  -0.0195
 -0.02315 -0.04635  0.0034  -0.0166   0.08525  0.00795  0.08805  0.0245
 -0.06795  0.0261   0.02505 -0.0637   0.0487  -0.06445 -0.00515  0.01285
  0.02315  0.04665  0.04885 -0.0329   0.02385 -0.0341   0.0612  -0.0079
  0.0179   0.0511   0.06225  0.0179   0.03655 -0.0125   0.0154  -0.0076
 -0.05255 -0.0061   0.096   -0.0024   0.0123  -0.00455 -0.0534   0.0325
  0.0401   0.00825 -0.0262   0.00205 -0.0242   0.0182   0.0476   0.07765
  0.06385 -0.03945  0.01595  0.01895 -0.01795  0.0047  -0.05005  0.0404
  0.09015  0.0662  -0.0453   0.0351   0.05725 -0.01165  0.01835 -0.0114
  0.0005   0.0305   0.0292   0.0246  -0.01235  0.028   -0.06685 -0.00105
 -0.036    0.0539   0.0072  -0.00925 -0.0157  -0.01045 -0.0374  -0.00565
  0.00345  0.04315 -0.00535 -0.0082   0.0363   0.0056   0.0711  -0.05575
 -0.037   -0.23265  0.0006  -0.0597   0.0329  -0.04105  0.0265   0.0046
  0.0691   0.0285   0.04325 -0.04575  0.0659   0.02135  0.02495 -0.0448
 -0.05295  0.0013   0.05745 -0.05165 -0.06225  0.0312  -0.0638   0.03345
 -0.015    0.0178   0.08675 -0.1022   0.0293  -0.04005  0.00085  0.0223
  0.0178   0.0429   0.0135  -0.1213   0.00965 -0.0351   0.1214   0.00455
  0.0122   0.0687   0.06025 -0.01165  0.01655 -0.0223   0.09205  0.0578
  0.0232  -0.0361   0.0052  -0.01705 -0.05895 -0.03305 -0.05505  0.0428
  0.0039  -0.00555  0.11195 -0.00675 -0.0612  -0.05535 -0.0302   0.0475
 -0.0637   0.03005  0.00395 -0.02695  0.0083  -0.04055 -0.02525  0.03465
  0.0469   0.0551  -0.02925 -0.00585 -0.02435  0.0105  -0.11265 -0.07715
  0.00075 -0.0187   0.02105 -0.0003 ]"
ビオトープ,"[ 5.830e-02  8.200e-03  4.700e-03 -7.300e-03  2.500e-03 -3.300e-03
 -4.980e-02  5.140e-02  3.510e-02  1.610e-02  1.030e-02  4.760e-02
  4.820e-02 -1.299e-01 -7.890e-02  6.880e-02  8.840e-02 -8.720e-02
 -7.920e-02 -6.860e-02  2.040e-02  7.080e-02 -6.240e-02 -1.109e-01
 -6.820e-02 -3.530e-02 -5.260e-02 -2.000e-04 -8.410e-02  7.100e-03
  4.400e-03  9.520e-02 -6.310e-02 -6.450e-02 -4.310e-02 -2.200e-03
  9.790e-02 -2.400e-03 -1.880e-02  1.660e-02  7.580e-02 -4.940e-02
 -6.530e-02 -3.440e-02 -6.340e-02  2.560e-02 -4.990e-02 -8.210e-02
 -3.950e-02 -1.400e-02 -3.990e-02 -1.340e-02  9.440e-02 -3.200e-03
 -7.200e-02  1.290e-02  2.000e-04  6.170e-02  6.950e-02 -1.010e-02
 -7.640e-02 -7.900e-03 -2.800e-02  1.220e-02 -1.620e-02 -5.930e-02
  4.880e-02 -1.648e-01 -7.500e-03  3.790e-02  2.110e-02 -1.350e-01
 -1.520e-02  4.890e-02  1.093e-01 -2.000e-02  5.500e-03 -3.470e-02
 -8.200e-03  1.103e-01  5.920e-02  5.210e-02 -4.900e-02  1.390e-02
 -6.290e-02  2.760e-02 -1.520e-01  2.150e-02 -3.880e-02  3.850e-02
  2.200e-03 -6.000e-03  2.450e-02  2.630e-02  3.700e-03 -7.880e-02
 -6.190e-02 -1.320e-02 -3.850e-02  5.030e-02  1.760e-02  6.670e-02
 -1.280e-02  1.177e-01  1.640e-02  1.013e-01 -2.000e-02  1.290e-02
 -2.670e-02  3.640e-02 -3.490e-02 -2.500e-02 -4.000e-03 -6.600e-03
  8.260e-02 -3.590e-02 -7.700e-03 -2.090e-02 -2.570e-02 -2.330e-02
 -4.430e-02  8.830e-02  6.390e-02 -3.500e-02 -4.100e-02  9.850e-02
  8.100e-03 -4.780e-02 -1.350e-02  8.960e-02  7.550e-02 -1.300e-02
  5.590e-02  3.490e-02  1.490e-02  1.514e-01  3.320e-02  1.340e-02
 -4.660e-02  3.200e-03  5.260e-02  6.200e-03  6.830e-02  2.670e-02
 -2.400e-02  8.830e-02 -1.520e-02  9.600e-03 -4.420e-02 -3.320e-02
  8.710e-02  2.050e-02 -1.400e-02  8.020e-02  1.366e-01 -5.450e-02
  2.690e-02  9.200e-03  5.890e-02  3.250e-02 -5.160e-02 -4.140e-02
 -3.730e-02  2.510e-02 -4.220e-02 -8.230e-02 -4.400e-03 -1.800e-03
  4.540e-02  7.390e-02 -6.680e-02 -2.970e-02  9.580e-02  1.756e-01
  6.700e-03  7.170e-02  1.084e-01 -3.040e-02  1.420e-02 -4.570e-02
  3.930e-02  1.870e-02 -4.320e-02  5.980e-02  6.000e-02  8.300e-03
 -1.018e-01  3.260e-02 -3.210e-02 -5.460e-02  7.610e-02 -3.730e-02
  5.070e-02 -1.020e-02 -8.100e-03  3.650e-02  4.880e-02 -4.790e-02
 -1.800e-03 -8.700e-03 -2.080e-02  1.242e-01 -5.000e-04  6.040e-02
 -8.870e-02  5.900e-02 -1.800e-02  5.330e-02 -2.010e-02  6.290e-02
 -6.940e-02 -6.670e-02  6.200e-03  1.420e-02  7.270e-02 -5.300e-02
  8.750e-02 -2.508e-01 -9.590e-02 -5.140e-02 -9.100e-03 -4.340e-02
  2.030e-02  4.640e-02 -8.250e-02 -3.510e-02  1.340e-02  2.940e-02
  1.329e-01 -3.100e-03  3.140e-02  9.520e-02 -5.310e-02 -1.610e-02
  1.170e-02  8.610e-02 -9.540e-02  6.560e-02  3.980e-02 -1.086e-01
  4.500e-03  2.030e-02  1.152e-01 -9.580e-02  4.520e-02 -3.810e-02
 -5.010e-02 -3.630e-02  7.080e-02 -7.770e-02  3.810e-02 -1.328e-01
  4.720e-02  5.550e-02  4.490e-02  3.890e-02 -1.520e-02  4.360e-02
 -6.890e-02 -6.910e-02  1.550e-02  1.400e-03  1.040e-02 -1.440e-02
 -2.850e-02 -5.360e-02  8.270e-02 -4.450e-02 -2.079e-01 -1.642e-01
  1.810e-02 -7.540e-02  5.740e-02 -2.700e-03 -1.120e-01  1.490e-02
  3.500e-03 -9.000e-03 -2.880e-02  5.230e-02 -6.530e-02 -1.740e-02
  1.000e-02  7.810e-02  2.360e-02  2.030e-02 -2.530e-02 -4.620e-02
 -1.690e-02  6.580e-02  7.500e-03 -5.240e-02 -3.620e-02  4.160e-02
 -1.125e-01  3.890e-02  3.510e-02 -1.720e-02  4.180e-02  1.210e-02]","[ 5.82999997e-02  8.20000004e-03  4.69999993e-03 -7.30000017e-03
  2.49999994e-03 -3.29999998e-03 -4.98000011e-02  5.13999984e-02
  3.51000018e-02  1.61000006e-02  1.03000002e-02  4.76000011e-02
  4.82000001e-02 -1.29899994e-01 -7.89000019e-02  6.88000023e-02
  8.83999988e-02 -8.72000009e-02 -7.91999996e-02 -6.85999990e-02
  2.04000007e-02  7.07999989e-02 -6.23999983e-02 -1.10900000e-01
 -6.81999996e-02 -3.53000015e-02 -5.26000001e-02 -1.99999995e-04
 -8.41000006e-02  7.10000005e-03  4.39999998e-03  9.52000022e-02
 -6.31000027e-02 -6.44999966e-02 -4.30999994e-02 -2.19999999e-03
  9.79000032e-02 -2.40000011e-03 -1.87999997e-02  1.65999997e-02
  7.58000016e-02 -4.94000018e-02 -6.53000027e-02 -3.44000012e-02
 -6.34000003e-02  2.55999994e-02 -4.98999991e-02 -8.20999965e-02
 -3.95000018e-02 -1.40000004e-02 -3.99000011e-02 -1.33999996e-02
  9.44000036e-02 -3.19999992e-03 -7.19999969e-02  1.29000004e-02
  1.99999995e-04  6.17000014e-02  6.94999993e-02 -1.00999996e-02
 -7.63999969e-02 -7.89999962e-03 -2.80000009e-02  1.21999998e-02
 -1.62000004e-02 -5.93000017e-02  4.87999991e-02 -1.64800003e-01
 -7.49999983e-03  3.79000008e-02  2.10999995e-02 -1.35000005e-01
 -1.52000003e-02  4.89000008e-02  1.09300002e-01 -1.99999996e-02
  5.49999997e-03 -3.46999988e-02 -8.20000004e-03  1.10299997e-01
  5.92000000e-02  5.20999990e-02 -4.89999987e-02  1.38999997e-02
 -6.28999993e-02  2.75999997e-02 -1.51999995e-01  2.15000007e-02
 -3.88000011e-02  3.84999998e-02  2.19999999e-03 -6.00000005e-03
  2.44999994e-02  2.63000000e-02  3.70000000e-03 -7.88000003e-02
 -6.19000010e-02 -1.31999999e-02 -3.84999998e-02  5.02999984e-02
  1.75999999e-02  6.66999966e-02 -1.27999997e-02  1.17700003e-01
  1.64000001e-02  1.01300001e-01 -1.99999996e-02  1.29000004e-02
 -2.66999993e-02  3.64000015e-02 -3.48999985e-02 -2.50000004e-02
 -4.00000019e-03 -6.59999996e-03  8.25999975e-02 -3.59000005e-02
 -7.69999996e-03 -2.08999999e-02 -2.56999992e-02 -2.32999995e-02
 -4.43000011e-02  8.82999972e-02  6.39000013e-02 -3.50000001e-02
 -4.10000011e-02  9.84999985e-02  8.10000021e-03 -4.78000008e-02
 -1.35000004e-02  8.95999968e-02  7.54999965e-02 -1.30000003e-02
  5.59000000e-02  3.48999985e-02  1.48999998e-02  1.51400000e-01
  3.31999995e-02  1.33999996e-02 -4.65999991e-02  3.19999992e-03
  5.26000001e-02  6.20000018e-03  6.83000013e-02  2.66999993e-02
 -2.40000002e-02  8.82999972e-02 -1.52000003e-02  9.60000046e-03
 -4.41999994e-02 -3.31999995e-02  8.70999992e-02  2.05000006e-02
 -1.40000004e-02  8.02000016e-02  1.36600003e-01 -5.44999987e-02
  2.69000009e-02  9.20000020e-03  5.88999987e-02  3.24999988e-02
 -5.16000018e-02 -4.14000005e-02 -3.73000018e-02  2.51000002e-02
 -4.21999991e-02 -8.22999999e-02 -4.39999998e-03 -1.79999997e-03
  4.54000011e-02  7.38999993e-02 -6.67999983e-02 -2.96999998e-02
  9.57999974e-02  1.75600007e-01  6.69999979e-03  7.16999993e-02
  1.08400002e-01 -3.04000005e-02  1.42000001e-02 -4.56999987e-02
  3.92999984e-02  1.86999999e-02 -4.32000011e-02  5.97999990e-02
  5.99999987e-02  8.29999987e-03 -1.01800002e-01  3.26000005e-02
 -3.20999995e-02 -5.46000004e-02  7.60999992e-02 -3.73000018e-02
  5.07000014e-02 -1.02000004e-02 -8.10000021e-03  3.64999995e-02
  4.87999991e-02 -4.78999987e-02 -1.79999997e-03 -8.70000012e-03
 -2.08000001e-02  1.24200001e-01 -5.00000024e-04  6.04000017e-02
 -8.86999965e-02  5.90000004e-02 -1.79999992e-02  5.33000007e-02
 -2.00999994e-02  6.28999993e-02 -6.93999976e-02 -6.66999966e-02
  6.20000018e-03  1.42000001e-02  7.27000013e-02 -5.29999994e-02
  8.74999985e-02 -2.50800014e-01 -9.58999991e-02 -5.13999984e-02
 -9.10000037e-03 -4.34000008e-02  2.03000009e-02  4.63999994e-02
 -8.25000033e-02 -3.51000018e-02  1.33999996e-02  2.94000003e-02
  1.32900000e-01 -3.10000009e-03  3.13999988e-02  9.52000022e-02
 -5.31000011e-02 -1.61000006e-02  1.16999997e-02  8.60999972e-02
 -9.53999981e-02  6.56000003e-02  3.97999994e-02 -1.08599998e-01
  4.49999981e-03  2.03000009e-02  1.15199998e-01 -9.57999974e-02
  4.52000014e-02 -3.81000005e-02 -5.00999987e-02 -3.62999998e-02
  7.07999989e-02 -7.76999965e-02  3.81000005e-02 -1.32799998e-01
  4.72000018e-02  5.55000007e-02  4.49000001e-02  3.88999991e-02
 -1.52000003e-02  4.36000004e-02 -6.88999966e-02 -6.91000000e-02
  1.54999997e-02  1.39999995e-03  1.04000000e-02 -1.43999998e-02
 -2.85000000e-02 -5.35999984e-02  8.26999992e-02 -4.45000008e-02
 -2.07900003e-01 -1.64199993e-01  1.81000009e-02 -7.54000023e-02
  5.73999994e-02 -2.70000007e-03 -1.12000003e-01  1.48999998e-02
  3.50000011e-03 -8.99999961e-03 -2.87999995e-02  5.22999987e-02
 -6.53000027e-02 -1.74000002e-02  9.99999978e-03  7.81000033e-02
  2.36000009e-02  2.03000009e-02 -2.52999999e-02 -4.61999997e-02
 -1.68999992e-02  6.58000037e-02  7.49999983e-03 -5.24000004e-02
 -3.62000018e-02  4.16000001e-02 -1.12499997e-01  3.88999991e-02
  3.51000018e-02 -1.72000006e-02  4.17999998e-02  1.20999999e-02]"
カップル,"[ 1.360e-02  2.170e-02  8.580e-02  1.440e-02  8.920e-02 -7.100e-03
  9.150e-02 -5.140e-02 -8.270e-02  7.840e-02  2.700e-02  3.080e-02
 -1.520e-01 -5.080e-02 -1.053e-01  9.510e-02 -2.050e-02  4.440e-02
 -7.570e-02  2.780e-02 -7.990e-02  2.390e-02 -8.600e-02  4.050e-02
  1.410e-01  1.065e-01  1.203e-01  5.010e-02 -4.600e-03  1.349e-01
  9.000e-02  1.209e-01  9.200e-02 -2.000e-02  7.260e-02 -6.900e-02
  2.070e-02 -4.060e-02  5.830e-02  1.150e-02  5.720e-02 -1.830e-02
 -5.670e-02  8.350e-02  3.140e-02 -5.970e-02 -3.000e-04 -9.000e-04
  2.420e-02 -2.240e-02  4.510e-02 -8.660e-02 -2.150e-02  9.460e-02
  2.610e-02  1.652e-01 -8.330e-02  1.140e-02 -9.600e-02 -1.490e-02
 -4.140e-02  9.700e-03  8.420e-02  4.720e-02  3.690e-02  1.289e-01
 -5.280e-02  4.100e-02 -9.210e-02  2.900e-03  1.600e-02 -3.140e-02
 -1.241e-01  2.470e-02 -1.380e-02 -1.527e-01 -9.060e-02  3.960e-02
 -5.800e-02  3.250e-02 -1.940e-02 -9.010e-02  6.000e-04  4.750e-02
 -2.190e-02  5.290e-02 -9.750e-02  8.370e-02  8.500e-03 -6.920e-02
 -3.830e-02  1.880e-02  5.500e-02 -1.310e-02  8.310e-02  1.830e-02
 -5.650e-02 -5.000e-04 -4.190e-02  2.970e-02 -6.900e-03  9.950e-02
  4.370e-02  1.160e-02 -8.710e-02  1.018e-01 -6.800e-03 -3.930e-02
 -6.040e-02  1.650e-01 -7.590e-02 -3.270e-02 -2.560e-02 -4.400e-02
  9.450e-02  7.410e-02 -6.380e-02  3.730e-02  6.560e-02 -7.000e-03
 -1.091e-01 -1.020e-02  5.740e-02 -5.370e-02  4.540e-02 -7.600e-02
  5.620e-02  9.600e-02 -3.540e-02  2.760e-02  3.220e-02  3.830e-02
  6.670e-02  8.250e-02  9.430e-02  9.020e-02  1.550e-02  1.046e-01
  3.370e-02  5.740e-02  8.500e-03 -6.990e-02  9.490e-02  2.800e-02
  8.280e-02  3.830e-02 -2.450e-02 -2.310e-02  5.630e-02  4.980e-02
 -9.430e-02 -3.400e-02  2.780e-02  1.175e-01  9.450e-02  1.007e-01
  7.370e-02  4.440e-02 -3.490e-02 -8.030e-02  4.410e-02 -5.680e-02
 -1.093e-01  6.870e-02  2.380e-02 -8.680e-02 -1.322e-01 -1.410e-01
  9.630e-02  9.880e-02  5.410e-02  1.141e-01  7.620e-02  5.830e-02
  4.090e-02 -3.620e-02 -3.710e-02  3.530e-02  5.800e-03  2.030e-02
 -7.800e-03 -1.740e-02 -1.510e-02 -5.890e-02 -4.540e-02 -1.010e-01
 -1.570e-02  4.050e-02  1.135e-01  1.410e-02  1.000e-04 -3.620e-02
  1.185e-01 -1.630e-02  7.290e-02 -2.020e-02  2.320e-02 -8.690e-02
 -7.100e-03  1.897e-01  3.870e-02  1.300e-02  3.380e-02  5.710e-02
 -5.050e-02 -5.870e-02  5.000e-04 -3.290e-02  9.600e-02 -6.180e-02
 -7.370e-02 -4.940e-02  9.060e-02 -5.630e-02 -8.300e-02  2.010e-02
 -1.107e-01 -2.739e-01 -3.030e-02  6.000e-03 -6.320e-02 -4.370e-02
  8.080e-02  3.920e-02 -2.570e-02 -1.260e-02 -3.090e-02 -1.630e-02
 -1.990e-02  8.640e-02  3.660e-02 -6.100e-03 -1.224e-01  4.280e-02
  4.260e-02 -6.200e-02 -1.522e-01  6.180e-02  2.050e-02 -9.610e-02
 -5.240e-02  5.710e-02  8.930e-02 -1.164e-01  5.090e-02 -5.810e-02
 -6.600e-02 -1.180e-02 -3.590e-02 -6.430e-02 -7.630e-02 -7.400e-02
  7.310e-02 -4.800e-03 -1.550e-02 -5.780e-02 -5.970e-02  2.860e-02
 -6.600e-03  4.640e-02 -4.760e-02 -7.440e-02 -3.810e-02 -1.550e-02
  9.570e-02 -2.860e-02  1.396e-01 -4.320e-02 -3.250e-02 -6.900e-02
 -1.660e-02 -3.060e-02 -5.470e-02 -1.740e-01  3.500e-03 -6.830e-02
 -7.800e-03 -1.050e-02 -1.658e-01  1.490e-02 -5.700e-02 -2.950e-02
 -7.500e-03  2.700e-03  1.187e-01 -9.140e-02  1.400e-03  3.760e-02
  3.920e-02 -2.600e-02 -6.190e-02 -1.111e-01 -3.160e-02 -1.123e-01
 -3.780e-02 -5.980e-02 -8.900e-03 -6.430e-02  7.300e-03 -6.270e-02]","[ 1.36000002e-02  2.17000004e-02  8.57999995e-02  1.43999998e-02
  8.91999975e-02 -7.10000005e-03  9.14999992e-02 -5.13999984e-02
 -8.26999992e-02  7.84000009e-02  2.70000007e-02  3.07999998e-02
 -1.51999995e-01 -5.07999994e-02 -1.05300002e-01  9.51000005e-02
 -2.05000006e-02  4.43999991e-02 -7.56999999e-02  2.77999993e-02
 -7.98999965e-02  2.39000004e-02 -8.60000029e-02  4.05000001e-02
  1.41000003e-01  1.06500000e-01  1.20300002e-01  5.00999987e-02
 -4.60000010e-03  1.34900004e-01  9.00000036e-02  1.20899998e-01
  9.20000002e-02 -1.99999996e-02  7.25999996e-02 -6.89999983e-02
  2.07000002e-02 -4.06000018e-02  5.82999997e-02  1.15000000e-02
  5.71999997e-02 -1.83000006e-02 -5.66999987e-02  8.34999979e-02
  3.13999988e-02 -5.97000010e-02 -3.00000014e-04 -8.99999985e-04
  2.41999999e-02 -2.23999992e-02  4.50999998e-02 -8.65999982e-02
 -2.15000007e-02  9.45999995e-02  2.61000004e-02  1.65199995e-01
 -8.33000019e-02  1.14000002e-02 -9.60000008e-02 -1.48999998e-02
 -4.14000005e-02  9.70000029e-03  8.42000023e-02  4.72000018e-02
  3.68999988e-02  1.28900006e-01 -5.27999997e-02  4.10000011e-02
 -9.21000019e-02  2.89999996e-03  1.60000008e-02 -3.13999988e-02
 -1.24100000e-01  2.47000009e-02 -1.37999998e-02 -1.52700007e-01
 -9.05999988e-02  3.95999998e-02 -5.79999983e-02  3.24999988e-02
 -1.94000006e-02 -9.00999978e-02  6.00000028e-04  4.74999994e-02
 -2.19000001e-02  5.29000014e-02 -9.74999964e-02  8.37000012e-02
  8.50000046e-03 -6.92000017e-02 -3.83000001e-02  1.87999997e-02
  5.49999997e-02 -1.31000001e-02  8.30999985e-02  1.83000006e-02
 -5.64999990e-02 -5.00000024e-04 -4.19000015e-02  2.96999998e-02
 -6.89999992e-03  9.95000005e-02  4.36999984e-02  1.15999999e-02
 -8.70999992e-02  1.01800002e-01 -6.80000009e-03 -3.92999984e-02
 -6.04000017e-02  1.65000007e-01 -7.59000033e-02 -3.26999985e-02
 -2.55999994e-02 -4.39999998e-02  9.44999978e-02  7.41000026e-02
 -6.37999997e-02  3.73000018e-02  6.56000003e-02 -7.00000022e-03
 -1.09099999e-01 -1.02000004e-02  5.73999994e-02 -5.37000000e-02
  4.54000011e-02 -7.59999976e-02  5.62000014e-02  9.60000008e-02
 -3.53999995e-02  2.75999997e-02  3.22000012e-02  3.83000001e-02
  6.66999966e-02  8.25000033e-02  9.43000019e-02  9.01999995e-02
  1.54999997e-02  1.04599997e-01  3.37000005e-02  5.73999994e-02
  8.50000046e-03 -6.98999986e-02  9.48999971e-02  2.80000009e-02
  8.28000009e-02  3.83000001e-02 -2.44999994e-02 -2.30999999e-02
  5.62999994e-02  4.98000011e-02 -9.43000019e-02 -3.40000018e-02
  2.77999993e-02  1.17500000e-01  9.44999978e-02  1.00699998e-01
  7.37000033e-02  4.43999991e-02 -3.48999985e-02 -8.03000033e-02
  4.41000015e-02 -5.68000004e-02 -1.09300002e-01  6.87000006e-02
  2.38000005e-02 -8.68000016e-02 -1.32200003e-01 -1.41000003e-01
  9.62999985e-02  9.88000035e-02  5.40999994e-02  1.14100002e-01
  7.62000009e-02  5.82999997e-02  4.08999994e-02 -3.62000018e-02
 -3.70999984e-02  3.53000015e-02  5.79999993e-03  2.03000009e-02
 -7.79999979e-03 -1.74000002e-02 -1.51000004e-02 -5.88999987e-02
 -4.54000011e-02 -1.01000004e-01 -1.56999994e-02  4.05000001e-02
  1.13499999e-01  1.41000003e-02  9.99999975e-05 -3.62000018e-02
  1.18500002e-01 -1.63000003e-02  7.28999972e-02 -2.01999992e-02
  2.31999997e-02 -8.69000033e-02 -7.10000005e-03  1.89700007e-01
  3.86999995e-02  1.30000003e-02  3.37999985e-02  5.71000017e-02
 -5.05000018e-02 -5.86999990e-02  5.00000024e-04 -3.29000019e-02
  9.60000008e-02 -6.17999993e-02 -7.37000033e-02 -4.94000018e-02
  9.05999988e-02 -5.62999994e-02 -8.29999968e-02  2.00999994e-02
 -1.10699996e-01 -2.73900002e-01 -3.03000007e-02  6.00000005e-03
 -6.31999969e-02 -4.36999984e-02  8.07999969e-02  3.92000005e-02
 -2.56999992e-02 -1.26000000e-02 -3.08999997e-02 -1.63000003e-02
 -1.98999997e-02  8.64000022e-02  3.66000012e-02 -6.09999988e-03
 -1.22400001e-01  4.28000018e-02  4.25999984e-02 -6.19999990e-02
 -1.52199998e-01  6.17999993e-02  2.05000006e-02 -9.61000025e-02
 -5.24000004e-02  5.71000017e-02  8.92999992e-02 -1.16400003e-01
  5.09000011e-02 -5.81000000e-02 -6.59999996e-02 -1.18000004e-02
 -3.59000005e-02 -6.43000007e-02 -7.63000026e-02 -7.40000010e-02
  7.31000006e-02 -4.80000023e-03 -1.54999997e-02 -5.77999987e-02
 -5.97000010e-02  2.85999998e-02 -6.59999996e-03  4.63999994e-02
 -4.76000011e-02 -7.44000003e-02 -3.81000005e-02 -1.54999997e-02
  9.57000032e-02 -2.85999998e-02  1.39599994e-01 -4.32000011e-02
 -3.24999988e-02 -6.89999983e-02 -1.65999997e-02 -3.06000002e-02
 -5.46999983e-02 -1.73999995e-01  3.50000011e-03 -6.83000013e-02
 -7.79999979e-03 -1.04999999e-02 -1.65800005e-01  1.48999998e-02
 -5.70000000e-02 -2.95000002e-02 -7.49999983e-03  2.70000007e-03
  1.18699998e-01 -9.13999975e-02  1.39999995e-03  3.75999995e-02
  3.92000005e-02 -2.60000005e-02 -6.19000010e-02 -1.11100003e-01
 -3.15999985e-02 -1.12300001e-01 -3.77999991e-02 -5.97999990e-02
 -8.89999978e-03 -6.43000007e-02  7.30000017e-03 -6.27000034e-02]"
オブジェ,"[-3.310e-02 -4.280e-02  1.560e-01 -1.600e-03  1.330e-02  6.000e-03
 -9.940e-02 -9.820e-02 -1.778e-01  7.040e-02  6.720e-02  6.440e-02
  1.036e-01  6.000e-04 -6.870e-02 -1.000e-04 -2.700e-03 -5.270e-02
 -5.120e-02 -4.190e-02  1.900e-03 -6.300e-03 -4.580e-02  9.900e-03
  1.390e-02  6.200e-03 -4.310e-02 -2.570e-02 -1.787e-01  2.100e-03
 -1.170e-02  4.160e-02 -4.960e-02 -8.000e-03  2.520e-02  6.200e-02
  1.850e-02 -8.110e-02  3.810e-02  5.170e-02  3.200e-02  3.050e-02
  2.190e-02  2.770e-02  1.210e-02  8.000e-03  2.650e-02  4.030e-02
  9.960e-02 -1.410e-02  2.790e-02  3.320e-02  4.290e-02 -9.800e-03
 -1.140e-02  2.800e-03  4.900e-02 -1.460e-02 -2.580e-02  1.140e-02
 -5.330e-02 -4.400e-02  6.150e-02  1.277e-01 -1.790e-02 -9.200e-03
 -3.200e-03 -5.620e-02  3.020e-02  9.400e-03  5.200e-03 -9.730e-02
 -3.980e-02  5.020e-02  2.480e-02 -1.259e-01 -8.150e-02 -4.700e-03
 -1.199e-01  6.400e-02  1.236e-01 -8.900e-03 -3.930e-02  3.400e-03
  9.300e-03  3.000e-04  1.210e-02 -1.530e-02  1.460e-02 -7.320e-02
 -9.580e-02  1.010e-02 -9.000e-04  6.480e-02 -2.000e-04 -7.880e-02
 -4.130e-02 -2.660e-02  2.980e-02 -6.880e-02  7.790e-02  1.148e-01
 -2.130e-02 -2.060e-02 -2.680e-02  4.290e-02 -6.600e-03  1.080e-02
  9.300e-03 -2.120e-02 -1.178e-01 -3.550e-02  5.640e-02  4.790e-02
  6.100e-02  1.298e-01 -6.760e-02 -1.680e-02  7.610e-02 -1.399e-01
 -2.570e-02  6.680e-02  5.470e-02  5.810e-02 -5.450e-02  3.530e-02
 -1.010e-01  6.400e-03 -3.500e-02  6.520e-02  6.400e-02 -6.480e-02
  1.434e-01 -4.080e-02  4.310e-02  1.103e-01  5.520e-02  8.730e-02
  6.410e-02  4.400e-02  5.390e-02 -5.910e-02  1.250e-02  4.370e-02
  3.750e-02  1.400e-02 -4.830e-02 -1.440e-02  2.860e-02 -3.170e-02
  5.770e-02  5.350e-02  4.500e-03  8.210e-02  4.860e-02 -1.378e-01
 -1.710e-02 -2.140e-02  5.640e-02  2.720e-02  2.580e-02 -6.650e-02
 -5.660e-02 -8.620e-02  1.441e-01  2.730e-02  6.960e-02 -2.542e-01
 -2.450e-02  7.240e-02  2.070e-02  3.620e-02  8.400e-03 -4.520e-02
 -1.457e-01 -5.120e-02  5.180e-02 -6.290e-02  1.426e-01  3.450e-02
  3.270e-02 -5.410e-02  2.980e-02 -2.000e-03 -3.560e-02  1.810e-02
  1.440e-02  1.980e-02  4.150e-02  2.800e-03 -3.640e-02 -9.400e-02
  8.730e-02 -1.460e-02  2.820e-02  6.030e-02 -7.800e-03  8.520e-02
 -2.630e-02  1.350e-02 -1.440e-02  3.760e-02 -4.720e-02  3.500e-03
 -6.140e-02  4.450e-02  4.020e-02 -1.630e-02 -3.140e-02 -4.570e-02
 -3.450e-02  2.990e-02  6.100e-02 -2.000e-03  7.200e-02 -5.140e-02
 -4.010e-02 -2.373e-01 -4.000e-03  5.800e-02 -9.700e-02 -2.870e-02
  2.290e-02 -2.450e-02  5.500e-03 -2.650e-02  3.390e-02 -3.000e-03
  8.070e-02  4.810e-02  6.210e-02  3.560e-02 -1.504e-01 -8.030e-02
  3.540e-02  2.510e-02 -1.129e-01  7.480e-02 -5.890e-02 -1.610e-02
  5.870e-02 -2.180e-02  8.500e-02 -8.750e-02  3.140e-02 -7.930e-02
 -3.930e-02  8.490e-02  3.010e-02 -8.750e-02  2.010e-02 -1.372e-01
  6.020e-02 -4.230e-02 -2.050e-02 -2.530e-02  4.670e-02  7.640e-02
  5.240e-02 -1.130e-01  3.960e-02 -8.600e-03  4.400e-02  5.400e-02
 -1.650e-02 -7.730e-02  9.890e-02 -3.770e-02  2.470e-02  3.800e-03
  1.030e-02  1.790e-02 -1.750e-02  1.010e-02 -1.400e-02  6.900e-03
  1.680e-02 -1.063e-01  1.750e-02 -1.620e-02  4.320e-02 -5.010e-02
 -1.599e-01  6.530e-02  2.100e-03 -1.118e-01  5.920e-02 -1.990e-02
 -4.200e-03  1.400e-03  3.510e-02 -1.570e-02 -8.430e-02  5.790e-02
  3.510e-02 -1.000e-01  7.580e-02 -5.480e-02 -1.420e-02 -5.280e-02]","[-0.02538462 -0.00956923  0.14892308  0.01538462  0.04533846 -0.00649231
  0.01316154 -0.01705385 -0.04559231  0.05764615  0.06423077  0.02416923
  0.00806154  0.01786154 -0.05264615  0.04215385  0.01165385 -0.02229231
 -0.03926154  0.00122308  0.03002308  0.01369231 -0.00474615 -0.02002308
  0.00923077 -0.01727692  0.0126      0.03713077 -0.03509231 -0.02590769
 -0.01726154  0.02289231  0.00468462 -0.00329231  0.03906154  0.0253
  0.01356154 -0.01017692 -0.03749231  0.03877692 -0.00720769  0.03889231
 -0.04464615  0.01251538 -0.01112308 -0.06456154 -0.00295385 -0.01548461
  0.04536154  0.00115385  0.00133846  0.02497692  0.03689231 -0.00356154
 -0.01207692  0.00927692  0.02513846 -0.01189231  0.01616154  0.00063077
 -0.0125     -0.05128462 -0.00696154  0.02921539  0.01004615  0.02767692
  0.00553077  0.00900769 -0.0374      0.06317692  0.01270769 -0.00589231
 -0.00606154  0.00550769 -0.00557692 -0.06516923 -0.01794615 -0.00912308
 -0.04763846  0.0151      0.02333077 -0.00493846 -0.02323077  0.00956154
  0.01379231  0.01413077 -0.00563077  0.01683077  0.00934615 -0.02732308
 -0.01388462 -0.01166154  0.01653077  0.04197692 -0.00387692 -0.01390769
 -0.03711538 -0.02246154  0.0037     -0.04065385  0.00862308  0.09122308
 -0.00556154  0.02138462 -0.00646154  0.04557692  0.00204615 -0.02833846
  0.01139231  0.00134615 -0.10322308  0.03523077  0.02471538  0.00214615
  0.00709231  0.01220769 -0.01154615  0.01619231  0.06605385 -0.0294
 -0.02009231  0.01614615  0.04463077  0.03817692 -0.03383846 -0.00826923
 -0.02931538  0.01912308  0.03724615  0.04505385  0.02064615 -0.01219231
  0.00900769 -0.0012      0.00023077 -0.00185385  0.01479231  0.04263846
  0.02485385  0.01205385  0.00957692  0.0153      0.028       0.00165385
  0.06308462  0.01313846 -0.00286154 -0.00659231  0.00610769 -0.02838462
  0.02010769  0.01499231  0.02490769  0.00833077  0.05281538 -0.02042308
 -0.00220769 -0.02204615  0.01519231  0.02677692 -0.00294615 -0.02936923
 -0.02044615 -0.03436923  0.05128462 -0.01391538 -0.02673077 -0.07003077
  0.01976923 -0.02244615  0.00259231  0.01667692 -0.01595385  0.00596154
 -0.03243846 -0.00231538  0.01435385 -0.00906923  0.0049     -0.01516923
 -0.01780769 -0.03492308  0.00080769  0.00171538 -0.01314615 -0.02148461
 -0.02376154  0.06421538 -0.01263077 -0.01743077 -0.02801538 -0.0133
  0.06945385 -0.00216154  0.0592      0.01831539  0.00467692 -0.00133077
  0.00749231  0.0138     -0.00497692  0.01756154 -0.0007      0.02186154
 -0.03385385 -0.00551538  0.01600769  0.03012308  0.00662308 -0.01328462
 -0.00899231  0.03315385  0.03693077  0.00752308  0.04262308 -0.0278
  0.00296923 -0.2227     -0.00745385 -0.0339     -0.03286154  0.01929231
 -0.00754615  0.03204615  0.00219231 -0.00023077  0.01735385 -0.01123077
  0.03253077  0.01790769  0.01303846 -0.01659231 -0.12553077 -0.01930769
  0.00722308 -0.00857692 -0.12342308  0.02251539 -0.00222308 -0.0021
  0.02505385 -0.01689231  0.00780769 -0.07042308  0.00917692 -0.05757692
 -0.01485385 -0.01217692  0.00086154 -0.11260769  0.00317692 -0.11148461
  0.04138462  0.00465385  0.03975385 -0.01893077 -0.00823846  0.04474615
  0.01289231 -0.0018      0.02574615 -0.04334615 -0.00929231 -0.01321538
 -0.03593846 -0.00726923  0.08756154  0.01145385 -0.00494615  0.03563846
  0.01606154 -0.01268461 -0.00627692 -0.00131538  0.00128462 -0.01879231
  0.01750769 -0.02294615 -0.03052308 -0.00384615  0.04840769 -0.02325385
 -0.03978462  0.00886154  0.00461538 -0.00475385 -0.01777692  0.00065385
 -0.00053077  0.02633846  0.00910769  0.01338462 -0.07041538 -0.00839231
  0.02479231 -0.02043846  0.0149     -0.03415385  0.01743846 -0.0343    ]"
カフェ,"[-0.1654 -0.0431  0.2593  0.0237  0.0453 -0.032   0.0654  0.0333 -0.0822
  0.0793  0.0521  0.0469 -0.0496 -0.1248 -0.1501  0.1166  0.0051 -0.107
 -0.0385 -0.1183  0.0038  0.0163 -0.0505 -0.0763 -0.0221 -0.1204  0.0041
  0.1701  0.0596  0.0845  0.0466  0.0298 -0.0111 -0.1099  0.0568  0.0009
  0.0257 -0.0802  0.     -0.0066  0.0926  0.0871  0.0006 -0.0412 -0.0007
 -0.2218 -0.0305 -0.0653  0.1904 -0.0793  0.0565  0.191   0.0286 -0.1493
 -0.0632  0.0287  0.0111 -0.0555 -0.0591 -0.0027 -0.1069 -0.0959 -0.134
  0.0193 -0.0618 -0.0197  0.0198  0.1063  0.0267  0.1107 -0.0186  0.0794
 -0.0921 -0.0395  0.0309 -0.1293  0.0266  0.0006 -0.156  -0.0766  0.1184
  0.0627 -0.0493 -0.0651  0.1371  0.0117 -0.0975  0.0401 -0.0371  0.0854
  0.0299 -0.1171 -0.1051 -0.0583  0.041  -0.097  -0.0823  0.0108 -0.1281
 -0.088  -0.1099  0.1688 -0.0043  0.0161 -0.0288  0.1284 -0.0444 -0.2208
 -0.1517  0.0332 -0.1028  0.1129  0.1769 -0.0044  0.0682  0.1068 -0.0686
  0.0135  0.1607  0.0351  0.049   0.035   0.1244  0.0957  0.0275  0.0166
  0.0037  0.0273 -0.0901  0.0486  0.0844 -0.0639  0.0204  0.0196  0.1853
  0.1647 -0.0241  0.0844 -0.0058 -0.0779 -0.0334  0.0268  0.1889 -0.0772
  0.1714  0.1742 -0.0114 -0.0539 -0.0489 -0.0947 -0.076  -0.0005  0.0256
 -0.1179  0.1052  0.0713  0.0519  0.159   0.0384  0.0284 -0.0249  0.0381
  0.0018 -0.0406 -0.0194  0.0261 -0.0715 -0.1781  0.1136 -0.1158 -0.0274
  0.0516  0.0365  0.0231 -0.1629  0.0413  0.0291 -0.038  -0.0015 -0.0441
 -0.0203 -0.1667  0.0239  0.0484  0.0008 -0.0642 -0.1155  0.0255  0.0162
 -0.0912 -0.0127 -0.0415  0.0814  0.0395  0.104   0.1052  0.0311 -0.1237
  0.0696  0.0286 -0.0432 -0.0552  0.0144  0.0038 -0.1067 -0.0203  0.0263
  0.0684 -0.0222  0.0168  0.0369  0.0852  0.0743 -0.0488  0.2033  0.0126
  0.0804 -0.3055 -0.0646 -0.0621 -0.0948 -0.0125  0.0561  0.0847  0.0111
  0.0064 -0.0421 -0.0904  0.041   0.0245  0.1235  0.0783 -0.1844  0.1236
  0.0653 -0.0334 -0.2066  0.0327 -0.0123 -0.0687 -0.0888  0.009   0.2416
 -0.1167 -0.0878 -0.1127 -0.104  -0.0678 -0.0757 -0.059  -0.0586 -0.1982
  0.1235 -0.0925  0.0176 -0.0323 -0.184   0.1213  0.0554 -0.068   0.0684
 -0.2005 -0.0618  0.0006  0.0266  0.0667  0.2193  0.0263 -0.0143 -0.0491
 -0.0316 -0.0138 -0.1278  0.1912 -0.0289 -0.0402  0.1192 -0.0699 -0.0641
 -0.0606  0.0543  0.0303  0.0414 -0.0349 -0.0247 -0.0619 -0.0006 -0.0297
 -0.0188 -0.0893  0.0116  0.1807 -0.2175 -0.0919 -0.1085  0.0889 -0.04
 -0.0984  0.1259 -0.0781]","[-7.06749992e-02 -4.15812497e-02  1.96918749e-01  2.10375000e-02
  1.77937502e-02 -9.28125018e-03  3.14249996e-02 -2.48437499e-02
 -1.54437500e-02  7.29562499e-02  6.30937503e-02  1.48312504e-02
  4.63125166e-03 -2.21999997e-02 -1.39812500e-01  1.19750001e-02
  3.83625000e-02 -2.97437494e-02 -5.33000003e-02  3.11375010e-02
  4.86625004e-02 -4.40812504e-02 -9.37999990e-02 -6.09187502e-02
  2.17562501e-02  2.75749999e-02  6.62999999e-02  9.46812493e-02
 -7.00625093e-03  8.88125057e-03  5.26124995e-02 -6.06937509e-02
 -3.03749985e-03 -2.26874997e-02  4.76874952e-03  3.12687494e-02
 -8.12500948e-04  3.46249943e-03 -4.66250008e-03  2.27624997e-02
  1.95312497e-02  2.68499997e-02 -1.88687489e-02  1.09500000e-02
 -8.87749998e-02 -1.44337499e-01 -3.32687497e-02  7.37937516e-02
  2.97874998e-02  1.28437493e-02 -3.74374991e-02  6.50250010e-02
  3.04499998e-02 -1.31499989e-02  6.82500023e-03 -1.73375005e-02
  6.58499994e-02 -2.82875003e-02  4.15624934e-03  1.04687504e-02
 -1.69687501e-02 -4.18187493e-02 -3.51875002e-02  3.69124995e-02
  2.21437501e-02  3.85562489e-02 -1.09749999e-02 -5.99374932e-03
 -3.89999922e-03  9.17000006e-02  3.64812497e-02  4.02562503e-02
 -2.08125004e-02  6.53750023e-03  8.30624992e-03 -9.44249996e-02
  1.22749994e-02 -4.26249905e-03 -1.12093750e-01 -3.55062498e-02
  2.03124998e-02  7.36625006e-02 -4.06500000e-02 -6.81999992e-02
  1.16000001e-02  3.08125006e-02 -3.11437512e-02  3.22249998e-02
 -3.06499993e-02  5.01687507e-02 -2.02937499e-02 -2.36125006e-02
 -6.93124974e-03  4.69562501e-02  8.15375005e-02 -9.67499924e-03
 -1.23787500e-01 -1.90937502e-02 -7.07250001e-02 -3.52000002e-02
  1.10500006e-02  1.63337501e-01  1.96249996e-02  3.46750008e-02
  1.52999996e-02  1.52118752e-01 -1.93125015e-03 -4.25749998e-02
 -3.49187506e-02  4.24125000e-02 -8.00687509e-02  1.27506250e-01
  6.17999994e-02  2.93750199e-04  4.27687495e-02  1.90562505e-02
 -5.43374999e-02  9.93749942e-03  8.31499999e-02  1.44125000e-02
 -2.11687508e-02  3.10812495e-02  2.65124995e-02  2.72500006e-02
 -4.00999999e-02 -1.61750004e-02 -2.00062503e-02 -7.60624954e-03
 -2.13562503e-02  8.77625001e-02  6.89500001e-02 -2.91500002e-02
 -1.83312503e-02  3.87999994e-02  7.72062495e-02  1.32087501e-01
  4.64937504e-02  8.64500004e-02  3.06187501e-02 -2.50250000e-02
 -1.89187503e-02  8.67562503e-02  1.18287499e-01  4.07562503e-02
  1.61887500e-01  5.68125004e-02  3.80999987e-02 -3.70375004e-02
 -3.86562508e-02 -2.82062496e-02  1.48187507e-02 -5.00000117e-03
  7.62437492e-02  2.78374999e-02  1.99393750e-01 -7.64374967e-03
  8.19375007e-02  6.63625005e-02  6.66249944e-03  2.24124998e-02
  3.14124989e-02 -3.54937495e-02 -2.34874996e-02 -7.73375013e-02
  5.65062501e-02  2.88000001e-02 -1.34806251e-01 -7.96187487e-02
  5.77562508e-02 -7.75312491e-02  3.33250009e-02  6.44687496e-02
 -3.54500001e-02 -5.60062490e-02 -6.53125000e-02  7.52500050e-03
 -5.49624992e-02  3.60750007e-02  2.36999997e-02  2.26249974e-03
 -2.53624992e-02 -9.61750009e-02  1.73000004e-02  6.10812503e-02
  1.14562502e-02 -2.99125009e-02 -7.38812514e-02  5.64499999e-02
  1.31312497e-02  2.52062503e-02 -2.53749934e-03 -2.53812495e-02
  1.38343750e-01  5.22937490e-02  1.00668750e-01  1.39000002e-02
  4.34187507e-02 -1.75812498e-02 -6.51250042e-03  6.40187499e-02
 -3.52937502e-02  2.15250000e-02 -3.33312508e-02 -1.28000000e-02
 -6.17312508e-02  6.62500005e-03 -2.94750003e-02  1.03262500e-01
  4.49812495e-02 -1.58062517e-02 -2.89875002e-02  4.78749997e-02
  5.53437507e-02  5.27812507e-02  1.47837500e-01 -5.54874992e-02
  2.20312499e-02 -4.36718750e-01 -3.53125034e-03 -6.09437503e-02
 -7.54250009e-02  4.04000001e-02 -8.12499784e-05  5.75687503e-02
  5.10312497e-02  2.74437497e-02  1.16625000e-02 -1.29749997e-02
  2.33875005e-02  4.14562511e-02  7.61437508e-02  8.87499998e-03
 -1.76612501e-01 -3.19062507e-02 -1.63687492e-02 -2.92062495e-02
 -2.11981250e-01  1.52312512e-02  2.13750026e-03 -1.45250001e-02
 -7.22312506e-02  3.26374990e-02  5.84375011e-02 -1.69775001e-01
  1.38937502e-02 -1.34968750e-01 -1.04931250e-01 -7.30375008e-02
 -2.71624988e-02 -9.90624993e-02 -5.74437511e-02 -2.49531249e-01
  5.78249998e-02  1.11124999e-02  7.44875000e-02  2.55437505e-02
 -8.44874990e-02 -1.41874944e-03  3.59749999e-02  4.56249152e-04
  2.47749998e-02 -7.40062489e-02 -2.96375002e-02  2.79687505e-02
 -3.76625000e-02 -2.33375008e-02  2.07400000e-01 -2.94999992e-02
 -6.35375009e-02 -7.18749652e-04 -1.02187513e-02 -4.05374997e-02
 -2.81875002e-02  3.41687505e-02  4.64625005e-02 -2.19499999e-02
 -4.24562498e-02 -4.85625141e-03 -1.08656249e-01 -2.37312509e-02
 -2.92125000e-02 -2.55000000e-02 -2.54374945e-03  4.40187511e-02
  2.81687492e-02 -3.37624999e-02 -6.42812485e-02  1.70749997e-02
  5.04375003e-02  1.64000002e-02 -4.02062506e-02  2.35124991e-02
 -9.73499989e-02 -1.82312504e-02 -8.77625000e-02 -7.40750009e-02
 -6.75687501e-02 -6.55000002e-02  4.80562494e-02  6.24999986e-04]"
散策,"[-0.0797 -0.0806  0.4446  0.2277  0.2443 -0.15   -0.3048  0.0966  0.1343
  0.1795  0.056   0.376  -0.1648 -0.4171  0.2523  0.2953 -0.1767 -0.0595
 -0.2389  0.0233 -0.1142  0.1451 -0.2593 -0.1394  0.1847 -0.1179  0.0773
  0.3483  0.0404 -0.2227  0.0825 -0.1037 -0.0498 -0.0664 -0.212   0.183
 -0.214  -0.0771 -0.1512 -0.027   0.2261 -0.068  -0.1804 -0.1978 -0.0226
 -0.1593 -0.0367 -0.0813  0.0243  0.1188  0.2638 -0.1267  0.3483 -0.1247
  0.2829  0.0171  0.3208 -0.2081  0.0898  0.1991 -0.1142  0.0392 -0.1507
  0.2452  0.3034 -0.0057 -0.1824 -0.033   0.3064 -0.0873 -0.2696 -0.1384
  0.2774  0.2225  0.2819  0.0461 -0.2061  0.0156 -0.2675 -0.1382  0.1012
  0.2571 -0.0074 -0.0772 -0.114   0.1499 -0.0845  0.2136 -0.0121 -0.0128
 -0.3063 -0.1617  0.1468  0.0219  0.423  -0.1897  0.0163  0.0346 -0.0679
  0.1917 -0.0042  0.5768  0.0213 -0.0607 -0.0373 -0.0637  0.3282  0.0086
 -0.049  -0.0521 -0.0872 -0.1306  0.2935 -0.1043  0.2191  0.4522 -0.0127
  0.1387  0.4266 -0.2077 -0.087  -0.074   0.041  -0.1273 -0.2722 -0.0851
 -0.0381  0.1561 -0.0815  0.225   0.1758 -0.1948  0.182  -0.2141  0.0648
  0.816  -0.0145  0.2976 -0.1033 -0.0095 -0.0177 -0.0328  0.1568  0.0188
  0.3262  0.1153  0.1415 -0.3327  0.0535 -0.149  -0.0309 -0.0583  0.2417
  0.0297  0.6988 -0.0345  0.3064  0.2467  0.1775 -0.2763  0.0073  0.0833
 -0.1247 -0.171  -0.1013 -0.0967 -0.1312  0.183  -0.1821  0.2066  0.0285
  0.0832  0.029   0.1847 -0.1557  0.2399 -0.1145  0.1222  0.0151  0.0282
 -0.1478 -0.2726 -0.2134  0.3684 -0.1985 -0.196   0.0812  0.0457  0.0068
 -0.1994  0.1577 -0.2462  0.2811 -0.      0.1681  0.0318 -0.0183 -0.0644
  0.1088  0.399   0.1144  0.3095  0.0124  0.2115 -0.0111 -0.1135 -0.0428
 -0.1778 -0.1148  0.1415 -0.1668  0.3937 -0.0406  0.4134  0.1438 -0.4446
 -0.0401 -0.8889  0.0535  0.0869 -0.2119 -0.1347  0.1138 -0.0923  0.1625
 -0.0637  0.2907 -0.0217  0.1351  0.1456  0.0792  0.1517 -0.5192 -0.0051
  0.2337 -0.1016 -0.652   0.0618  0.2215  0.125  -0.1022  0.1414  0.547
 -0.1538  0.1038 -0.4474 -0.1971 -0.1351  0.4703  0.4617  0.0273 -0.4983
 -0.0636  0.0544  0.2125 -0.0087 -0.1408  0.028   0.3996 -0.0078 -0.291
 -0.3196  0.2094 -0.013  -0.3814  0.3197 -0.2648  0.1261 -0.2085 -0.1336
  0.0436 -0.3291  0.0636  0.3901  0.1385  0.0139 -0.1109 -0.2306  0.0371
  0.1855  0.6825  0.0354 -0.1037 -0.1681 -0.1682 -0.1704  0.1661  0.0693
 -0.0387 -0.0031 -0.1518  0.0847 -0.1656  0.4886 -0.1372 -0.2065  0.2936
  0.3142 -0.1573 -0.0395]","[-1.06400002e-01 -2.13250016e-02  5.70749998e-01  1.89174998e-01
 -4.26999973e-02  1.12575000e-01 -5.62500022e-03  2.34500007e-02
  9.89999974e-02  2.46049996e-01  1.45974998e-01  9.35499957e-02
 -3.47750001e-02 -2.74175004e-01  2.30974995e-01  1.01124999e-01
 -2.60300004e-01  2.58499982e-02 -2.43175004e-01  6.44250014e-02
 -1.21199995e-01 -2.90000183e-03 -1.99074996e-01 -1.12250001e-01
  1.86374998e-01 -2.67249993e-02  1.08400003e-01  4.17675005e-01
  1.19974998e-01 -1.02950004e-01 -6.84999954e-03 -2.81749992e-02
 -1.43800002e-01  5.51749989e-02 -1.38000008e-02  5.79750016e-02
 -1.15125001e-01 -1.02200000e-01 -1.30975001e-01 -7.16500009e-02
  1.19174999e-01 -1.20275000e-01 -1.83724998e-01 -5.52249975e-02
  4.37249993e-02 -3.45975004e-01 -1.12850002e-01 -1.06750000e-02
  7.87999979e-02  3.06725001e-01  1.37325000e-01 -5.67500007e-02
  2.10625006e-01 -1.89750031e-02  1.91325004e-01  3.27500035e-02
  1.92225000e-01 -6.37250058e-02  8.13499978e-02  1.09475003e-01
 -8.11750006e-02 -1.21025003e-01 -1.38100003e-01  1.02224996e-01
  2.19050002e-01  6.12499974e-02 -3.49500014e-02  1.46250017e-02
  9.42500025e-02 -7.12249987e-02 -1.66750001e-02  2.02575000e-01
  2.40424993e-01  2.46300001e-01  1.81725000e-01 -3.56950003e-01
 -1.57550004e-01 -9.35499975e-02 -3.54725009e-01 -1.07100003e-01
  1.00249999e-01  2.88424999e-01 -1.04699998e-01 -7.11499986e-02
 -1.93649999e-01 -2.52249986e-02 -4.35250003e-02  2.37649995e-01
  5.22500044e-03 -7.88500009e-02 -2.15725007e-01 -1.88500000e-01
  1.10624998e-01  4.50999993e-02  1.77375007e-01 -1.71825002e-01
 -7.59000019e-02 -1.58749968e-02 -4.45000082e-03  2.04274997e-01
  1.80249998e-02  5.14524996e-01  6.02499992e-02 -2.41749985e-02
  7.67500000e-02  7.40000024e-02  4.11300000e-01 -1.56250000e-01
 -1.10125001e-01 -3.27749988e-02 -1.71725004e-01 -1.72249999e-01
  1.93200001e-01 -1.34999994e-02  1.95549999e-01  6.81249984e-02
 -1.75499993e-02  5.43749989e-02  8.33750046e-02 -1.21224999e-01
  3.72000006e-02  9.78250047e-02  4.15250022e-02 -2.12199998e-01
 -1.05224994e-01  6.74999997e-02 -2.52750025e-02  2.70524994e-01
  1.99999753e-03  9.29999817e-03 -2.84500029e-02 -1.75050000e-01
  1.04424997e-01 -1.68150001e-01  2.27824997e-01  4.93299990e-01
 -9.50750004e-02  1.61799998e-01 -1.58349997e-01  4.55499997e-02
  3.67250019e-02 -8.97499733e-03 -2.20750016e-02  9.10750012e-02
  4.94750005e-01  2.56750002e-02  1.53799997e-01 -1.78700003e-01
 -1.19250002e-02 -4.78750002e-02  1.12749998e-01 -8.28499999e-02
  3.15074998e-01  4.92250025e-02  4.01825011e-01  4.25749999e-02
  4.01749988e-02  1.50275004e-01  8.03749957e-02 -1.90650002e-01
 -1.19925004e-01 -9.41999983e-02  9.63749983e-02 -1.27774999e-01
 -1.48100002e-01 -1.14275004e-01 -2.25299996e-01  9.67749972e-02
 -1.37299998e-01  3.23749995e-02  9.45750000e-02  7.39999991e-02
  1.76050003e-01  2.08800000e-01 -1.77500001e-01  1.07499996e-01
 -7.84000009e-02  3.29249993e-02  7.59249981e-02 -1.73249999e-02
  5.25003299e-04 -1.88425000e-01 -2.50024999e-01  2.74200003e-01
 -2.30500004e-01 -1.78374997e-01  1.10250006e-02  2.81150010e-01
 -6.79999680e-03 -1.42950001e-01 -1.24999380e-04 -2.02350000e-01
  4.26799997e-01  4.79999995e-02  2.04350006e-01 -3.96250007e-02
  3.04999936e-03  1.26500004e-02  1.29949998e-01  3.23900000e-01
  5.69750033e-02  2.74425006e-01  1.27349995e-01  8.68499978e-02
 -1.00000552e-03 -2.79374994e-01  5.44000007e-02 -4.28249985e-02
  1.00249997e-01  2.68199997e-01 -1.08250035e-02  3.24825006e-01
 -5.22249988e-02  3.57799999e-01 -1.37999994e-01 -1.95699999e-01
 -5.67000005e-02 -1.06812499e+00  1.13400000e-01 -3.13999993e-02
 -1.38525002e-01 -1.40650002e-01  4.31249992e-02 -9.74499974e-02
  2.42000017e-02 -2.59249988e-02  9.28249969e-02 -5.39500001e-02
  9.75250015e-02 -1.18999972e-02  2.26724998e-01 -5.88749982e-02
 -6.22200016e-01 -1.43675003e-01  4.44750031e-02  7.77500449e-03
 -6.62549993e-01 -4.70249997e-02  1.53699999e-01  1.27900000e-01
 -1.48050001e-01  6.67499965e-02  2.64324995e-01 -1.06275000e-01
  1.14224999e-01 -4.63874992e-01 -2.64700000e-01 -5.42250015e-02
  2.81399994e-01  2.76449999e-01  3.80749991e-02 -5.41224996e-01
 -2.05499999e-01  2.00350004e-01  1.57175000e-01  1.24675006e-01
 -1.07125001e-01  3.66999982e-02  2.96349999e-01 -6.08750000e-02
 -7.04000026e-02 -3.02099996e-01  1.46500001e-01 -3.95250027e-02
 -2.24524996e-01  2.00875002e-01 -5.41000050e-02  1.69299998e-01
 -1.00949996e-01 -4.79249987e-02 -6.43000007e-02 -2.97399998e-01
  1.60799999e-01  3.15724997e-01 -6.76999991e-02 -1.08200002e-01
 -7.66750008e-02 -9.85999969e-02 -1.28600002e-01  5.02499929e-02
  4.46600003e-01  5.10749996e-02 -9.17749973e-02 -1.00425001e-01
 -1.32549999e-01 -1.30024999e-01  3.70499985e-02  1.53825004e-01
  1.36275003e-01 -8.22749987e-02 -4.95500015e-02 -4.02249970e-02
 -7.03500014e-02  2.30724995e-01 -2.88149997e-01 -1.65649999e-01
  2.99249990e-02  2.09250003e-01  2.86000026e-02 -2.00449999e-01]"
持参,"[-0.1101 -0.0706  0.5227  0.1241  0.1943 -0.1051 -0.0566 -0.0053  0.0388
 -0.1297  0.2812  0.0269 -0.247   0.0761  0.2887 -0.0742 -0.1772 -0.1372
 -0.324  -0.0193  0.4704 -0.0935  0.0461  0.0603 -0.0447 -0.014  -0.3176
  0.2142 -0.1859 -0.035  -0.2671 -0.306  -0.0755  0.2118 -0.1688 -0.1952
 -0.1314 -0.0423 -0.0583 -0.225   0.0975  0.167   0.113  -0.3183  0.0318
 -0.1475 -0.2653  0.1409  0.1403  0.1493 -0.0067 -0.3258  0.0038 -0.171
 -0.0315 -0.4696  0.0438 -0.2006  0.1642 -0.0091 -0.085  -0.2484  0.0714
  0.0037  0.0509 -0.0405 -0.0299  0.1182  0.1337 -0.0993 -0.0546 -0.168
 -0.1051  0.218  -0.036  -0.1701  0.0212 -0.108  -0.1672  0.019   0.1522
  0.2    -0.1621 -0.2859 -0.0121  0.2572 -0.1994  0.1111 -0.0897  0.1663
  0.1924 -0.0907 -0.1099  0.0591  0.1734 -0.1219 -0.0795  0.0061 -0.187
  0.0696  0.1739  0.4525 -0.1317  0.2108  0.052  -0.1217  0.456  -0.3246
  0.0615  0.1142 -0.2281 -0.0388 -0.0232 -0.2733  0.0685 -0.2025  0.2839
  0.16    0.1517  0.1511 -0.134  -0.0486 -0.1231 -0.0431 -0.0939  0.0992
 -0.1976 -0.0567  0.2192 -0.1908 -0.1071 -0.2051 -0.0016 -0.2098 -0.245
 -0.1875  0.0398 -0.1185  0.0221  0.3664 -0.0458  0.4378 -0.0594  0.0058
  0.3998  0.0307  0.0595  0.2504 -0.2445  0.029  -0.2929  0.1874  0.1589
  0.2667  0.1497  0.0861 -0.1905 -0.0276 -0.2464 -0.0365 -0.134  -0.0741
  0.0155 -0.5748  0.1337  0.0999 -0.2569 -0.1144 -0.3484  0.3318  0.2051
  0.1071  0.0648 -0.1391 -0.2543  0.005   0.1768 -0.1567 -0.1413  0.2733
  0.0779 -0.1658 -0.4339  0.0023  0.029   0.0835 -0.282   0.3708 -0.0582
  0.0358  0.0385  0.0106  0.0798 -0.1769  0.0539 -0.0783 -0.2195 -0.0592
  0.0766  0.2684  0.2516 -0.1034 -0.0165 -0.221  -0.0952 -0.1365  0.0227
 -0.0517  0.1721  0.3046 -0.1593 -0.2016 -0.4877  0.1848  0.0639  0.1901
 -0.2331 -0.6041  0.2164 -0.243  -0.2081  0.0512  0.2214  0.0425  0.0604
  0.0145  0.0036  0.0676  0.0456 -0.1893  0.0962  0.2027 -0.4421 -0.392
 -0.0441 -0.1726 -0.3403  0.2695  0.2425 -0.0425 -0.1476  0.2331  0.2381
 -0.2036  0.2355 -0.5841 -0.328  -0.1356  0.1864  0.3169 -0.074  -0.4235
 -0.097  -0.0279 -0.0674 -0.3005  0.2079 -0.0289  0.3652 -0.0736 -0.4223
 -0.0553  0.2646  0.1928  0.1834  0.3402 -0.1058 -0.2189  0.0836  0.1069
 -0.0322 -0.0453  0.164   0.0938 -0.0943 -0.2059 -0.0674 -0.0262 -0.0755
 -0.0651  1.2163  0.1325 -0.1737 -0.184   0.3015 -0.0427 -0.1855 -0.0887
  0.0679 -0.1115  0.1494 -0.0841 -0.3263 -0.2591  0.1782 -0.0252 -0.0175
  0.1242 -0.0981 -0.2662]","[-1.48500018e-02 -2.28833335e-02  4.75066680e-01  1.78133333e-01
  4.86999998e-02  4.25500013e-02  2.44833333e-02 -1.32999986e-02
  3.75499997e-02  1.06666579e-03  2.53566665e-01  3.25333336e-02
  4.04500013e-02  1.19833353e-02  1.57333339e-02  1.84666673e-02
 -1.17850001e-01 -2.82333315e-02 -1.83216669e-01  6.48500029e-02
  1.79383337e-01 -7.75166675e-02  6.50000184e-03 -3.74666663e-02
 -1.69566664e-01  4.66999983e-02 -7.99833350e-02  1.13966671e-01
 -1.15450002e-01 -2.50500012e-02 -2.26333349e-02 -1.69166664e-01
 -1.21150001e-01  1.18999999e-01 -9.58833353e-02 -1.79150001e-01
 -1.88833325e-02 -6.13499995e-02 -5.33999985e-02  6.60166681e-02
 -1.45333322e-02  1.10783332e-01  6.72666674e-02  1.62833321e-02
 -9.34499969e-02 -8.47666661e-02  1.31666665e-01 -5.16333313e-02
  8.50499999e-02  1.09750000e-01  1.38166668e-02 -3.18500013e-02
  1.02599998e-01  1.43449994e-01  2.65833321e-02 -2.33599999e-01
  6.36666662e-02 -2.12166663e-01  1.28499997e-01 -3.13333330e-02
  2.79999928e-03 -3.32166680e-02  1.40666676e-02  6.39999979e-02
  1.33266665e-01 -1.93500013e-02  5.43166692e-02  1.06200000e-01
 -3.23833340e-02  3.37500024e-02  2.99833339e-02 -6.25499971e-02
 -4.04999913e-03 -3.29166668e-02 -8.21666668e-03 -1.77200000e-01
 -3.07666658e-02 -4.00500017e-02 -1.99516665e-01 -2.18833343e-02
  7.65499960e-02  1.05350004e-01 -1.01483335e-01 -7.20000031e-02
 -5.78166648e-02  1.53183334e-01 -9.67333348e-02  6.98333327e-02
 -1.57499988e-02  1.00449999e-01 -7.84000022e-02 -3.77166672e-02
 -1.54333332e-01  1.79583335e-01  1.18499999e-01 -1.32866666e-01
 -1.74533332e-01  1.04666674e-02 -1.22433333e-01 -1.98999983e-02
  6.67999995e-02  4.36233329e-01 -1.08400000e-01  2.20633337e-01
 -1.20833325e-02  1.37150007e-01  2.68433335e-01 -1.08433334e-01
 -4.05166655e-02  1.37950003e-01 -2.80200004e-01 -1.31600002e-01
  1.14299999e-01 -4.00001804e-04  1.06316669e-01 -7.23500009e-02
  1.56599998e-01  2.79400005e-01  8.57666678e-02 -3.98333327e-02
 -1.64600003e-01 -9.11666673e-02 -2.81166665e-02  3.78333343e-03
 -5.19333368e-02  8.25999992e-02 -1.15550001e-01 -8.29166658e-02
  1.21349999e-01 -1.11199998e-01 -1.82333343e-02 -8.09000001e-02
  5.06833301e-02 -5.59666694e-02 -4.63833344e-02  2.05166688e-02
 -5.76666805e-03  2.25166661e-02  9.55000008e-02  1.74133336e-01
 -7.62666663e-02  1.22949997e-01  5.16833334e-02  3.62000002e-02
  3.00600001e-01  1.26416668e-01  7.46500011e-02  1.24916669e-01
 -1.71166672e-01 -1.41333332e-02 -2.57999999e-02  1.53499997e-02
  5.10333324e-02 -5.34666643e-02  4.03283339e-01 -5.28333305e-02
 -5.14999963e-03  1.91699997e-01 -3.65000002e-02 -1.19133332e-01
 -6.33666702e-02  2.42333322e-02 -2.28499987e-02 -4.42933336e-01
  1.46366665e-01 -3.53666668e-02 -2.28533334e-01 -7.28833340e-02
 -1.09000000e-01  2.09600004e-01  5.34666665e-02  1.19566672e-01
  7.74833322e-02 -1.49399998e-01 -1.78299996e-01 -1.15366666e-01
  1.33650000e-01 -2.88333336e-02 -1.02916666e-01  1.94866665e-01
  7.35833358e-02  1.51716666e-01 -2.24799998e-01  1.51450000e-01
 -6.73166619e-02  6.64499992e-02 -1.32783334e-01  2.53483329e-01
  1.12650001e-01  1.79333327e-02  1.15200001e-01 -4.36666661e-02
  6.33000005e-02 -2.78000009e-02 -2.89333357e-02  7.11666677e-02
 -1.06333333e-02 -9.90666642e-02  2.33335420e-04  5.35833360e-02
 -7.88666643e-02  1.06499992e-02 -6.25333382e-02 -8.56166674e-02
 -1.56683331e-01 -1.25866667e-01  8.27833380e-02 -1.13983335e-01
  5.02666653e-02 -1.75833344e-02 -5.83166672e-02 -3.89499990e-02
 -2.14199998e-01  1.22066670e-01  2.70166676e-02  5.62833318e-02
 -2.36833334e-01 -8.67899997e-01  1.33166658e-02 -2.01649996e-01
 -1.48016669e-01  8.49999974e-02  3.10333333e-01 -1.06316665e-01
  1.00866667e-01 -6.70499999e-02  2.88333299e-02 -2.21500002e-02
 -4.08333268e-03 -8.41166675e-02  8.00166644e-02  8.86000010e-02
 -4.49333329e-01 -1.84399998e-01  2.68166663e-02  4.96666506e-03
 -3.96983328e-01  1.37566664e-01  2.43583341e-01 -8.13333411e-03
 -1.13733333e-01 -1.79783332e-01  7.72333322e-02 -2.80283336e-01
  1.46249997e-01 -4.16433334e-01 -1.85950002e-01 -6.05000012e-02
  7.66499996e-02  4.50000291e-03 -3.85166674e-02 -4.69649993e-01
  8.49998246e-04  9.42666662e-02  3.70166665e-02 -7.39666655e-02
 -6.10500018e-02 -6.92666651e-02  2.52666668e-01  5.15000072e-03
 -1.53883335e-01 -1.85650001e-01  2.40833356e-02  1.38316670e-01
  3.00833341e-02  1.63666670e-01  8.59500002e-02 -1.24516666e-01
  1.65999998e-02  7.42833341e-02  5.40333341e-02 -6.99666630e-02
  5.46999983e-02  7.08500001e-02  1.56499984e-02 -1.27200002e-01
 -3.33333543e-05  6.76666653e-02 -1.87816665e-01 -2.11516667e-01
  5.96849994e-01  5.76666649e-02 -1.35333335e-01 -1.41333334e-02
  7.96666645e-02 -5.12666660e-02 -1.55316669e-01 -5.83166663e-02
  1.34366666e-01  3.25666669e-02 -5.98333359e-02  4.69000004e-02
 -2.11466669e-01  8.55666695e-02 -5.08499954e-02 -2.81666657e-02
 -7.24000018e-02  9.96499990e-02  3.83332993e-04 -1.23416667e-01]"
子供,"[ 5.063e-01 -1.776e-01  1.734e-01  4.550e-02  2.040e-02  1.497e-01
  1.368e-01 -1.529e-01 -5.970e-02  7.700e-02  8.320e-02 -7.700e-02
 -3.060e-02  3.789e-01 -4.429e-01 -1.767e-01 -7.490e-02 -2.990e-02
 -1.005e-01  3.019e-01  5.980e-02  1.896e-01 -3.009e-01 -8.140e-02
  1.769e-01  2.900e-03  4.900e-02 -6.000e-02 -1.100e-01  2.313e-01
  1.056e-01  2.334e-01 -3.217e-01 -1.118e-01  1.208e-01 -1.300e-03
  2.168e-01  2.283e-01 -2.100e-02  7.970e-02 -1.000e-03  1.224e-01
 -7.070e-02  2.039e-01  3.230e-01 -8.670e-02  4.780e-02  2.040e-02
 -3.620e-02  6.440e-02  9.740e-02  1.229e-01 -5.640e-02  5.760e-02
  2.138e-01  9.520e-02  1.190e-02 -1.678e-01 -2.100e-03 -6.130e-02
 -1.250e-02 -1.010e-02 -2.214e-01  9.010e-02  1.405e-01 -1.042e-01
  2.790e-02 -2.130e-01 -1.107e-01  1.130e-02 -1.116e-01 -1.270e-02
  8.210e-02  2.133e-01 -1.339e-01 -2.964e-01 -1.636e-01  1.299e-01
 -1.910e-02 -7.900e-03 -3.700e-02  6.780e-02 -1.875e-01  6.260e-02
  7.780e-02 -1.748e-01 -1.360e-01 -2.780e-02  1.560e-02 -7.100e-03
  2.000e-04  2.446e-01  5.600e-03 -3.200e-03  6.260e-02  1.911e-01
 -2.969e-01  7.080e-02 -1.119e-01  7.350e-02 -1.915e-01  3.901e-01
  8.320e-02 -1.653e-01  4.250e-02  5.842e-01 -2.480e-02  5.700e-02
  1.820e-01 -1.991e-01 -3.160e-02 -3.480e-02 -1.340e-02  6.520e-02
  1.210e-02 -1.804e-01 -6.620e-02 -7.980e-02 -6.980e-02 -5.000e-02
 -3.360e-02  3.980e-02  1.452e-01 -1.418e-01 -1.001e-01  1.218e-01
 -2.872e-01 -6.260e-02 -2.131e-01  8.310e-02  4.390e-02 -1.154e-01
  1.840e-02 -2.242e-01  6.810e-02  1.780e-02  1.047e-01 -2.720e-02
 -1.690e-02  4.400e-02 -2.300e-02 -2.700e-02  4.400e-02  5.150e-02
  2.604e-01 -1.880e-02 -1.054e-01 -1.290e-02  1.355e-01  1.646e-01
 -2.250e-02 -6.410e-02  2.300e-02  5.000e-04  7.740e-02 -7.880e-02
 -1.020e-02  7.070e-02  2.935e-01 -1.074e-01 -4.410e-02 -3.020e-02
 -1.600e-02  4.293e-01 -6.150e-02 -1.056e-01 -2.399e-01 -2.901e-01
 -1.111e-01  9.700e-03  1.868e-01  2.180e-02 -4.490e-02  1.658e-01
  3.090e-02 -1.344e-01 -6.170e-02  3.550e-02  1.380e-01  1.310e-01
 -1.411e-01  2.510e-01 -6.560e-02 -8.660e-02 -5.850e-02 -8.680e-02
 -4.740e-02 -2.330e-02 -1.320e-02 -1.160e-01 -6.580e-02 -8.960e-02
  1.512e-01  1.880e-01  2.409e-01 -1.186e-01 -3.310e-02 -1.179e-01
 -6.180e-02  3.500e-03 -6.120e-02  1.164e-01 -2.410e-02  2.046e-01
 -1.418e-01 -2.454e-01  3.420e-02 -1.136e-01  2.222e-01  1.360e-01
  5.220e-02  4.010e-02 -1.433e-01  3.230e-02 -1.719e-01  2.777e-01
 -2.001e-01 -7.530e-01  1.215e-01 -8.710e-02 -2.020e-02 -1.450e-01
  4.730e-02 -1.819e-01 -5.250e-02 -2.166e-01  1.009e-01 -7.800e-03
 -3.770e-02 -5.600e-02  1.840e-02 -1.495e-01 -4.301e-01 -2.805e-01
 -7.840e-02 -1.902e-01 -2.465e-01  7.280e-02  3.487e-01  6.480e-02
 -1.856e-01 -1.255e-01  9.090e-02 -1.648e-01 -8.520e-02 -7.810e-02
 -1.446e-01  2.606e-01  1.059e-01 -4.030e-02  2.570e-02 -3.844e-01
 -5.750e-02 -8.000e-03 -3.910e-02 -9.270e-02 -9.050e-02 -1.324e-01
  1.671e-01  1.560e-01  1.117e-01  1.900e-02 -2.366e-01 -1.676e-01
  3.900e-02  4.600e-02  1.229e-01 -7.660e-02 -2.286e-01 -1.154e-01
 -1.690e-02 -9.810e-02  1.722e-01  2.491e-01  9.460e-02 -2.190e-02
  1.900e-01  1.831e-01 -1.374e-01 -3.392e-01 -1.291e-01  1.925e-01
  4.700e-03  1.710e-02  1.030e-02 -1.398e-01 -1.358e-01  3.420e-02
  1.791e-01  2.290e-02 -9.020e-02 -1.660e-01 -2.732e-01 -2.048e-01
 -1.420e-01 -2.170e-01  2.100e-02  1.403e-01  1.790e-01 -1.249e-01]","[ 1.24190475e-01 -6.44285709e-02  2.38919047e-01  1.30233334e-01
  6.14714288e-02  1.01390476e-01  2.38380965e-02 -9.27857145e-02
 -9.08571406e-03  1.10147617e-01  9.78380959e-02 -2.84238103e-02
 -1.02952381e-02  2.40952367e-02 -2.70319047e-01  6.82380846e-03
 -4.75571432e-02 -8.52381182e-04 -1.57985715e-01  3.01952392e-02
  3.35380952e-02  8.56142869e-02 -2.21719047e-01 -3.56571431e-02
  4.24666660e-02 -1.38142878e-02  4.05285734e-02  9.67809524e-02
 -8.71142875e-02  5.96809512e-02  8.76142850e-02  2.34714280e-02
 -8.20238108e-02  4.04428563e-02  3.57952374e-02 -3.85238021e-03
  6.42619049e-02  4.05619046e-02  1.00476113e-03 -2.30047617e-02
  4.71571424e-02 -1.26190550e-03  5.62381079e-03  1.16695239e-01
 -2.99523778e-03 -1.16519048e-01  3.01904625e-03 -3.05904759e-02
  1.83333334e-02  1.02714286e-02  2.14095248e-02  3.20952411e-03
 -8.93809465e-03 -3.58142863e-02  1.16319048e-01  3.30333336e-02
  3.12142862e-02 -1.61690477e-01  4.85476171e-02  8.09521520e-05
 -4.98857160e-02 -1.24247619e-01 -1.60666659e-02  5.20333342e-02
  5.59285724e-02 -9.21904811e-03  3.16761915e-02 -7.91238084e-02
 -2.92761885e-02  1.04480953e-01 -4.07809521e-02  3.06380964e-02
  4.51904753e-02  6.50619040e-02  3.44285800e-03 -2.23690475e-01
 -3.84238089e-02  1.52714278e-02 -1.16347620e-01 -1.49528572e-01
 -5.46666666e-02  5.72142841e-02 -9.69190475e-02  9.96333331e-02
  1.45666666e-02 -2.46047618e-02 -1.26290477e-01  2.87047606e-02
  3.95666662e-02  3.33428557e-02  4.94523805e-02  7.29999997e-02
 -3.76952375e-02  5.21904761e-02  6.50380970e-02 -2.87666677e-02
 -1.74009525e-01  2.93142860e-02 -1.22519049e-01 -7.69523811e-03
 -5.98095242e-02  3.13176191e-01  6.76666648e-03 -3.66666661e-03
  7.17857130e-02  3.16285716e-01  1.08095234e-02 -8.89619042e-02
 -1.30809536e-02 -5.06476183e-02 -1.69623813e-01 -1.77471428e-01
  1.63714277e-02 -1.47285723e-02  7.83476194e-02 -8.26476190e-02
 -1.46319046e-01  6.07142739e-03 -2.96190478e-02 -1.26571423e-02
 -4.33666652e-02 -6.66428568e-02  7.09523804e-02  3.04761961e-03
 -1.04595239e-01  2.93190489e-02 -7.61285724e-02 -5.51809527e-02
 -9.30857150e-02 -6.60476222e-03  2.96666656e-03 -6.86571431e-02
  7.03571437e-02 -4.14428572e-02  6.67142860e-02  1.68847618e-01
  3.16523808e-02  2.27523806e-02 -5.62857136e-02  2.00238089e-02
  1.97333337e-02  3.88571439e-02  4.88619046e-02 -5.06428581e-02
  2.09838094e-01  1.34047604e-02  5.58095306e-03  8.51380974e-02
 -2.57761898e-02  6.52047635e-02  3.38857142e-02  1.79524026e-03
  3.51666671e-02  5.13380958e-02  2.46976191e-01 -1.49142858e-02
 -8.60952413e-03  7.92238092e-02  8.65523796e-02 -8.13285702e-02
 -7.31476192e-02 -8.16285719e-02 -2.50476195e-02  3.90333344e-02
 -2.06714289e-02 -3.00333342e-02 -1.65676187e-01 -1.16804762e-01
  2.12095242e-02  8.91428306e-03  1.15166666e-01  5.18809534e-02
  1.03714264e-02  4.55238102e-02  2.65285724e-02 -3.31428566e-02
 -4.14666665e-02  3.24285718e-03  9.49904765e-02  4.02000001e-02
 -5.35190474e-02 -9.65238292e-03 -4.22857054e-03  1.69619056e-02
 -5.00523796e-02 -2.68571221e-03 -2.21190482e-02  5.71809529e-02
 -3.40285716e-02 -1.52047621e-02 -8.68380956e-02 -8.35000012e-02
  2.33528576e-01  2.19809515e-02  7.71428576e-02 -1.98142851e-02
  7.68571438e-03 -6.84809520e-02  2.42285701e-02  2.37333334e-02
 -2.38428580e-02  7.95285719e-02 -6.08333336e-02 -2.63904768e-02
 -1.07947620e-01 -1.08504762e-01 -1.20666655e-02  8.99666677e-02
  8.43047614e-02  6.98238119e-02  6.48238090e-02 -3.71285717e-02
 -3.46333320e-02  4.72952393e-02 -4.09428586e-02 -1.23761905e-02
 -8.19380940e-02 -7.41252380e-01  5.58095253e-02 -8.30380954e-02
 -6.88047615e-02 -7.78428584e-02 -2.37047611e-02 -5.23238088e-02
  3.19952370e-02 -1.22595237e-01 -1.70952408e-03  1.57523825e-02
  2.02333322e-02 -5.67523812e-02  8.94380954e-02 -3.59761893e-02
 -3.62238093e-01 -4.12000003e-02 -6.35428567e-02 -3.24809527e-02
 -3.29109528e-01  4.58476179e-02  1.02323809e-01  2.75523812e-02
 -8.66285715e-02  9.66666497e-03  9.91999987e-02 -1.89185715e-01
  3.46857128e-02 -1.68804761e-01 -1.53009523e-01  8.52380843e-03
  5.94999999e-02 -1.03400004e-01  2.61095237e-02 -3.35947623e-01
 -6.35714286e-02  3.69428573e-02  8.14285663e-03  8.73809552e-03
 -3.68285710e-02 -4.28571437e-02  2.52142840e-02  8.15333340e-02
  9.76380959e-02 -5.28095232e-02 -6.18238103e-02  1.23808366e-04
  1.34666656e-02  5.65714185e-03  1.76442857e-01 -4.92857146e-02
 -1.06214285e-01  8.47142788e-03  7.96047629e-02 -1.04204761e-01
  9.02142847e-02  5.66952368e-02  1.73761904e-02 -5.33476186e-02
  4.14761832e-03  5.61000009e-02 -6.78238093e-02 -9.20619043e-02
 -5.21571432e-02  3.99619054e-02 -3.05047631e-02  5.69523694e-03
  2.45333328e-02 -1.02328572e-01  3.78571442e-03  2.47761921e-02
  4.44285717e-02  2.52428574e-02  1.19047151e-04 -6.14428578e-02
 -1.70352382e-01  9.01761908e-02 -2.10623810e-01 -9.57666657e-02
 -2.88619046e-02  2.88333346e-02  4.32380954e-02 -4.81333324e-02]"
公園,"[ 0.0837 -0.1226  0.3118  0.0572 -0.1084 -0.1606 -0.0022  0.0204  0.1477
  0.2893 -0.0357 -0.0753  0.0234  0.3335 -0.2621  0.0333  0.0812  0.1922
 -0.259   0.095   0.1857  0.0424 -0.4097 -0.1711  0.0422 -0.1858  0.2866
  0.1862  0.1079 -0.0113  0.1374 -0.1015  0.015  -0.1119 -0.0461 -0.0472
  0.3274  0.1378 -0.0223 -0.1414  0.009  -0.133  -0.1628 -0.054  -0.0822
 -0.0861  0.1952 -0.1698 -0.1659  0.1035  0.1558 -0.133   0.1863  0.1471
  0.001  -0.2052  0.256  -0.0724 -0.111  -0.0224 -0.1441 -0.2458 -0.1829
  0.1125  0.0748  0.1005  0.0443  0.2409  0.2923  0.0932  0.2002 -0.1095
  0.2192  0.0989  0.1641  0.0153 -0.2029 -0.1996 -0.323   0.0022 -0.0926
  0.278  -0.0649  0.0561 -0.0649 -0.1422 -0.278  -0.2271 -0.1523 -0.2806
 -0.4955  0.1343 -0.0136  0.1924  0.2235 -0.0753 -0.2879 -0.2513 -0.2169
  0.0514  0.0281  0.3016  0.0662  0.0951 -0.1239  0.1626 -0.1693 -0.1861
 -0.0768  0.1056 -0.3421 -0.3179  0.1369 -0.1168  0.4464 -0.0353 -0.2007
  0.1408 -0.0509 -0.1339 -0.097   0.1285  0.3612 -0.1053 -0.3244  0.0285
 -0.0364 -0.0955 -0.4461  0.0381  0.105  -0.0826  0.2021 -0.0149  0.1351
  0.4973  0.0509  0.3009 -0.2424  0.163  -0.0219 -0.0874 -0.0255  0.1169
  0.5313  0.2497 -0.1349 -0.0508  0.1831  0.1111  0.2202 -0.2549  0.117
  0.13    0.4161 -0.2496  0.0748  0.1069  0.2797  0.1053 -0.0634 -0.0105
  0.2497  0.0186  0.07   -0.0049 -0.3383 -0.0492  0.1009  0.038   0.0191
  0.1353 -0.2126  0.2635  0.105  -0.0569  0.1819  0.1434  0.0802 -0.1094
 -0.1315 -0.3565 -0.113   0.2175 -0.1077  0.1994 -0.1134 -0.0964  0.0633
 -0.1301 -0.0586 -0.3154  0.3097  0.0455  0.1285  0.1483  0.1765 -0.0026
  0.0958  0.2938 -0.      0.2892  0.1671  0.1719 -0.0845 -0.1014 -0.1226
 -0.2077  0.1143  0.1427 -0.156  -0.054   0.0028  0.2529  0.2274 -0.1086
 -0.1125 -0.8108 -0.1212 -0.2151  0.2431  0.0578  0.0793  0.0115  0.0474
 -0.0792  0.0997 -0.0533  0.0864  0.326   0.0509  0.0215 -0.1992  0.0011
 -0.1267  0.0677 -0.5166  0.1797 -0.1803  0.2274 -0.2274  0.0674  0.4384
 -0.3193  0.2291 -0.0834 -0.0554  0.0356  0.0656 -0.5423  0.0172 -0.4772
  0.0647 -0.2774  0.3763  0.2659 -0.2657  0.0198  0.3014  0.0908 -0.0902
 -0.1305  0.1838  0.1704 -0.1946 -0.2212 -0.2253 -0.1451 -0.2791 -0.204
 -0.1325 -0.2212  0.1676  0.0768  0.0989  0.0812 -0.0433  0.043  -0.1225
  0.136   0.001  -0.0357 -0.0677 -0.1124  0.3187 -0.1993 -0.0144  0.1012
 -0.0261 -0.1205 -0.1982 -0.0884 -0.2975  0.3972 -0.187  -0.0464 -0.1781
  0.1581  0.0449  0.2692]","[ 5.76447336e-02 -1.49439474e-01  6.05036843e-01  1.47418421e-01
  7.21053138e-04 -2.42499998e-02  5.07578944e-02  3.57631681e-03
 -2.16078946e-02  1.48950000e-01  2.01271055e-01 -1.77473692e-02
 -1.93210533e-02  4.10210518e-02 -3.41123684e-01  1.10271052e-01
 -4.72631569e-02  3.93394743e-02 -2.83786844e-01  2.38026317e-02
  8.54789449e-02  1.00339475e-01 -2.29023687e-01 -8.81736837e-02
  6.16157906e-02 -1.47828948e-01  7.36763156e-02  1.13502632e-01
  2.36921067e-02  3.74815784e-02 -1.37526306e-02 -2.27868419e-02
 -1.72747371e-01 -1.41555266e-01  7.12210521e-02  5.44947356e-02
  2.20102633e-01 -3.32921039e-02 -7.58526326e-02  8.26947367e-02
  2.22131546e-02  8.55078928e-02  2.60947386e-02  9.16289467e-02
 -6.23420844e-03 -7.23947383e-02  6.63289467e-02  7.01052577e-03
 -3.90000023e-03  1.08631578e-01  5.52631699e-03 -1.24105265e-02
  8.65789471e-02  1.44392109e-01 -1.21342099e-02 -6.68499977e-02
  2.01263158e-01 -2.39873684e-01  6.09605255e-02 -6.69552644e-02
 -8.83157920e-03 -2.30339476e-01 -1.26263159e-01  9.33421053e-02
  8.86605250e-02  1.97078942e-02  4.68684195e-02  3.26342103e-02
 -7.17342109e-02  5.97157876e-02  7.95421092e-02 -5.61052630e-02
  1.46431578e-01  1.23836842e-01  6.60736854e-02 -3.16457895e-01
 -1.44060526e-01 -3.39236843e-02 -3.45213161e-01  1.07078963e-02
 -2.37157890e-02  3.79473596e-03 -1.60276316e-01 -9.63157872e-02
 -9.71631595e-02 -3.68315764e-02 -1.84742107e-01 -6.36473684e-02
 -9.51078944e-02 -1.33739475e-01 -2.51273686e-01  7.52710524e-02
 -1.13315794e-02  2.17457895e-01  1.25026317e-01 -9.27947349e-02
 -3.05876318e-01 -1.21626315e-01 -1.73857895e-01  9.86315728e-03
 -3.37763147e-02  5.77428952e-01  4.11526327e-02  6.10736832e-02
 -1.66473693e-02  3.64739474e-01  9.91841992e-03 -1.13036841e-01
  2.99998795e-04  8.08868413e-02 -4.60178953e-01 -1.45455264e-01
  5.94815769e-02 -5.78684204e-02  1.57799998e-01  1.78763152e-02
 -1.07431579e-01  1.71786841e-01  1.12757895e-01 -9.72578952e-02
 -3.29842104e-02  3.40184212e-02  2.23634210e-01 -1.24005263e-01
 -1.08002634e-01 -2.93157927e-03 -1.27621053e-01 -7.11763158e-02
 -8.05157881e-02  1.07871050e-01  1.06605251e-02 -1.05250002e-01
  6.33421048e-02 -1.10121053e-01  5.57026329e-02  1.11789477e-01
  7.49078948e-02  2.53721055e-01 -8.63815793e-02  6.85131596e-02
 -2.94526310e-02 -9.34473669e-02  3.84394737e-02  8.57657884e-02
  5.01576314e-01  1.02749998e-01 -1.44284211e-01 -5.75394745e-02
 -3.96684202e-02  1.09710533e-02  1.29826316e-01 -1.36005266e-01
  1.03381579e-01  1.44473691e-03  4.12439473e-01 -2.20381577e-01
  1.41273685e-01  1.31663159e-01  2.13371053e-01 -1.45526388e-03
 -1.12936845e-01 -6.25263160e-02  4.67631412e-03  1.90000017e-02
  1.19168421e-01  3.76710527e-02 -3.82471051e-01 -1.55668422e-01
 -1.77105339e-03 -1.03052637e-02  6.37921060e-02  5.94289467e-02
 -1.23657892e-02  2.14628948e-01 -5.02736868e-02  5.16736845e-02
  5.51315658e-03  2.37631259e-03  5.67684233e-02  6.70578954e-02
 -1.61000005e-01 -7.19263210e-02 -2.31044738e-01  1.06921054e-01
 -1.10218421e-01 -1.26447393e-02 -8.44131582e-02  2.13236842e-01
  5.92815782e-02 -1.53807894e-01 -9.71578848e-03 -7.36394731e-02
  4.15652637e-01  6.64078935e-02  2.27984212e-01  4.69894722e-02
  3.55789455e-03  7.63947605e-03  4.28736847e-02  1.68931579e-01
 -7.24447381e-02  2.17231581e-01  6.19052617e-02  3.16236871e-02
 -9.45499996e-02 -1.87486843e-01  4.24473925e-03 -8.06842127e-03
  5.21473680e-02 -2.94131574e-02 -9.02789477e-02  1.09255260e-01
 -1.42734211e-01  6.32078935e-02  1.05139473e-01 -1.05286841e-01
 -9.11868421e-02 -1.33807895e+00 -9.33684202e-02 -1.95623687e-01
  3.63342118e-02 -4.12368426e-02 -9.59210543e-03 -1.76342086e-02
  5.88026309e-02 -2.72463157e-01  1.06628949e-01 -6.83815781e-02
  1.10236842e-01  5.95052639e-02  1.54255264e-01 -1.06168419e-01
 -5.00131575e-01 -1.02647369e-01 -5.18684257e-03 -1.95131579e-02
 -6.04355270e-01  1.53007896e-01  1.26144737e-01  1.10323686e-01
 -1.37878947e-01  6.30657917e-02  2.41844735e-01 -5.16794734e-01
  1.04807896e-01 -3.62378948e-01 -2.58776315e-01  2.57157896e-02
 -1.11344737e-01 -4.19936836e-01 -4.06052668e-03 -5.96365792e-01
  2.28315795e-02 -3.07868404e-02  1.79839476e-01  1.21942105e-01
 -1.92465793e-01  5.47157885e-02  1.43597367e-01  9.25447387e-02
 -3.48421054e-02 -1.25599999e-01  3.51342114e-02 -6.44973673e-02
 -1.27815794e-02 -1.21457897e-01  4.33842150e-02 -7.03473686e-02
 -1.99936843e-01 -6.17105246e-02  4.58947378e-03 -1.13765790e-01
  1.76807894e-01  1.16342105e-01  2.98763166e-02  2.03842094e-02
  6.48684200e-02 -4.05184222e-02 -1.86228950e-01 -1.15513157e-01
  3.13486841e-01  9.06052607e-02 -1.15992107e-01 -5.21052614e-02
  1.88249998e-01 -1.40650000e-01 -1.94094738e-01 -2.58131588e-02
  2.20263166e-02  4.74105236e-02 -1.02000001e-01 -4.04052619e-02
 -3.10705267e-01  1.95971049e-01 -1.28465789e-01 -6.32263144e-02
 -2.23210540e-02  1.91863159e-01  7.06526321e-02 -2.40684200e-02]"
都庁,"[ 0.057   0.5377  0.2021  0.1906 -0.2054 -0.3877  0.0648 -0.1019  0.2763
  0.0829  0.1059  0.157   0.0123  0.0442 -0.4743  0.0041 -0.226  -0.0344
 -0.2451 -0.1074  0.4767 -0.1521 -0.4757 -0.1395  0.3763  0.2909  0.2425
  0.2207 -0.4329  0.0224  0.3052 -0.1023 -0.1414 -0.1432  0.1173  0.0206
  0.577   0.2692  0.3548 -0.4334  0.0687 -0.1769 -0.212   0.0374 -0.1616
  0.2205  0.3588  0.0116  0.2354 -0.015   0.023  -0.1324 -0.1219  0.2734
 -0.5016 -0.7334 -0.1091 -0.1723  0.5186  0.1225  0.1156  0.23    0.1669
 -0.2723  0.1785  0.2606  0.0842 -0.0478  0.2131 -0.0752 -0.1888  0.0173
  0.0255  0.0472 -0.0923 -0.0384 -0.3734 -0.4184 -0.2018 -0.4408 -0.0296
  0.3739  0.0467 -0.1557 -0.2062  0.3921  0.4306 -0.0978  0.0796 -0.1758
 -0.1727 -0.3981 -0.1563  0.296  -0.3105  0.136  -0.4463 -0.0309  0.2624
  0.0779  0.1393  0.0934 -0.1745  0.0526  0.1425  0.5682 -0.0815 -0.0956
 -0.0219  0.3126  0.0755  0.2762  0.0954 -0.5697  0.1625  0.1376 -0.2241
 -0.222   0.2432 -0.1022 -0.0729  0.4349  0.1731 -0.4299 -0.1519 -0.0613
  0.1223 -0.0958  0.1281  0.0248  0.2652  0.0277  0.1434 -0.0736  0.0273
 -0.052   0.2603  0.3772 -0.1347 -0.2372  0.5925 -0.1677 -0.2945  0.0435
  0.141  -0.171  -0.2732  0.213  -0.2572 -0.5668  0.1593  0.3657 -0.2201
  0.3971  0.248  -0.0015  0.1661 -0.2601 -0.1422 -0.1547  0.0387 -0.1136
  0.2141 -0.046   0.0889  0.0261 -0.3     0.0337  0.0174  0.0144 -0.0901
 -0.1047  0.1392 -0.2449  0.0433  0.1723  0.4289 -0.0725  0.0945 -0.1523
  0.0059 -0.3593 -0.1179  0.0931  0.2654  0.0471 -0.2723  0.1253  0.2859
 -0.2975 -0.048  -0.1607 -0.1279  0.1844  0.4558  0.407  -0.3057  0.3565
 -0.0151  0.1215 -0.2918  0.4183 -0.0096  0.18    0.3053 -0.184  -0.1102
  0.31    0.2108 -0.5694 -0.0788 -0.0586  0.027  -0.0027  0.3059  0.0509
  0.1519 -1.2454 -0.2112 -0.1373 -0.069  -0.3081  0.126   0.1113  0.6325
 -0.1221 -0.3428 -0.4883  0.1694  0.245   0.1569  0.1442 -0.3269 -0.4903
 -0.4247 -0.076  -0.3671  0.2986 -0.1166  0.224  -0.0075  0.2862  0.2474
 -0.4695 -0.0671 -0.1344 -0.3424  0.0664  0.1803  0.3033  0.2601 -0.419
  0.1266 -0.1124 -0.0553  0.2123  0.0867  0.078  -0.1379 -0.183   0.4109
 -0.3822  0.1325 -0.0165  0.37   -0.2351 -0.0498 -0.063   0.2025  0.1688
 -0.5127 -0.0298 -0.1831 -0.429  -0.3507 -0.3636  0.0615 -0.5673 -0.0199
  0.0984 -0.584  -0.1608  0.3327 -0.2044 -0.1922 -0.2972  0.0925  0.3679
 -0.2774  0.3712 -0.0235 -0.0044 -0.16    0.1181 -0.9946  0.1476 -0.3323
  0.0374 -0.2382  0.2475]","[-1.51987177e-01  1.51274358e-01  8.13289747e-01  1.56846151e-01
 -8.64615298e-03 -5.06794833e-02  8.80153850e-02 -2.56487181e-01
 -2.60102522e-02  2.51184614e-01  1.19171793e-01  3.84717978e-02
 -9.94410269e-02  1.02846155e-01 -6.67802561e-01  1.35097435e-01
  6.85923089e-02  4.91128201e-02 -2.66517951e-01 -1.11964107e-01
 -4.77589687e-02 -1.91615380e-01 -7.38143586e-01 -8.70923096e-02
  2.56620514e-01 -1.31028204e-01  3.12164104e-01  1.29846145e-02
 -2.29666666e-02 -6.61794777e-03  1.91358979e-01 -1.92343589e-01
  5.32897434e-02 -2.25812820e-01  1.48887181e-01  2.08179484e-02
  4.02010264e-01  2.53561535e-01  3.16541024e-01 -4.37974357e-01
 -1.39646153e-01 -1.57441028e-01 -3.97000000e-01  5.35641021e-02
 -3.77025590e-02  1.33002566e-01  1.57856407e-01  3.11230750e-02
 -6.62256390e-02  6.73000018e-02  3.40512704e-03 -6.67410252e-02
  7.32692316e-02  1.97094880e-01 -2.42369235e-01 -1.14279483e-01
  3.01399998e-01 -1.97517949e-01  3.77084612e-01  7.30205154e-02
  1.96923075e-02  2.93948715e-02  7.53564108e-02 -2.60971796e-01
  2.45738461e-01 -6.46692314e-02 -2.17358979e-02  1.29743597e-02
 -8.20512834e-02  2.72453848e-01 -1.25364102e-01  4.64615215e-03
 -4.44102565e-02 -1.44558976e-01 -9.16743584e-02  1.69897445e-02
 -2.22641026e-01 -1.45769226e-01 -8.41615419e-02 -3.50310259e-01
 -9.84435925e-02 -1.24974353e-02 -2.77751281e-01 -1.15435898e-01
  4.12102533e-02  1.52764104e-01  5.50641023e-02 -5.06000015e-02
  8.22871769e-02 -1.22461562e-02 -1.82976924e-01 -2.90689741e-01
  8.55461541e-02  3.47228204e-01  4.20384636e-02  2.95538474e-02
 -6.65494876e-01 -9.96282050e-02 -5.94230776e-02 -1.76179501e-02
  1.46794871e-02  3.36215387e-01 -1.23805129e-01  2.66666718e-03
  3.62435907e-02  9.00358971e-01 -1.80302566e-01 -8.56743592e-02
  7.81307680e-02  3.05879481e-01 -1.32315383e-01  2.88835892e-01
  2.85497435e-01 -4.14423077e-01  1.52571793e-01  2.26597438e-01
 -4.40651282e-01 -1.32225643e-01  3.34230772e-01 -1.08235896e-01
  9.15769277e-02  1.98471791e-01  2.66256408e-01 -1.13225640e-01
 -2.67810253e-01  1.20256402e-02  1.15005126e-01  1.36815383e-01
 -8.96871837e-02  6.50564087e-02  8.20769180e-02 -1.27846144e-02
  2.65887180e-01 -1.41743610e-02 -1.38251281e-01 -2.74051288e-01
  3.19556415e-01  4.25456411e-01 -2.12956413e-01 -2.41102552e-02
  2.99402555e-01  1.97435937e-02 -1.63666630e-02  7.86666660e-02
  5.38810261e-01  4.33205110e-02 -2.53466667e-01  3.47333338e-02
 -2.14048718e-01 -2.89353843e-01 -6.98589762e-02  1.07825644e-01
  1.23807695e-01  2.12641037e-02  6.21989741e-01 -1.59071794e-01
  1.15535897e-01 -4.66641054e-02  5.54435917e-02 -6.49076893e-02
 -4.27487171e-02 -1.62266667e-01  7.94358862e-03  4.62102528e-02
  1.34325637e-01  8.14717946e-02 -4.33353853e-01 -1.84041024e-01
 -8.80025650e-02  7.17358989e-02  6.97076910e-02 -2.76658974e-01
 -7.56948695e-02 -1.30346154e-01 -6.36615367e-02  1.72951283e-01
  2.13028205e-01 -2.40974357e-02  3.43307667e-02 -1.98789744e-01
  6.92820517e-02 -7.29428208e-01 -2.95282047e-02  2.86379490e-01
  2.26092307e-01  2.35076915e-02 -1.87223079e-01  1.34392308e-01
  1.19484613e-01 -2.09497440e-01 -1.74933335e-01 -3.36153803e-03
  1.72184614e-01  1.59023077e-01  3.25684613e-01  8.75666701e-02
  8.71128183e-02  2.55576919e-01 -2.92743601e-02  1.09697436e-01
 -2.60415383e-01  4.64092310e-01  1.88056413e-01  6.53717946e-02
  1.04179487e-01 -5.26974353e-02 -2.65589773e-02  3.22341024e-01
 -1.86564084e-02 -2.23600001e-01 -7.20179477e-02  3.43358972e-02
 -1.86333368e-02  8.75025626e-02  4.39494877e-01 -2.12343590e-01
  2.42948684e-02 -1.94958204e+00 -2.44371796e-01 -4.32563812e-03
  9.93435909e-02 -2.23207692e-01  1.66938461e-01  2.54825640e-01
  5.06948716e-01 -3.53364103e-01 -6.37871781e-02 -1.73992308e-01
  1.75546155e-01  2.71520516e-01  2.57551281e-01  1.48941026e-01
 -4.72920518e-01 -4.25682054e-01 -1.72992306e-01  5.04743609e-02
 -6.96028201e-01  9.11435871e-02 -1.28094872e-01  1.77066669e-01
 -3.39512847e-02  9.40846118e-02  2.20466668e-01 -8.13907696e-01
  7.43333389e-03 -2.11107693e-01 -1.84705131e-01  1.69953850e-01
 -1.97723074e-01 -3.61653842e-01  1.75951285e-01 -7.20405125e-01
  3.53230738e-02 -2.61051274e-02  1.50061539e-01  3.35525642e-01
  5.98410228e-02 -7.22692333e-02 -2.46205158e-02 -2.86153831e-03
  2.36512818e-01 -4.18679490e-01  1.75787178e-01 -2.83025645e-02
  1.30699999e-01 -1.93641025e-01 -7.61179443e-02 -1.40512959e-03
  8.70641059e-02 -5.07076924e-02 -2.50807695e-01  3.51205152e-02
  2.02461548e-02 -2.92751279e-01 -1.64074357e-01 -7.85384141e-03
 -1.51930772e-01 -2.09258980e-01 -1.60576922e-01  9.45384610e-02
 -2.49794876e-02 -9.62615389e-02 -1.48615361e-02 -1.10771793e-01
 -8.97153860e-02 -3.62856407e-01  5.02205135e-02  1.52802568e-01
 -1.89038457e-01  3.41279485e-01 -1.19751283e-01  1.17684616e-01
 -2.47502567e-01  2.77871795e-01 -7.60807689e-01 -2.27230776e-02
 -3.69779486e-01  1.20171792e-01 -1.33753845e-01  2.32853847e-01]"
