aspect,aspect_vecs,cluster_main_vecs
桟敷,"[-3.0330e-01 -1.0700e-02  2.9940e-01  3.8900e-02  1.0220e-01 -1.8140e-01
  1.0880e-01 -8.7800e-02  8.6200e-02  3.3300e-01 -2.4900e-02  2.7070e-01
  1.5340e-01 -5.8090e-01 -2.6300e-01  3.7910e-01 -2.2320e-01 -1.2600e-02
 -4.1530e-01  3.9350e-01 -1.0560e-01 -7.7500e-02 -3.1350e-01  7.0100e-02
  1.7190e-01 -5.7500e-02  2.7180e-01 -3.1640e-01  1.5290e-01 -2.0110e-01
  6.5000e-02 -3.4270e-01  8.1100e-02  8.7800e-02 -3.3900e-01  1.2960e-01
  3.1200e-02 -2.4570e-01  2.5400e-02  1.5180e-01 -6.2100e-02 -2.8260e-01
  1.5990e-01  5.0070e-01 -3.1000e-01 -8.1500e-02 -2.6680e-01  9.7900e-02
 -3.1070e-01 -1.2360e-01  2.2030e-01  5.3300e-02  9.9300e-02 -1.2850e-01
 -3.8210e-01 -1.7160e-01  1.3870e-01 -4.9280e-01  2.8170e-01  3.7000e-03
 -1.0270e-01 -1.1060e-01 -5.0500e-02  4.7410e-01 -3.3600e-02  1.4810e-01
 -1.3940e-01  4.6200e-02  1.8450e-01  3.3870e-01 -3.4670e-01 -1.6090e-01
  9.9200e-02 -1.1380e-01  3.8020e-01 -1.6200e-02 -4.9330e-01  2.4270e-01
 -2.1100e-02 -5.9130e-01  4.7340e-01 -4.0000e-03 -1.8920e-01 -3.0730e-01
 -1.1400e-02 -3.6440e-01  1.7940e-01 -1.7870e-01  2.1850e-01 -1.6360e-01
 -4.4880e-01  5.0520e-01 -2.3840e-01 -1.4200e-02  6.1200e-02 -1.4600e-01
 -2.7830e-01 -6.2090e-01 -1.7730e-01 -1.5650e-01  1.6700e-01  2.3040e-01
 -5.2600e-02  7.2000e-03 -2.1800e-02  1.0040e-01 -2.7700e-02  2.2660e-01
 -1.3590e-01 -6.1600e-02 -2.9740e-01  1.6900e-02  7.0000e-04  6.7700e-02
  3.5530e-01  5.2130e-01 -1.2360e-01  4.0680e-01 -2.1700e-01  6.8100e-02
 -4.7090e-01 -9.4400e-02 -7.0400e-02 -2.1670e-01  1.5930e-01 -2.0460e-01
 -4.4300e-02 -3.0030e-01 -3.9730e-01 -2.3230e-01 -3.6700e-01  3.8920e-01
  2.4980e-01  1.0940e-01 -5.4500e-02  2.0600e-02 -1.6910e-01 -1.2780e-01
  3.3000e-02  1.7820e-01 -9.9100e-02 -1.6210e-01  4.3000e-03  1.7800e-01
  1.0120e-01  4.9740e-01  1.0710e-01  1.7700e-02 -5.4800e-02  5.2790e-01
  1.5670e-01 -4.6120e-01  2.4290e-01 -7.6800e-02  4.4990e-01  9.6900e-02
 -2.2180e-01  1.4860e-01 -5.2000e-03  1.1890e-01  4.5280e-01 -3.8300e-01
  1.1410e-01  1.6700e-01  6.0510e-01 -1.5930e-01 -4.0240e-01 -1.8930e-01
 -1.6940e-01 -7.9000e-02 -7.8000e-03  1.8180e-01 -3.1400e-01  6.5600e-02
  8.3200e-02 -5.4870e-01 -4.0200e-02  4.2250e-01 -2.6200e-02  1.1670e-01
 -1.6500e-01  3.4260e-01  1.4190e-01 -1.1690e-01  3.7400e-02 -5.4000e-03
 -3.2020e-01 -2.1170e-01 -3.9000e-02  2.1980e-01  4.3400e-02  1.4390e-01
  2.9000e-02  7.4000e-02  5.4200e-02 -2.5130e-01  1.9530e-01  2.6050e-01
 -4.2390e-01 -1.9130e-01 -2.5400e-01  1.7820e-01 -1.2830e-01 -1.1290e-01
  1.3190e-01  1.7610e-01  2.9050e-01 -2.5500e-02 -3.9500e-02  6.5000e-02
  1.6230e-01 -2.2870e-01 -2.9720e-01  4.1280e-01  3.5240e-01 -6.1610e-01
 -8.1400e-02 -1.1175e+00  3.5350e-01  4.0390e-01 -1.3520e-01  1.9500e-02
  3.0640e-01  4.7750e-01 -4.6070e-01 -3.7200e-02 -4.2670e-01 -2.2700e-01
  3.6270e-01 -3.6300e-02  6.6600e-02 -2.4150e-01 -2.0530e-01  1.5880e-01
 -7.5300e-02  4.3600e-02 -5.1100e-01  3.9760e-01  2.4960e-01 -3.3100e-02
 -4.7680e-01 -1.5330e-01  1.2150e-01 -4.0090e-01 -2.8990e-01 -2.7870e-01
 -3.4970e-01 -1.9330e-01 -5.0200e-02  1.0850e-01 -1.2970e-01 -3.0540e-01
  1.1160e-01  1.6700e-01  3.3200e-02  2.1290e-01  1.4720e-01 -4.7300e-02
  5.8200e-02  2.6980e-01  5.0000e-04 -1.9690e-01  2.8100e-02 -8.1000e-03
 -8.1900e-02 -1.2000e-02 -1.9410e-01  7.5900e-02  1.0800e-01  4.6480e-01
 -2.2680e-01  2.6630e-01  1.9430e-01 -8.8430e-01 -1.2210e-01 -1.4180e-01
  6.2930e-01 -8.9000e-03 -5.5050e-01 -2.6820e-01 -4.7700e-02 -3.5400e-02
  4.2070e-01  5.8600e-02  2.8530e-01  2.4320e-01 -3.8660e-01 -1.2210e-01
  2.4460e-01  3.1520e-01 -2.3100e-01  1.8900e-02 -4.2050e-01  1.8370e-01
  1.0570e-01  2.0090e-01  9.0700e-02 -1.9300e-02  1.5870e-01  1.7100e-02]","[-4.82599996e-01  2.61499975e-02  1.07630000e+00  9.23500024e-02
  4.54450009e-01 -4.99700002e-01  1.11100003e-01 -7.93000031e-02
  1.19749999e-01  3.34300004e-01  1.52999995e-01  2.07050007e-01
 -1.41999997e-01 -1.13104999e+00 -3.36500108e-02  5.61149999e-01
 -2.65499994e-01 -2.83149994e-01 -6.97450016e-01  4.89399998e-01
  6.79999962e-03 -2.43050002e-01 -4.72299986e-01  1.81350002e-01
  4.75900012e-01 -2.28750008e-01  4.67100006e-01 -1.58599988e-01
 -2.21000025e-02 -3.99700001e-01 -9.30000022e-02 -6.08549990e-01
 -1.10749992e-01  2.34700002e-01 -3.01999987e-01 -1.37999989e-02
 -9.55000008e-02 -4.49550007e-01  1.09850002e-01  2.47800007e-01
  3.79099995e-01 -1.54099984e-01  3.55699997e-01  8.26600010e-01
 -5.89500010e-01 -3.44500009e-01 -5.18199991e-01  5.88399995e-01
 -4.15650002e-01 -2.40999982e-02  1.21500045e-02  1.36050001e-01
  1.05099995e-01 -1.25249997e-01 -5.97099986e-01 -3.44399992e-01
  3.73249987e-01 -5.85599996e-01  1.49699990e-01 -9.86999969e-02
 -2.21500043e-02 -1.76400002e-01  8.38500001e-02  6.48699991e-01
  3.82500011e-02  1.06400004e-01  1.76749987e-01  4.16999999e-02
  3.73049989e-01  3.96649987e-01 -3.86000015e-01 -2.11399999e-01
 -1.94049995e-01  1.98500026e-02  2.47949998e-01 -3.27799993e-01
 -7.57249985e-01  6.78499937e-02  1.83950006e-01 -7.95350013e-01
  3.56550001e-01 -1.39000001e-02 -3.96950006e-01 -4.26850002e-01
  9.28000016e-02 -6.75149993e-01  5.03499918e-02 -1.29650004e-01
  5.68850015e-01 -2.72649996e-01 -4.97200001e-01  8.70000023e-01
 -5.05849995e-01  9.00500026e-02 -1.21550005e-01 -6.23999983e-02
 -5.62349983e-01 -5.12299974e-01 -1.97000004e-01 -2.62949994e-01
  1.54749997e-01  3.93250003e-01 -1.69049997e-01  4.16650002e-01
 -6.63999986e-02  1.44399993e-01  3.55349995e-01  2.18800006e-01
 -1.86650008e-01  1.37999998e-01 -6.85849994e-01 -1.10500045e-02
  4.34999943e-02  2.41999980e-02  4.04700011e-01  6.80450022e-01
 -1.46849999e-01  6.78100007e-01 -1.51399994e-01  1.96999977e-02
 -5.03449997e-01 -3.74550012e-01  1.24200001e-01 -3.53050006e-01
  1.61849998e-01 -5.23600001e-01 -8.04000013e-02 -5.00999987e-02
 -3.20100004e-01  7.34999925e-02 -3.08200013e-01  3.90150003e-01
  5.00399999e-01  3.40399988e-01  8.68500024e-02 -4.84999083e-03
 -1.31800002e-01 -1.01600003e-01  4.44000009e-01  4.29700006e-01
 -2.44400002e-01 -2.63400003e-01  2.55550013e-01  2.06300002e-01
  7.23250002e-01  4.87699987e-01  8.30500051e-02  7.20000025e-02
 -2.63500001e-01  5.64999983e-01 -3.49000045e-02 -6.26950007e-01
  3.61199997e-01 -4.11050007e-01  7.26049997e-01  1.53650000e-01
 -2.08500000e-01  3.23950004e-01  1.88349998e-01  1.37000002e-01
  6.50500001e-01 -5.62499985e-01 -2.67949993e-01  5.45849996e-01
  8.88549985e-01 -6.56000003e-02 -8.37449986e-01 -3.47550007e-01
 -2.84700004e-01 -2.27150004e-01 -1.28799999e-01  1.90099993e-01
 -1.42650016e-01  1.61200002e-01  1.95700001e-01 -7.22349978e-01
 -7.45500000e-02  7.19150027e-01 -3.24649997e-01  4.57150005e-01
 -4.50950008e-01  3.17799987e-01 -3.15399989e-01  1.40050001e-01
  1.71749998e-01  8.64000004e-02 -3.58099998e-01  5.59000056e-02
  6.57000020e-02  5.51049989e-01  1.36450004e-01  2.54650007e-01
  3.39650000e-01  1.43900003e-01 -5.49998134e-04 -1.40400005e-01
  2.11999938e-02 -6.52999851e-02 -4.48900010e-01 -1.87100004e-01
 -4.94650014e-01  4.40700017e-01 -1.02699997e-01 -1.68999995e-01
  1.20649998e-01 -2.48000026e-02  7.14399993e-01 -2.02499963e-02
 -5.00002410e-04 -1.89650005e-01  4.81700009e-01 -4.79249999e-01
 -5.04799992e-01  3.17300018e-01  1.15550000e-01 -9.77050006e-01
  2.70999987e-02 -2.27144994e+00  1.83800012e-01  2.24050002e-01
 -3.69499959e-02  1.52450005e-01  5.85399994e-01  6.52999990e-01
 -4.73600006e-01 -1.70800000e-01 -7.11400008e-01 -1.16799995e-01
  4.14499986e-01 -9.59499963e-02  1.50649999e-01 -2.66450005e-01
 -6.43450007e-01  2.63600010e-01 -3.98500003e-02 -1.63599996e-01
 -9.77149978e-01  3.61899994e-01  5.60199995e-01 -3.14800002e-01
 -6.76499989e-01  2.21800007e-01  6.56000003e-02 -8.88799995e-01
 -2.38700010e-01 -5.83599985e-01 -6.80000003e-01 -3.69199991e-01
  1.38699993e-01 -4.14449997e-01 -4.54099996e-01 -7.97500007e-01
 -1.61000043e-02  3.01299996e-01 -1.08449999e-01  6.60349997e-01
  2.25149997e-01 -1.63950001e-01 -1.52999992e-01  4.78200004e-01
 -6.87499988e-02 -6.67749997e-01  2.65800001e-01 -2.02000039e-02
 -3.03299993e-01  1.70000004e-01 -2.99150005e-01 -1.94250006e-01
 -4.32000015e-02  1.21079997e+00 -5.34750000e-01  4.20199987e-01
  3.79349994e-01 -8.47799992e-01 -4.69999760e-03 -2.21399999e-01
  8.83499991e-01 -4.70999964e-02 -9.40549970e-01 -2.24850012e-01
  4.46500033e-02 -2.43950006e-01  6.39900029e-01  2.88850005e-01
  4.22999986e-01  1.83700005e-01 -5.71499996e-01 -1.52000004e-01
  5.16749997e-01  4.96550001e-01 -2.93200009e-01 -1.43800003e-01
 -3.97800012e-01 -2.72000000e-01  1.88900001e-01  3.29200003e-01
 -5.76499924e-02  8.98000058e-02  2.28800004e-01 -2.61749996e-01]"
椅子,"[-0.2059  0.0231  0.2987  0.0021  0.1076  0.1366  0.052  -0.2277 -0.0803
  0.2724  0.1456  0.0958  0.06   -0.0167 -0.3689 -0.1594 -0.1607 -0.2674
 -0.1144  0.1626  0.0102  0.0009 -0.2041 -0.0288 -0.0331  0.1904 -0.0252
  0.0047 -0.5938 -0.018   0.1501 -0.0383 -0.231  -0.2858  0.1185 -0.1749
 -0.1839  0.0272  0.0452 -0.0159  0.0166  0.0687  0.1353  0.3343 -0.1588
  0.0181  0.0587  0.2863  0.1434  0.2581  0.1013  0.2054  0.1723 -0.0374
 -0.1854 -0.2286  0.2049 -0.0558 -0.313  -0.0689 -0.0402 -0.3525  0.0415
  0.1668 -0.0524 -0.0741  0.1659  0.1655 -0.061   0.0872 -0.0964  0.0161
 -0.2628 -0.1012 -0.1608 -0.3168 -0.1344 -0.0805 -0.2673 -0.1833  0.5178
 -0.1857 -0.1798  0.138  -0.0416 -0.3641  0.1244 -0.107   0.1953  0.1999
 -0.0247  0.0102 -0.3211  0.0488 -0.2038  0.0735 -0.0832 -0.1531 -0.2318
 -0.1371  0.2974  0.5085 -0.3238  0.0971 -0.1482  0.2655  0.0117 -0.1548
  0.145  -0.0036 -0.3357 -0.0372 -0.0437 -0.0107 -0.0535  0.0764 -0.1734
  0.0844 -0.0022  0.0439 -0.0812 -0.1272 -0.0776 -0.2426 -0.2912  0.0981
 -0.3929 -0.2148 -0.3518  0.0689 -0.0081  0.0986  0.1178  0.2059  0.1303
  0.1612  0.2367  0.0646  0.1383  0.3329  0.1584  0.1694  0.0411 -0.0994
  0.1572 -0.0047  0.0068  0.1119 -0.0448  0.108  -0.0035 -0.328   0.2404
 -0.062   0.1291  0.1247  0.0283  0.0676  0.1791 -0.1951 -0.1128 -0.2326
 -0.2877 -0.0957  0.4227  0.0562 -0.0945  0.1708 -0.1765 -0.2279  0.1094
  0.0207  0.044   0.1136 -0.2976 -0.2392  0.2544  0.0751 -0.1091  0.0985
 -0.1246 -0.1254  0.1346 -0.0644 -0.1621  0.0732 -0.0452 -0.1209 -0.1272
 -0.1779  0.2213 -0.012   0.0838 -0.1169  0.1956  0.1777 -0.0487 -0.1637
  0.183  -0.0863 -0.3704  0.0789 -0.4429 -0.2139 -0.0979 -0.0611  0.033
 -0.1526  0.0124 -0.2086 -0.0032 -0.1323  0.0771  0.1932  0.2317 -0.1967
  0.3212 -0.7983 -0.0072 -0.1005 -0.2234  0.0293  0.0985 -0.1959  0.0608
 -0.1328 -0.1356  0.1084 -0.1047  0.1188  0.083  -0.1565 -0.3818 -0.087
 -0.0027 -0.2084 -0.3296  0.091   0.2895 -0.1492 -0.0479  0.0436  0.1062
 -0.384   0.0315 -0.2853 -0.3155  0.1134 -0.0657 -0.4777  0.1446 -0.5898
  0.1895  0.1593  0.0347  0.1118  0.1471  0.1287 -0.1149  0.1419  0.2155
 -0.2009 -0.0537  0.1405 -0.0585  0.1929  0.0812  0.2985  0.1353  0.2806
 -0.0198  0.0972  0.4109  0.0482  0.0627 -0.0641  0.4551 -0.4734 -0.2302
 -0.5107 -0.1024 -0.1122 -0.0801 -0.2028  0.0985 -0.1546 -0.2057 -0.1307
  0.0259  0.1342 -0.0507  0.0409 -0.0694  0.0644  0.0745 -0.022   0.2242
  0.0244  0.0227  0.0101]","[-2.87400000e-01  6.06999993e-02  5.11600003e-01 -2.73499994e-02
  2.92250007e-01 -3.49998474e-04  2.02500001e-02 -2.20699995e-01
 -6.45500030e-02  2.11499993e-01  2.38350004e-01  6.69499971e-02
 -5.27000017e-02 -2.83699989e-01 -4.60850000e-01 -4.82999980e-02
 -2.08499994e-01 -4.30099994e-01 -2.28100002e-01  2.23899994e-01
  3.07499999e-02 -3.79000012e-02 -2.57749997e-01  2.33500004e-02
  1.11950003e-01  1.00400001e-01  6.43999968e-02  7.08500021e-02
 -6.73850007e-01 -1.39299996e-01  1.23249993e-01 -2.05999993e-01
 -3.36450003e-01 -1.20850012e-01  1.40050001e-01 -2.00549996e-01
 -2.52999999e-01 -5.78500014e-02  9.06000026e-02  6.95500001e-02
  2.18899997e-01  1.20900001e-01  2.07149997e-01  4.99300018e-01
 -3.20550010e-01  3.60500012e-02 -8.09500031e-02  5.04850000e-01
  9.64499973e-02  3.46050002e-01  1.37000009e-02  2.30450004e-01
  1.45399995e-01  2.05000117e-03 -2.84849994e-01 -3.23899992e-01
  3.07249993e-01 -9.90999974e-02 -4.00049992e-01 -1.16349995e-01
 -2.39999965e-03 -3.77349991e-01  8.20499994e-02  2.18500007e-01
 -5.63000003e-02 -8.23000027e-02  3.20150003e-01  1.76550000e-01
 -1.85000151e-03  2.00599998e-01 -8.36500004e-02 -2.10000016e-03
 -4.36550006e-01 -4.44499999e-02 -2.28599995e-01 -4.37199995e-01
 -2.74649993e-01 -1.55800000e-01 -1.61050007e-01 -2.77100004e-01
  4.84199975e-01 -1.97799999e-01 -2.64950007e-01  9.90499966e-02
 -4.59999964e-03 -5.12250006e-01  8.81999955e-02 -5.71500026e-02
  3.62900004e-01  1.29950002e-01 -6.33000024e-02  2.21299998e-01
 -4.64499995e-01  8.60500000e-02 -2.67749995e-01  9.82499998e-02
 -2.07149997e-01 -1.18699998e-01 -2.65850004e-01 -1.51899996e-01
  3.07649998e-01  6.87149987e-01 -3.70599996e-01  3.25099997e-01
 -1.71150004e-01  3.37500006e-01  7.86500005e-02 -1.61999998e-01
  2.07949996e-01  9.84499990e-02 -5.45550004e-01 -8.34500007e-02
  4.05999981e-02 -1.68000003e-02  5.08500002e-02  1.22449998e-01
 -1.61450000e-01  2.07350001e-01  4.19999994e-02  2.09000017e-02
 -7.86000036e-02 -2.72700012e-01  4.17499989e-02 -3.02999996e-01
 -2.36800011e-01 -6.80999979e-02 -4.17449990e-01 -1.03349999e-01
 -3.63849995e-01  2.50449993e-01  3.52499997e-02  1.26200000e-01
  1.78849999e-01  3.35899994e-01  1.84050001e-01  2.36550003e-01
  2.52949998e-01  6.26999983e-02  3.39300007e-01  4.36349988e-01
  8.96999985e-02  1.18750006e-01  1.70000006e-01 -1.00949999e-01
  2.40299992e-01  6.25000009e-03 -3.16499989e-02  1.47400003e-01
 -1.17500000e-01  1.52950004e-01 -1.01350002e-01 -4.41300012e-01
  3.29750001e-01 -1.66850001e-01  2.19249994e-01  1.30900003e-01
  3.98500003e-02  1.43500000e-01  2.48150006e-01 -2.03449994e-01
 -1.39000043e-02 -3.05600002e-01 -4.67099994e-01  8.16499963e-02
  5.78799993e-01  9.29500014e-02 -2.87299998e-01  9.57999974e-02
 -2.24199992e-01 -3.24299999e-01  8.69999975e-02  3.01500000e-02
  1.77599996e-01  1.45550001e-01 -2.24500000e-01 -3.23799998e-01
  2.34550014e-01  2.22050004e-01 -2.47649997e-01  1.80799998e-01
 -2.54900001e-01 -1.47850007e-01  5.64500019e-02  4.73999977e-02
 -1.08900003e-01  9.86000020e-02 -6.49500024e-02 -1.24799998e-01
 -6.24000058e-02 -3.00005078e-04  2.93150008e-01  4.65500001e-02
  2.31250003e-01 -1.25399997e-01  1.80000003e-01  2.31899999e-01
 -1.70800004e-01 -3.27399999e-01  1.51199996e-01 -1.14150001e-01
 -4.88100015e-01  2.32400008e-01 -4.46150002e-01 -2.09200000e-01
 -1.09450003e-01 -1.13499999e-01  2.84650005e-01 -1.19050004e-01
  3.01000001e-02 -3.45100001e-01  1.66350002e-01 -2.05400005e-01
 -1.30499974e-02  2.22850008e-01  2.17950003e-01 -3.21050003e-01
  3.90700012e-01 -1.25140002e+00 -6.36999989e-02 -1.98500000e-01
 -2.43499996e-01  8.09000023e-02  2.40899995e-01 -1.52749993e-01
  5.23000006e-02 -2.07199998e-01 -2.86050007e-01  1.51600003e-01
 -8.02499987e-02  1.64249998e-01  1.17899995e-01 -1.71499996e-01
 -5.03199995e-01 -4.52999957e-02  3.25000007e-03 -3.24049994e-01
 -4.52400006e-01  7.75499977e-02  4.22950000e-01 -2.24500008e-01
 -1.60399996e-01  1.98350005e-01  9.08000022e-02 -6.64849997e-01
  1.22999996e-02 -4.13499981e-01 -4.80099991e-01  7.68499970e-02
 -2.31000036e-02 -7.49949992e-01 -8.74999166e-03 -7.76299998e-01
  1.47400003e-01  2.19149999e-01 -6.30000010e-02  3.43750000e-01
  2.26599999e-01  7.27500021e-02 -2.23849997e-01  2.42600001e-01
  1.91449998e-01 -4.08250004e-01  3.60499993e-02  7.74499923e-02
 -1.37949996e-01  2.63900004e-01  2.07850009e-01  1.65749997e-01
  6.03499934e-02  6.24449998e-01 -1.19400002e-01  1.61249995e-01
  5.04149996e-01  4.28499999e-02  1.45600006e-01 -1.02099996e-01
  5.93099996e-01 -5.05449995e-01 -4.65449989e-01 -4.76399988e-01
 -7.16499966e-02 -2.35200003e-01  5.98500073e-02 -8.87000039e-02
  1.75049998e-01 -1.97499994e-01 -3.36999997e-01 -1.15800007e-01
  1.41600000e-01  1.93900008e-01 -8.51000026e-02 -5.42500019e-02
 -8.14499976e-02 -4.46999967e-02  4.12000008e-02  5.98499998e-02
  1.17399998e-01  1.28450003e-01  4.80000004e-02 -1.05599999e-01]"
席,"[-0.163   0.0752  0.4258 -0.0589  0.3693 -0.2739 -0.0635  0.014   0.0315
 -0.1218  0.1855 -0.0577 -0.2254 -0.534  -0.1839  0.2222 -0.0956 -0.3254
 -0.2274  0.1226  0.0411 -0.0776 -0.1073  0.1043  0.2901 -0.18    0.1792
  0.1323 -0.1601 -0.2426 -0.0537 -0.3354 -0.2109  0.3299  0.0431 -0.0513
 -0.1382 -0.1701  0.0908  0.1709  0.4046  0.1044  0.1437  0.33   -0.3235
  0.0359 -0.2793  0.4371 -0.0939  0.1759 -0.1752  0.0501 -0.0538  0.0789
 -0.1989 -0.1906  0.2047 -0.0866 -0.1741 -0.0949  0.0756 -0.0497  0.0811
  0.1034 -0.0078 -0.0164  0.3085  0.0221  0.1183  0.2268  0.0255 -0.0364
 -0.3475  0.1135 -0.1356 -0.2408 -0.2805 -0.1506  0.2125 -0.1876 -0.0672
 -0.0242 -0.1703 -0.0779  0.074  -0.2963 -0.0724  0.0997  0.3352 -0.1399
 -0.0772  0.4222 -0.2868  0.0745 -0.1279  0.0495 -0.2479  0.0688 -0.0681
 -0.0296  0.0205  0.3573 -0.0936  0.456  -0.0459  0.144   0.1339 -0.0144
  0.1259  0.2041 -0.4197 -0.0925  0.1686 -0.0122  0.2087  0.0921  0.0239
  0.2459  0.0884 -0.046   0.0052 -0.291   0.2387 -0.1208  0.1088 -0.3324
 -0.0491  0.2229 -0.0241  0.3631  0.0867  0.0552  0.1221  0.26    0.1075
  0.1507  0.0325 -0.0038  0.402   0.2069 -0.1374 -0.1013  0.2578 -0.0031
  0.1662  0.0219 -0.0769  0.071  -0.1454  0.0899 -0.1957 -0.2266  0.1787
 -0.2097  0.1803  0.0124  0.0231  0.1518  0.1381 -0.0167  0.1978 -0.146
 -0.3588  0.3547  0.3122  0.0735 -0.3856 -0.15   -0.0954 -0.1928 -0.0448
  0.0189  0.2672  0.0639  0.1462 -0.1692 -0.0397  0.2939 -0.2771  0.1646
 -0.2606 -0.0449 -0.1563  0.2236  0.1064  0.0508 -0.0395 -0.0078  0.1296
  0.3552  0.1437  0.1171  0.2949 -0.017  -0.0312  0.1084 -0.2442 -0.3274
 -0.0636 -0.0557 -0.2354  0.307  -0.0065  0.0094 -0.0231 -0.1048  0.5033
  0.0671  0.0354 -0.273   0.3391 -0.1462 -0.1803  0.0593 -0.0275 -0.2487
  0.139  -0.9062 -0.113  -0.196  -0.0402  0.1032  0.2848  0.0863 -0.017
 -0.1488 -0.3009  0.0864  0.0489  0.0909  0.0698 -0.03   -0.2428  0.0834
  0.0119 -0.2313 -0.2456 -0.0269  0.2669 -0.1506 -0.225   0.3095 -0.0308
 -0.5617 -0.0384 -0.2564 -0.3292 -0.0731  0.0852 -0.5445 -0.3067 -0.373
 -0.0842  0.1197 -0.1954  0.4639  0.159  -0.1119 -0.2179  0.2014 -0.0481
 -0.4147  0.1795 -0.1261 -0.1589  0.142   0.2533 -0.2655 -0.1499  0.6877
 -0.1992  0.1281  0.1865 -0.0107  0.1658 -0.076   0.276  -0.0641 -0.4705
  0.0686  0.0615 -0.246   0.2799  0.2282  0.1531 -0.0858 -0.2626  0.0298
  0.2314  0.1194 -0.0688 -0.1903 -0.0241 -0.2182 -0.0666  0.1637 -0.2136
  0.2081  0.0506 -0.2314]","[-2.90450002e-01  4.97749993e-02  7.38799997e-01  1.53600000e-01
  4.61525009e-01 -2.20825002e-01 -6.87500020e-02 -7.41750002e-02
  1.15250004e-02 -1.49699999e-01  2.76599996e-01 -7.99000021e-02
 -3.93425001e-01 -5.12749978e-01 -4.05799999e-01  3.08300003e-01
 -2.00875003e-01 -3.36924994e-01 -4.07925002e-01  9.22749955e-02
 -5.18250008e-02 -1.80550000e-01 -1.92174998e-01  1.69274999e-01
  3.09300008e-01 -1.27525007e-01  1.17824996e-01  2.84350004e-01
 -5.08499984e-02 -1.48899997e-01  1.38250003e-02 -3.38324988e-01
 -1.51374994e-01  4.25324999e-01 -5.84999984e-03 -1.45024998e-01
 -2.18525000e-01 -1.26050003e-01  5.47250016e-02  7.58999996e-02
  5.06399998e-01  1.79550003e-01  2.48650001e-01  2.61025013e-01
 -2.11500006e-01  1.81025006e-01 -2.73675004e-01  4.57449994e-01
 -1.78900007e-01  1.96649997e-01 -2.14975001e-01  9.41999964e-02
 -1.20400004e-01 -9.13999965e-02 -3.98249947e-02 -2.87999993e-01
  2.69049993e-01 -2.17699998e-01 -1.66374996e-01 -6.87999949e-02
  7.29749976e-02  3.92000005e-02  1.92325002e-01  1.40424998e-01
 -3.17499880e-03  6.59499997e-02  2.14474992e-01 -1.96999991e-02
  1.96974996e-01  2.57524995e-01  8.57249983e-02  5.95499948e-02
 -3.80124997e-01  1.57574999e-01 -1.78925002e-01 -2.84149994e-01
 -2.74749995e-01 -2.12175000e-01  2.94050004e-01 -1.61975001e-01
 -1.17024999e-01  2.82749999e-02 -2.37975006e-01 -1.04850001e-01
  1.50750002e-01 -3.59049995e-01 -8.13750047e-02  1.57074997e-01
  3.63225013e-01 -5.82499965e-02 -7.06250030e-02  4.28874994e-01
 -3.58974996e-01  6.94750019e-02 -1.05950004e-01 -4.28499980e-02
 -4.68524996e-01 -1.70999970e-02 -1.06674999e-01  1.74500002e-02
 -1.94749985e-02  4.49825015e-01  1.44500025e-02  5.62025003e-01
 -3.35249985e-02  4.81824990e-01  1.51800001e-01 -7.32999993e-02
  2.11300002e-01  2.78874997e-01 -5.47574996e-01  5.48499990e-02
  2.65324991e-01  3.22250004e-02  2.40300002e-01  1.07050002e-01
 -1.02224997e-01  2.88050005e-01  1.26124999e-01 -6.63749995e-02
  1.00925000e-01 -3.18100007e-01  3.77750002e-01 -1.15900004e-01
  1.62750047e-02 -3.03274995e-01 -1.63600000e-01  2.48825003e-01
  8.37000012e-02  3.52724992e-01  4.97250007e-02  2.27999992e-02
  1.48825003e-01  3.40199989e-01  1.19375001e-01 -1.31750003e-01
  2.22499890e-03  1.05299999e-01  3.40875011e-01  1.69799998e-01
 -1.88625002e-01 -1.94874998e-01  2.00275015e-01  7.96249995e-02
  4.21700001e-01  2.49000001e-02 -1.79374998e-01  1.30750003e-01
 -1.33775002e-01 -2.18249958e-02 -1.52900005e-01 -3.42900008e-01
  2.14449998e-01 -2.37500005e-01  2.03249998e-01  1.73250018e-02
  6.61250001e-02  2.82900006e-01  1.53724999e-01 -1.77250000e-01
  6.90249950e-02 -1.46649998e-01 -4.09499994e-01  3.83625001e-01
  3.63825011e-01  1.18575000e-01 -5.60749996e-01 -1.18125007e-01
 -6.65249983e-02 -2.47750001e-01 -1.40499994e-02  3.25749987e-02
 -7.18000010e-02  4.58750026e-02  9.29000014e-02 -2.14350004e-01
 -1.26875000e-01  3.89975015e-01 -1.63424996e-01  1.90075001e-01
 -2.01150000e-01 -6.50749998e-02 -3.06424990e-01  4.32200000e-01
  8.27999981e-02 -3.72500159e-03 -4.96750026e-02  1.31550005e-01
  1.23525004e-01  2.69074993e-01  1.68400004e-01  1.36300003e-01
  3.19225002e-01  4.50249948e-02  7.45499991e-02  3.40000167e-03
 -2.53400005e-01 -2.68875001e-01 -6.39000032e-02 -8.71249996e-02
 -1.28050006e-01  4.54525013e-01 -3.06000003e-02  4.79750009e-02
 -4.99998685e-04 -1.88425001e-01  5.12900012e-01  1.69750033e-02
  1.55449999e-01 -3.91175002e-01  3.68550003e-01 -7.37250000e-02
 -2.82749997e-01 -3.27249984e-02  8.04750016e-02 -2.62874993e-01
  2.26224995e-01 -1.35010000e+00 -1.64024998e-01 -2.23424996e-01
 -7.48749999e-02  1.01000015e-02  3.20524995e-01 -1.73999993e-02
 -6.11000020e-02 -2.10024999e-01 -4.62100013e-01  6.04750011e-02
  1.36100002e-01  6.43249964e-02  5.54749970e-02 -1.24674998e-01
 -4.64475002e-01  2.86250031e-02  5.24999877e-03 -2.21749997e-01
 -4.13549997e-01 -1.39500014e-02  2.20150003e-01 -1.13675002e-01
 -2.03474992e-01  3.21450007e-01 -4.54750000e-02 -7.37349991e-01
  8.10000002e-02 -2.84249991e-01 -3.66574999e-01 -1.49249993e-02
 -4.17750049e-02 -7.36524990e-01 -2.46374991e-01 -6.80474993e-01
 -6.38750028e-02  2.07774999e-01 -1.16524999e-01  6.13099996e-01
  4.69999760e-03 -1.60025002e-01 -2.67499991e-01  2.93274996e-01
 -9.35999984e-02 -5.25350001e-01  1.91099998e-01 -2.19350004e-01
 -2.94974994e-01  2.28675002e-01  2.26000011e-01 -2.98325009e-01
 -4.04000031e-02  6.00099972e-01 -1.45925006e-01  1.04974992e-01
  2.10724998e-01  1.77750001e-01  1.65350006e-01 -2.28674997e-01
  3.50599993e-01  5.73750045e-02 -5.25749993e-01  7.93249990e-02
  2.12125003e-01 -3.26950006e-01  2.22575014e-01  1.68450003e-01
  1.93724998e-01 -1.18924999e-01 -2.48800002e-01 -4.59000007e-02
  2.77024997e-01  1.18350002e-01 -1.18000023e-02 -1.50050003e-01
 -1.55200001e-01 -1.01849999e-01 -3.48274998e-01  1.83125000e-01
 -3.05924993e-01  2.72775006e-01  3.16000003e-02 -2.13949998e-01]"
庶民,"[ 2.720e-01  7.150e-02  1.034e-01 -9.030e-02 -3.760e-02  1.205e-01
  2.343e-01  1.226e-01  1.750e-02  2.169e-01  9.900e-02  1.599e-01
  7.310e-02 -3.036e-01 -6.822e-01  1.538e-01  7.850e-02  2.820e-02
 -3.249e-01 -5.090e-02  2.856e-01  1.845e-01 -2.130e-01  1.471e-01
 -7.500e-02  2.021e-01  1.803e-01  3.204e-01 -4.673e-01 -2.195e-01
 -1.242e-01  8.330e-02  9.790e-02  1.245e-01  1.148e-01 -7.540e-02
  4.240e-01 -1.171e-01 -3.050e-02 -5.740e-02  4.690e-02 -4.572e-01
 -1.190e-02 -1.800e-03  7.440e-02 -1.838e-01  2.810e-01 -1.507e-01
 -1.089e-01  2.030e-02  2.060e-02  1.129e-01  9.240e-02 -2.899e-01
 -1.389e-01  2.595e-01  2.955e-01  2.090e-02 -2.730e-02  1.084e-01
 -3.930e-02  3.400e-02 -6.050e-02  6.440e-02  6.440e-02 -2.087e-01
 -2.144e-01 -2.158e-01  1.536e-01  9.680e-02 -3.890e-02  1.946e-01
  9.000e-02 -5.150e-02  6.990e-02 -2.596e-01 -1.482e-01  1.257e-01
  7.390e-02 -5.552e-01  1.070e-02 -1.759e-01 -1.717e-01 -6.260e-02
  2.954e-01  2.621e-01 -4.970e-02  2.600e-02  2.512e-01 -2.102e-01
  1.732e-01  2.780e-02 -1.812e-01 -1.620e-01  1.132e-01  2.209e-01
 -2.784e-01 -1.240e-01 -4.056e-01 -6.370e-02 -2.123e-01  3.732e-01
 -5.330e-02 -3.641e-01  1.608e-01  6.956e-01 -1.112e-01  1.517e-01
 -1.903e-01 -1.336e-01  1.186e-01  1.312e-01  3.508e-01 -5.740e-02
 -5.603e-01  2.781e-01  1.843e-01 -6.400e-02  1.998e-01  3.698e-01
  3.896e-01 -4.238e-01  1.161e-01 -6.220e-02 -1.880e-01 -1.409e-01
 -4.200e-03  2.392e-01 -2.021e-01  1.151e-01 -2.948e-01  1.300e-01
 -1.398e-01 -4.264e-01 -1.226e-01 -1.160e-01 -2.600e-02  5.740e-02
 -1.341e-01 -7.410e-02  1.724e-01 -1.281e-01 -9.460e-02 -1.680e-02
  2.462e-01  5.600e-03 -4.010e-02  3.234e-01  3.165e-01  1.167e-01
 -2.414e-01  2.622e-01  6.160e-02 -1.222e-01  7.180e-02  6.700e-02
  3.458e-01  1.060e-01  5.280e-02 -8.570e-02  2.206e-01 -7.190e-02
  3.630e-02  5.272e-01  7.200e-02  1.443e-01 -1.669e-01 -1.220e-02
 -3.304e-01  1.727e-01 -3.570e-02  3.707e-01 -4.590e-02 -4.023e-01
  1.006e-01  1.810e-02 -2.783e-01 -2.011e-01  2.550e-01  5.150e-02
  1.910e-01  2.700e-03 -1.600e-03 -1.578e-01  4.782e-01  2.276e-01
 -1.263e-01 -2.410e-02  3.515e-01 -1.520e-02  7.300e-03  1.633e-01
 -1.552e-01  9.490e-02  5.284e-01 -6.200e-03  3.050e-02 -1.986e-01
  2.264e-01 -3.795e-01 -7.050e-02 -2.390e-01  9.040e-02 -1.218e-01
  6.710e-02  2.170e-02  5.890e-02 -1.547e-01 -2.276e-01 -3.290e-02
 -2.104e-01  2.040e-02 -1.319e-01  2.450e-01 -6.310e-02 -1.136e-01
 -1.094e-01 -8.384e-01  4.279e-01 -9.090e-02 -6.390e-02  2.950e-02
 -9.740e-02 -5.030e-02 -1.712e-01 -2.072e-01 -2.042e-01  3.230e-02
 -4.600e-02 -2.970e-02 -2.320e-02 -1.178e-01 -2.718e-01  1.315e-01
 -2.087e-01 -8.150e-02 -4.659e-01  1.309e-01 -2.960e-02  4.620e-02
 -1.396e-01 -4.220e-02  8.290e-02 -3.768e-01 -2.511e-01 -1.453e-01
 -1.652e-01  2.038e-01  1.229e-01 -7.270e-02 -6.300e-02 -2.919e-01
 -9.750e-02  1.037e-01 -9.200e-03  2.081e-01 -5.867e-01 -3.130e-01
  1.594e-01  1.586e-01  2.721e-01 -3.030e-01  3.870e-02 -1.559e-01
 -2.798e-01 -6.820e-02  8.870e-02  3.128e-01 -2.380e-02 -4.130e-02
  3.540e-02  2.915e-01  3.000e-04 -4.830e-02  2.046e-01  1.608e-01
  3.109e-01 -2.220e-02 -4.994e-01 -7.320e-02 -9.250e-02 -3.200e-03
  1.427e-01 -1.430e-02 -1.754e-01 -1.207e-01 -3.001e-01 -9.770e-02
 -1.119e-01  1.654e-01 -2.419e-01 -1.228e-01 -1.521e-01  4.241e-01
 -2.740e-02  1.570e-02 -6.520e-02  8.460e-02 -2.093e-01 -3.675e-01]","[ 2.27950007e-01  2.11000014e-02  1.54999997e-01  4.88000028e-02
 -1.02399999e-01 -3.84000018e-02  1.59250002e-01  1.06549997e-01
  7.22000012e-02  1.20250003e-01  8.94999988e-02  1.80499963e-02
  1.31849997e-01 -2.11050007e-01 -5.99150002e-01 -7.00004399e-04
  4.68500014e-02  8.35000025e-03 -2.93600008e-01 -2.58500005e-02
  1.58600003e-01  8.42499966e-02 -3.34099993e-01  1.83550000e-01
 -7.36000016e-02  7.23499972e-02  1.46800000e-01  1.40400000e-01
 -1.80700000e-01 -1.97000004e-01 -4.47000004e-02 -6.24499954e-02
  6.55000284e-03  5.77999996e-02  8.47499985e-02 -1.52650002e-01
  2.93749996e-01 -1.24300003e-01 -3.19499997e-02 -1.01999994e-02
 -2.48500016e-02 -4.20199990e-01 -4.68499996e-02 -1.13300003e-01
  5.91000002e-02 -2.19149999e-01  1.21349994e-01 -8.68000016e-02
 -1.75400000e-01  4.59499992e-02  1.07899998e-01  1.96999982e-02
  1.17100000e-01 -1.55650003e-01 -1.05349999e-01  3.31499994e-01
  2.39950009e-01 -1.26050001e-01  5.62999994e-02  1.93500005e-01
 -1.36649998e-01  1.55500006e-01 -4.94500007e-02  6.88000023e-02
  8.86000022e-02 -7.84000009e-02 -2.48949990e-01 -1.24500001e-01
 -1.95499957e-02 -3.18000019e-02 -8.94499999e-02  1.13050001e-01
  2.79500019e-02  5.84999844e-03  6.94999993e-02 -2.34000005e-01
 -2.21000001e-01  1.79999992e-02  9.32499990e-02 -4.40949991e-01
 -8.49999953e-04 -4.89499979e-02 -2.43550003e-01 -5.70000149e-03
  2.02949997e-01  1.53650006e-01 -1.27499998e-02 -1.02850001e-01
  1.81599997e-01 -7.72999991e-02  6.88999984e-02 -1.65499998e-02
 -1.88599996e-01 -7.00000003e-02 -8.94999877e-03  1.44200001e-01
 -3.04250002e-01 -6.59499988e-02 -2.97450006e-01 -2.88999989e-02
 -2.46299997e-01  1.92850000e-01 -7.31500015e-02 -3.08800012e-01
  2.45799996e-01  7.17500001e-01 -6.62499983e-02 -5.14999777e-03
 -1.17500002e-01  1.44499987e-02  1.72900002e-01  1.54550001e-01
  5.52000031e-02 -9.60000046e-03 -3.42199996e-01  2.57100008e-01
 -4.20500040e-02  7.29999691e-03  1.25200000e-01  1.81200001e-01
  3.18700001e-01 -3.28149997e-01  2.53999978e-02 -1.15949998e-01
 -2.64049992e-01  5.50499931e-02  1.08749999e-01  1.87299997e-01
 -1.46949995e-01 -4.75500003e-02 -2.87650004e-01  1.05849996e-01
 -8.05999991e-02 -4.49550003e-01 -1.38749998e-01 -1.89899996e-01
  1.82499997e-02  4.59000003e-02 -9.58000030e-02 -1.34549998e-01
  3.04099992e-01 -9.80999954e-02  2.45000012e-02  7.00000674e-04
  1.03199998e-01 -2.38500005e-02  2.75999978e-02  3.47849995e-01
  1.32850004e-01  2.55850006e-01 -2.12600000e-01  1.40199999e-01
  1.77999996e-02 -1.03249997e-01  1.05550002e-01 -3.05000022e-02
  3.02950010e-01  1.29949998e-01  3.03499997e-02 -1.02699999e-01
 -3.97999957e-02  1.71499997e-02  2.75499998e-02  4.85049993e-01
  4.82999980e-02  1.04199998e-01 -6.40499964e-02  1.01499995e-02
 -2.34099992e-01  1.86949998e-01 -1.82100002e-01  2.19300002e-01
 -9.35500022e-02 -2.19250001e-01 -2.13500001e-02  3.33500002e-02
 -2.91850001e-01 -2.11400002e-01  2.44350001e-01 -7.96000026e-02
  1.75200000e-01 -1.06150002e-01 -3.14999995e-03  4.07499969e-02
  3.57449993e-01  1.24399996e-01 -8.56000036e-02  2.45500011e-02
  2.34850001e-01  3.88500001e-02 -1.58500003e-02  1.56849995e-01
 -1.99850000e-01  4.85499986e-02  4.87849995e-01 -1.36999998e-02
  8.25499995e-02 -6.78499974e-02  1.23650001e-01 -4.04750004e-01
 -1.22400001e-01 -7.93499947e-02  2.22899999e-01  1.83399994e-01
  1.17500000e-01  9.65499980e-02 -2.01500021e-02 -2.02149995e-01
 -5.60999960e-02 -1.46099998e-01 -3.82499993e-02  9.13500031e-02
 -2.60249995e-01  2.37900004e-01  4.30500023e-02 -1.67700000e-01
 -8.22499990e-02 -9.17149991e-01  2.67849993e-01  4.30000201e-03
 -2.11000005e-02  3.99500001e-02  7.54999742e-03 -8.54499992e-02
 -1.15000457e-03 -1.18000003e-01 -3.26000005e-02 -1.24150006e-01
  1.92800002e-01  5.02499994e-02 -5.79499984e-02 -8.94499980e-02
 -2.45700009e-01  1.11350004e-01 -1.37000002e-01  6.64000027e-02
 -3.21900003e-01  4.65499982e-02  1.25650001e-01 -1.05899993e-01
  8.52000043e-02  6.59999996e-03  1.43900000e-01 -3.08049999e-01
  4.18999940e-02 -5.75000001e-02 -1.55699998e-01  2.60600001e-01
  1.01550002e-01 -1.43500008e-02 -8.08000006e-02 -2.85850003e-01
 -7.85499979e-02  2.31750004e-01 -1.03300002e-01  1.38550002e-01
 -2.81950011e-01 -1.73549997e-01  1.15450002e-01  1.21650003e-01
  6.00500032e-02 -3.99949998e-01  4.99999989e-02 -2.02900000e-01
 -1.64600000e-01 -2.05049995e-01  5.26999980e-02  2.75799997e-01
 -8.47999975e-02  6.58999979e-02  1.02899997e-01  2.18599997e-01
  1.70000003e-02  1.05399994e-01  1.39200002e-01  6.93999976e-02
  1.41750001e-01  4.43500001e-02 -2.38199995e-01 -9.93000045e-02
 -1.80299997e-01  5.68000014e-02  1.30899999e-01 -1.12850001e-01
  1.85999945e-02 -1.02250002e-01 -1.21900000e-01 -2.59999931e-03
 -1.44850001e-01  1.36200000e-01 -1.59599997e-01 -1.80850003e-01
  2.80499980e-02  2.69200005e-01 -3.02500001e-01 -6.84500029e-02
  4.15000021e-02  1.53000001e-02 -1.99699998e-01 -8.95500034e-02]"
世界,"[ 1.542e-01 -4.440e-02  5.162e-01  1.166e-01 -1.468e-01  7.560e-02
 -2.880e-02 -9.960e-02 -1.034e-01  6.870e-02  1.258e-01  1.471e-01
  8.650e-02 -2.276e-01 -3.846e-01 -7.670e-02  1.140e-02  4.400e-03
 -5.230e-02 -6.460e-02 -4.770e-02 -8.500e-02  9.900e-03 -1.514e-01
 -1.699e-01 -1.533e-01  2.575e-01 -2.474e-01 -7.540e-02 -3.980e-02
 -5.930e-02  1.957e-01 -6.900e-03 -2.280e-02 -3.600e-02 -1.936e-01
 -5.020e-02  1.220e-01 -1.706e-01 -1.292e-01  7.780e-02  2.577e-01
  2.210e-02  5.700e-03 -2.327e-01 -6.380e-02  1.200e-02  1.325e-01
  5.130e-02 -1.950e-02  8.250e-02  4.180e-02 -9.500e-03 -1.480e-01
  1.430e-02  4.625e-01 -6.790e-02 -6.330e-02  1.170e-02  3.580e-02
  1.458e-01  1.445e-01  1.509e-01 -1.171e-01 -4.350e-02 -7.040e-02
 -3.650e-02 -4.000e-04 -1.843e-01  4.284e-01  2.460e-01 -2.544e-01
 -9.600e-02  1.759e-01 -1.840e-02 -9.290e-02 -2.005e-01  2.753e-01
 -1.220e-01  9.800e-03  9.620e-02 -8.750e-02 -7.250e-02 -4.320e-02
  1.141e-01  2.760e-02 -1.350e-02  3.700e-02  6.160e-02  3.390e-01
  1.547e-01 -1.822e-01 -2.293e-01 -2.710e-02 -1.301e-01 -4.520e-02
 -2.055e-01 -2.150e-01 -2.800e-02  1.173e-01 -3.019e-01  4.803e-01
 -2.510e-02 -2.860e-02 -3.540e-02  3.787e-01 -2.417e-01 -1.012e-01
  1.832e-01  4.400e-02 -1.356e-01  2.108e-01 -1.430e-01  1.450e-02
  1.023e-01  2.672e-01 -6.060e-02 -1.213e-01  8.340e-02 -1.922e-01
  1.607e-01 -1.505e-01  7.300e-02  8.420e-02  1.069e-01 -7.100e-02
 -1.121e-01  2.308e-01 -6.560e-02 -1.438e-01 -5.100e-03 -1.310e-01
 -2.182e-01  5.760e-02 -2.780e-02 -3.782e-01  1.180e-01 -2.310e-02
  1.716e-01  5.480e-02 -3.830e-02 -3.357e-01 -1.327e-01 -5.710e-02
  2.297e-01 -1.030e-02  5.800e-02  3.047e-01  1.477e-01 -5.550e-02
  3.091e-01  2.604e-01  1.167e-01  2.790e-02  1.413e-01 -3.310e-02
  4.252e-01 -2.131e-01 -9.100e-02  1.397e-01 -3.140e-02 -1.520e-02
  1.414e-01  2.427e-01 -7.970e-02  6.190e-02 -1.440e-02  7.000e-04
  1.580e-02  1.850e-01 -2.591e-01 -1.722e-01 -2.860e-01  1.257e-01
 -9.570e-02  1.070e-02  1.154e-01  1.780e-02 -1.387e-01 -1.914e-01
 -1.300e-02  2.309e-01 -3.950e-02  1.048e-01  1.585e-01 -1.319e-01
  3.080e-02  1.518e-01  2.500e-02 -2.185e-01  4.100e-03  2.960e-02
  1.943e-01  3.015e-01  6.630e-02  1.126e-01  5.440e-02  1.720e-02
  1.050e-02  9.250e-02  3.170e-02  1.335e-01  3.820e-02  2.199e-01
  9.830e-02  3.900e-02 -2.097e-01  4.170e-02 -1.303e-01  1.709e-01
 -1.148e-01  9.910e-02  9.470e-02  2.720e-02 -1.770e-02 -2.510e-01
 -6.340e-02 -6.774e-01  1.399e-01 -1.671e-01 -1.185e-01  2.070e-02
 -1.675e-01  2.146e-01  4.030e-02 -3.643e-01  4.340e-02 -1.301e-01
 -1.204e-01  1.070e-02  7.160e-02 -8.870e-02 -2.396e-01 -2.710e-02
  8.450e-02  8.440e-02 -2.263e-01  7.090e-02  7.600e-03  1.264e-01
 -6.830e-02 -1.699e-01 -5.410e-02 -3.428e-01  3.901e-01 -2.012e-01
  1.782e-01  2.529e-01  9.460e-02 -1.497e-01  1.460e-01 -1.891e-01
  1.903e-01  1.265e-01  1.800e-03  4.378e-01 -5.580e-01  9.530e-02
  2.411e-01  1.185e-01  5.190e-02  1.370e-01 -2.940e-02 -2.140e-01
 -1.856e-01 -1.849e-01  4.470e-02  1.288e-01  7.080e-02 -6.210e-02
  2.258e-01  7.210e-02  4.250e-02  2.299e-01 -9.920e-02  3.407e-01
 -1.310e-02 -3.490e-02 -1.288e-01 -1.662e-01 -1.846e-01  1.084e-01
 -2.100e-03  2.680e-02 -1.030e-01 -5.750e-02 -1.338e-01  3.692e-01
  7.340e-02 -1.022e-01  2.267e-01 -1.808e-01 -1.524e-01  1.785e-01
 -2.490e-01  2.860e-02 -2.088e-01  1.252e-01  4.400e-03 -8.440e-02]","[ 0.14456    -0.02694     0.50143999  0.0777     -0.09342     0.07416
  0.07544     0.00578    -0.02458     0.06438     0.11868     0.02256
  0.0829      0.0056     -0.41838    -0.03172     0.0791     -0.01414
 -0.02946     0.06758    -0.03054     0.103      -0.0865     -0.06884
  0.03916    -0.027       0.16326    -0.09556    -0.07234     0.07266
 -0.08546     0.07972    -0.05056     0.00526     0.03184    -0.06018
 -0.03234    -0.0712      0.00406    -0.0147      0.00922     0.0043
  0.07106     0.03384    -0.1203     -0.12706    -0.0171      0.07358
 -0.01518    -0.01374     0.0931     -0.0244      0.0136     -0.06734
 -0.02216     0.37194     0.00574     0.02956    -0.08124     0.11434
  0.08838    -0.00706     0.0236     -0.07652    -0.03436    -0.06992
 -0.01338     0.06168    -0.21212     0.31662    -0.0163     -0.12884
 -0.00646     0.10712     0.05486    -0.10222    -0.09846     0.00756
  0.00776    -0.10224     0.01602    -0.00268    -0.14074     0.04304
  0.09054     0.04794     0.01476    -0.02176     0.06348     0.1369
  0.0151     -0.17134    -0.13196     0.01908     0.00458     0.0151
 -0.29398     0.0596      0.01464    -0.05702    -0.10684     0.29002001
 -0.07264    -0.02668    -0.0343      0.55132    -0.1967     -0.06132
 -0.03636     0.06644    -0.05338     0.18116    -0.0308     -0.06088
 -0.02588     0.16082    -0.05154    -0.07202     0.21388    -0.14138
  0.11972    -0.06316     0.06768     0.05576     0.0194     -0.01742
 -0.03194     0.15078     0.03898    -0.33112001 -0.09614    -0.00774
 -0.03968    -0.04622    -0.09874    -0.32004001 -0.02462    -0.01888
  0.00252    -0.01712     0.03856    -0.17796    -0.1323     -0.02844
  0.18142    -0.0344      0.05378     0.37702     0.12634     0.07174
  0.14494    -0.0543      0.01192     0.05294     0.25566    -0.07924
  0.01792    -0.1332     -0.06228     0.04556    -0.07836     0.01236
  0.06282     0.20758     0.0518     -0.01674    -0.07678     0.09732
 -0.11242     0.00742    -0.14584    -0.05978    -0.11132     0.152
  0.04264    -0.03054     0.07462    -0.02324    -0.12766     0.009
  0.0207      0.0209     -0.16208     0.1487      0.30036    -0.08578
  0.01746     0.17164     0.12394    -0.06204     0.04942    -0.00844
  0.0325      0.12624     0.13718     0.0122      0.03234    -0.0044
  0.02454    -0.03162     0.07304    -0.03804     0.06046    -0.0073
  0.05174    -0.0032     -0.0401     -0.02058    -0.1243     -0.04718
 -0.11648    -0.05626     0.03478    -0.01194     0.05452    -0.23314
  0.03994    -0.66415999  0.0626      0.00796     0.0182      0.03032
 -0.11094     0.05054     0.09616    -0.29184     0.02848    -0.09556
 -0.04054     0.04272     0.00698     0.02038    -0.22066    -0.06298
  0.04662     0.04148    -0.21782     0.03774     0.10144     0.02558
  0.04388    -0.11228     0.00754    -0.34078     0.19624    -0.05618
  0.13064     0.13958     0.14502    -0.10866     0.0236     -0.18144
  0.17354     0.08696     0.01256     0.22328    -0.38070001  0.06762
  0.2109      0.02812     0.0105     -0.01414    -0.0237     -0.11796
 -0.03926    -0.23418     0.04178     0.04926    -0.07412     0.03932
  0.03196     0.06098    -0.02104     0.11574    -0.0257      0.12942
 -0.1162      0.0938     -0.11034    -0.06868     0.0492      0.04626
 -0.06186     0.01566    -0.08456    -0.02766    -0.07498     0.07296
  0.04234    -0.07434     0.0934     -0.1283     -0.1752      0.22793999
 -0.24324    -0.02182     0.0256      0.06378    -0.02864    -0.09596   ]"
女性,"[ 0.0337 -0.073   0.1598  0.0341  0.026  -0.1286  0.3032 -0.0217 -0.3109
  0.1545  0.0648  0.0571 -0.1147  0.1687 -0.3199  0.2801  0.0045 -0.0421
 -0.07    0.2208  0.0442  0.149  -0.1455  0.1126 -0.0826  0.1739  0.1702
 -0.1647 -0.1029  0.2668 -0.1614  0.1853  0.1802  0.0373  0.3442 -0.0177
 -0.0403  0.084   0.1178  0.0052  0.2557  0.0049  0.1102  0.1167  0.0614
 -0.1719 -0.0473  0.1582 -0.1128 -0.0846 -0.0617 -0.1108  0.0756 -0.1158
  0.0409 -0.13   -0.0654  0.0824  0.0614 -0.0737  0.1129  0.0647 -0.1057
  0.0583  0.0679 -0.0292 -0.235   0.1043 -0.5644  0.1094  0.0157  0.1622
 -0.0846  0.0543 -0.2529 -0.3806 -0.0671  0.142  -0.176  -0.1092 -0.0747
 -0.0795 -0.1456 -0.0726  0.0053 -0.1009 -0.1595  0.009   0.033   0.1624
 -0.0744  0.0638  0.1376 -0.1225  0.1011  0.0962 -0.2855  0.1364 -0.0049
 -0.1294 -0.0545  0.3174 -0.0066 -0.036  -0.0673  0.4404 -0.193   0.1249
  0.0642  0.3111 -0.0515 -0.0297  0.1426  0.0346 -0.1059  0.0863 -0.0667
 -0.1635  0.1237 -0.1208  0.2354  0.0986  0.142  -0.2432  0.1206 -0.004
  0.0179  0.0668 -0.1306 -0.0081  0.0289  0.0199 -0.2321  0.0425  0.0855
 -0.0535 -0.0152 -0.043   0.0177  0.1904  0.0298  0.0591  0.1692 -0.0838
  0.1902 -0.1391  0.0506 -0.0045 -0.1898  0.1764 -0.1325 -0.2482  0.0535
 -0.0174  0.3626  0.0951 -0.132  -0.1152 -0.0852 -0.2792 -0.0141 -0.1184
  0.1681  0.585   0.1522 -0.0658 -0.1058 -0.0941  0.0408 -0.2694  0.0955
 -0.1939  0.1644  0.0792  0.2608 -0.0886  0.1718  0.0531  0.0553  0.0974
  0.1139 -0.1552 -0.1907 -0.1161  0.0174 -0.0968  0.2622  0.1297  0.0901
  0.1134 -0.0892 -0.1871  0.3514  0.0729  0.107  -0.0685 -0.0716 -0.1862
  0.1605  0.1204  0.0101  0.1207  0.0512 -0.1418  0.0527 -0.1707  0.0096
 -0.0398  0.1248 -0.1502 -0.0092  0.0182  0.0088 -0.1719 -0.2027  0.1821
 -0.1666 -0.723   0.1304 -0.154  -0.0107  0.0572 -0.0448  0.0491  0.1309
 -0.1711 -0.052   0.1756 -0.0239  0.367   0.1499 -0.0665 -0.3965 -0.2411
 -0.0364 -0.1433 -0.3493  0.0456  0.0537 -0.0358  0.0391 -0.1185  0.2049
 -0.2664 -0.1027 -0.0379 -0.1139  0.1847  0.069  -0.1379  0.0575 -0.2099
 -0.2087  0.2495 -0.1145  0.0109 -0.0911 -0.0166  0.1065  0.0046  0.1886
 -0.1656  0.0521 -0.1829  0.0008 -0.0777  0.2539 -0.0302  0.0842  0.0077
  0.1004  0.0165 -0.1973 -0.0317  0.1834  0.0331  0.0624  0.0212  0.2166
  0.1404 -0.1079  0.1812 -0.0769 -0.152  -0.1517  0.0032 -0.0152 -0.1289
  0.2761 -0.0121  0.053  -0.1243 -0.2071 -0.0733 -0.0791 -0.0238 -0.0578
  0.059  -0.183  -0.2194]","[-1.67500041e-03  1.42249996e-02  3.09400000e-01  7.38249999e-02
 -1.17499992e-02 -1.04325000e-01  2.34275004e-01  4.08000001e-02
 -6.18250016e-02  1.02774999e-01  1.29875001e-01  1.10150001e-01
 -1.30499998e-01  1.34874999e-01 -4.05600011e-01  9.51749964e-02
  2.48250008e-02  4.70749997e-02 -4.95750010e-02  1.21699999e-01
 -5.72749991e-02  1.27524999e-01 -1.63075000e-01 -3.07500008e-02
  4.87000002e-02  1.04999997e-01  3.50399997e-01 -2.83499998e-02
 -4.83499989e-02  2.27724995e-01 -8.63500023e-02  6.26499988e-02
  5.18999998e-02 -3.69999837e-03  1.78024996e-01  1.05000148e-03
  7.54499994e-02 -3.08749992e-02  8.88749966e-02  7.46249988e-02
  1.61274996e-01 -4.28000002e-02  1.25425000e-01  2.95749996e-02
  7.59749993e-02 -8.45000017e-02 -1.12825002e-01  1.05275000e-01
  8.64999834e-03 -9.05500017e-02 -3.21000014e-02 -6.55000001e-02
  1.14999997e-01 -7.76249990e-02 -1.77500024e-02  2.57500075e-03
 -1.33249987e-02 -2.40249981e-02  3.84999999e-02 -1.18449998e-01
  8.22499990e-02  1.15999999e-01  5.10749994e-02  9.69999842e-03
  1.97175000e-01  2.27750004e-02 -2.57499941e-03  1.93999987e-02
 -2.93150004e-01  3.94499989e-02  7.53249996e-02  9.26749995e-02
 -6.81750004e-02  1.34300001e-01  2.57500191e-03 -2.77125001e-01
 -9.63750025e-02  4.91749998e-02 -9.95999989e-02 -1.13600002e-01
 -3.08499993e-02 -2.72499956e-03 -1.23199999e-01  6.87499932e-03
 -4.78499989e-02 -6.00000024e-02 -3.48500032e-02  1.49500007e-02
  3.38499984e-02  5.08750025e-02  5.99999679e-04 -3.91250012e-02
 -1.09850001e-01 -1.57749992e-02  6.41250028e-02 -2.03750031e-02
 -2.83724997e-01  1.62799999e-01 -7.42999993e-02 -3.37500032e-03
 -5.99999912e-03  2.85399999e-01  9.14999992e-02  1.20925000e-01
 -1.22500001e-01  4.98699985e-01 -1.52950000e-01  2.26499988e-02
 -2.54999986e-02  1.65475004e-01 -6.49749972e-02 -3.25250020e-02
  9.41250008e-02 -1.74899999e-01 -1.55800000e-01  1.13325002e-01
  1.06750010e-02 -3.22999989e-02  9.11499988e-02 -1.08475003e-01
  6.19000015e-02 -8.37000003e-02  8.57500015e-02 -1.88399998e-01
  9.60750021e-02 -6.43000006e-02  2.51250002e-02  4.86249997e-02
 -1.26375002e-01 -6.36750024e-02 -7.82749993e-02 -3.37500079e-03
  7.76000051e-02 -5.16749979e-02 -1.79000004e-01 -2.03850002e-01
  2.55000032e-03 -1.68525004e-01  2.99749989e-02  1.61175001e-01
  4.49749990e-02  1.08550000e-01  1.49475001e-01  7.12499861e-03
  1.22350002e-01 -1.51575001e-01  1.36249997e-02  8.18999996e-02
 -7.50999993e-02  2.55575001e-01 -1.57999974e-02 -1.14300001e-01
  9.45750019e-02 -3.10749961e-02  3.05250010e-01  4.53000013e-02
  1.01500009e-02 -1.05125001e-01  6.18999992e-02 -1.99224999e-01
 -1.65475000e-01 -5.16750009e-02  4.37249999e-02  5.02024993e-01
  3.46250003e-02 -2.97999997e-02 -1.86799999e-01 -2.01999999e-02
 -7.34750032e-02 -1.00649999e-01  5.48000019e-02 -1.61675002e-01
  1.13600000e-01  1.32650001e-01 -8.00004229e-04  1.42749986e-02
  9.29499995e-02 -2.40499992e-02 -1.24750016e-02  1.31050000e-01
  1.05250003e-02 -8.70500002e-02 -1.59899999e-01 -9.71000027e-02
  1.93700003e-01 -8.62249979e-02  1.31399999e-01  9.41250029e-02
  6.06999992e-02  7.62999989e-02  2.20750012e-02 -9.67999981e-02
  2.43599989e-01  4.17499989e-03  2.92000005e-01 -1.88749991e-02
 -6.18499990e-02 -3.07999980e-02 -8.19249954e-02  2.90499991e-02
  2.46750005e-02 -3.52249974e-02  9.47250007e-02 -3.18999994e-02
  2.04499993e-02 -1.21825000e-01  1.06699996e-01 -2.19000010e-02
  2.06749993e-02 -1.68699998e-01 -5.02249983e-02  7.44999996e-02
  5.05000073e-03 -1.46850003e-01 -2.51024999e-01  7.50000030e-03
  1.89749980e-02 -7.42124990e-01 -8.14999975e-02  3.23000029e-02
 -4.27999983e-02  6.32750010e-02 -6.17499743e-03 -1.17775002e-01
  9.50499976e-02 -2.62599997e-01 -9.03250016e-02  1.73250020e-02
  4.37999987e-02  5.84750042e-02  1.03124999e-01 -8.46250011e-02
 -3.11000001e-01 -1.01675002e-01  2.68750009e-02 -1.83749995e-02
 -2.79199995e-01  5.56000019e-02  6.74499995e-02  7.74500025e-02
  1.31574998e-01 -1.39850002e-01  2.26750006e-02 -3.20850000e-01
 -8.78750002e-02 -4.01249996e-02 -1.59000002e-01  2.01524999e-01
  1.38900001e-01 -1.92249995e-01 -2.85000004e-02 -2.42899999e-01
 -1.06925000e-01  1.12475001e-01 -8.17500334e-03  1.42700000e-01
  7.34750051e-02  1.55250019e-02  4.89999996e-02  2.03500009e-02
  1.35775000e-01 -4.92749996e-02 -5.51499985e-02 -2.52074998e-01
  9.04000014e-02 -1.99149998e-01  2.34475002e-01 -3.71500002e-02
  6.95250016e-02 -1.03725002e-01  7.74249993e-02  3.62499992e-02
 -1.32400000e-01 -7.49749984e-02 -4.00749957e-02  3.55749987e-02
  9.13500004e-02  8.38500015e-02  1.98250003e-02  3.63000017e-02
  3.41000035e-02  4.25999993e-02 -8.64749998e-02 -1.32375002e-01
  7.37500004e-02 -6.24999969e-03 -7.51000009e-02  4.12499625e-03
  6.70750011e-02 -2.24999981e-02 -1.68975002e-01 -8.29249993e-02
 -2.83300005e-01 -2.55124999e-01 -9.86750014e-02  1.38750002e-02
 -5.66749983e-02  3.13000007e-02  7.50001753e-04 -8.16500019e-02]"
建物,"[-8.000e-04  1.620e-02  1.978e-01  1.522e-01  1.622e-01 -8.360e-02
  8.340e-02 -1.996e-01 -1.172e-01  1.244e-01  9.950e-02  1.064e-01
 -5.700e-03 -4.690e-02 -2.765e-01  1.870e-01  8.930e-02 -1.492e-01
 -3.850e-02 -1.737e-01  2.304e-01 -1.120e-02 -1.317e-01 -1.785e-01
  5.870e-02 -7.320e-02  1.304e-01 -1.951e-01 -3.070e-02 -1.650e-02
 -1.866e-01 -3.600e-01 -1.444e-01 -1.888e-01 -2.900e-02  9.700e-03
 -2.986e-01 -4.440e-02  8.290e-02  1.618e-01 -4.660e-02 -6.420e-02
  8.080e-02  1.608e-01 -2.335e-01 -1.480e-01 -2.200e-03 -4.130e-02
 -4.840e-02  3.010e-02  1.490e-02  2.058e-01  5.090e-02  1.361e-01
  1.550e-01  4.220e-02  4.556e-01 -6.910e-02  2.897e-01  2.327e-01
  4.270e-02 -2.090e-02  4.300e-03  1.297e-01  7.300e-03 -1.047e-01
 -3.070e-02  1.030e-02 -1.437e-01  4.251e-01 -1.119e-01 -2.901e-01
  2.132e-01  6.350e-02  9.840e-02 -2.045e-01 -2.518e-01  1.684e-01
 -5.650e-02 -5.930e-02  3.610e-02 -1.754e-01 -3.100e-03  2.719e-01
 -2.017e-01 -4.600e-03  1.747e-01 -5.830e-02  1.400e-03 -1.390e-02
 -1.854e-01 -1.812e-01  1.592e-01  1.757e-01 -5.500e-03  2.027e-01
 -1.403e-01 -4.750e-02 -6.240e-02  8.250e-02  1.888e-01  3.108e-01
 -1.160e-01 -6.240e-02 -6.360e-02  2.506e-01 -1.182e-01  1.952e-01
  1.208e-01  1.256e-01 -3.766e-01 -8.780e-02 -2.625e-01 -1.550e-01
  1.920e-01  2.720e-01  6.930e-02 -1.035e-01  4.736e-01 -1.850e-02
  1.322e-01 -1.230e-02  7.180e-02  9.440e-02  2.126e-01  5.980e-02
 -2.620e-02  8.540e-02 -1.178e-01  9.100e-03  1.069e-01  9.460e-02
  7.720e-02 -1.374e-01  1.416e-01  3.744e-01  3.593e-01  3.014e-01
  1.266e-01 -4.120e-02  1.324e-01 -2.890e-02  1.322e-01  2.100e-02
  3.206e-01 -1.918e-01 -3.400e-03 -2.900e-02 -1.576e-01 -1.276e-01
  2.500e-02 -2.220e-02 -1.670e-02 -1.536e-01  3.646e-01 -1.425e-01
 -3.690e-02  5.370e-02  1.531e-01 -8.500e-03  1.007e-01 -7.590e-02
  6.300e-03 -7.440e-02  3.139e-01 -4.040e-02 -2.537e-01 -3.139e-01
 -1.333e-01 -5.360e-02 -3.740e-02  3.660e-01 -2.600e-03  1.010e-02
 -3.130e-02 -1.378e-01  1.730e-02  7.600e-03  1.948e-01  1.500e-02
  1.503e-01 -1.158e-01 -1.135e-01  1.744e-01  2.110e-02  2.201e-01
 -5.810e-02  1.720e-01  7.010e-02 -8.380e-02  1.396e-01 -5.600e-02
  5.018e-01 -2.210e-01 -9.500e-03  2.141e-01  5.670e-02  4.470e-02
  1.432e-01 -5.190e-02 -1.533e-01 -1.009e-01  7.230e-02 -3.832e-01
 -9.290e-02 -8.850e-02  2.037e-01  1.472e-01  2.298e-01 -8.670e-02
 -1.039e-01  8.450e-02  5.700e-02 -1.630e-01  1.700e-02 -3.139e-01
 -4.300e-02 -8.718e-01 -3.469e-01 -2.120e-01 -5.070e-02 -1.365e-01
 -2.838e-01  6.010e-02  1.933e-01  2.800e-03  4.200e-02  1.993e-01
  2.427e-01  8.480e-02  2.457e-01 -1.060e-02 -3.310e-01 -1.205e-01
  1.153e-01  4.026e-01 -2.915e-01 -5.760e-02  1.197e-01  1.450e-02
  1.704e-01 -1.923e-01  3.981e-01 -3.763e-01  1.466e-01 -1.800e-01
 -1.520e-01 -8.620e-02  3.460e-02 -2.873e-01  1.618e-01 -3.830e-01
  3.031e-01  6.970e-02  7.070e-02  1.277e-01 -9.580e-02 -1.802e-01
 -5.780e-02  8.910e-02  1.476e-01 -1.131e-01  1.262e-01 -3.490e-02
  4.820e-02 -3.498e-01  2.168e-01 -1.529e-01 -8.910e-02 -1.129e-01
 -7.400e-02 -6.020e-02  1.447e-01 -3.127e-01  6.430e-02  1.841e-01
 -2.972e-01 -8.700e-03 -3.108e-01 -7.300e-02 -2.234e-01  3.510e-02
 -2.398e-01 -3.102e-01  9.670e-02 -3.429e-01  1.280e-02  6.120e-02
  9.000e-02  2.262e-01 -1.577e-01  3.959e-01 -3.032e-01  2.649e-01
 -1.316e-01  2.568e-01 -4.560e-02  4.010e-02  7.220e-02  9.940e-02]","[ 3.19999950e-03 -1.84428576e-02  3.82028572e-01  1.34542858e-01
  1.15685715e-01  7.99142889e-02  3.13285728e-02 -5.20142849e-02
 -4.66428569e-02  1.29314286e-01  1.60871425e-01  1.57571429e-01
  7.83571397e-02 -3.98142854e-02 -2.08142855e-01  2.01071428e-01
  4.10142850e-02 -1.24857145e-01 -1.57385716e-01 -5.98571439e-02
  6.41285673e-02  5.60428587e-02 -1.04257143e-01 -3.44428558e-02
 -1.41428810e-03 -1.44457147e-01 -1.12657143e-01  2.83571464e-02
 -2.53285716e-02 -8.40000109e-03 -1.57199999e-01 -2.02585719e-01
 -2.02471430e-01 -6.91714297e-02 -9.28571714e-04 -5.53142876e-02
 -1.50428568e-01 -5.97714252e-02  7.35714308e-02  9.53999989e-02
 -1.25857143e-01 -6.57142965e-03  1.38742853e-01  1.24814286e-01
 -2.45514286e-01 -1.34828571e-01  4.09285714e-02 -1.70385714e-01
 -5.70428595e-02  1.18285695e-02  2.15714273e-02  1.40314283e-01
  1.36899997e-01 -2.10571427e-02  5.54000012e-02  1.05871427e-01
  2.40599998e-01 -1.01314285e-01  2.28814285e-01  1.61471429e-01
  2.15999990e-02 -7.14428563e-02 -1.39428558e-02  2.41428560e-02
 -1.09928574e-01 -2.42854602e-04 -2.23857140e-02 -7.17571419e-02
 -2.20028569e-01  2.21128568e-01 -5.28714279e-02 -2.97557146e-01
  1.15457143e-01  1.00728569e-01 -1.63285711e-02 -3.09400004e-01
 -1.33228571e-01  8.94285727e-02 -8.88428528e-02 -1.86142853e-02
  1.40628571e-01 -9.59714289e-02 -1.19728573e-01  1.15471427e-01
 -5.26000013e-02 -4.49857170e-02  1.40314285e-01  2.70142835e-02
  5.14857138e-02 -3.77142874e-03 -1.58871428e-01 -5.97714273e-02
 -2.02142873e-02  2.48371427e-01 -3.45428570e-02  6.23714259e-02
 -1.88442858e-01  5.29571436e-02 -4.00857111e-02  5.53428605e-02
  1.44757147e-01  3.95799994e-01 -1.77357147e-01 -7.51428532e-02
 -1.60171430e-01  2.25228578e-01 -1.54857140e-02  1.08214284e-01
  5.65142874e-02  1.06957142e-01 -3.66457141e-01 -9.31714294e-02
 -6.44285671e-02  4.79428575e-02  1.99271427e-01  2.28957151e-01
  2.52714305e-02  5.19142869e-02  2.99942853e-01 -3.21428717e-03
 -4.28428575e-02 -7.97857137e-02  1.56571430e-01  2.41428565e-02
  1.43385712e-01 -8.27428595e-02 -3.94857142e-02 -2.12714270e-02
 -7.62714277e-02  4.55000004e-02  3.70714292e-02  1.14571444e-02
  2.37571453e-02 -1.01285715e-01  1.13942856e-01  1.87085712e-01
  2.12985708e-01  1.05542859e-01  7.45428588e-02  4.08142845e-02
  1.61171430e-01 -4.82714299e-02  1.54457145e-01 -2.09857132e-02
  1.89685716e-01 -1.47499996e-01 -4.81428559e-03  6.07285726e-02
 -1.79771430e-01 -2.85714285e-02 -5.38285731e-02 -3.25428564e-02
  1.32057144e-01 -1.16285715e-01  2.91457142e-01 -2.35285714e-02
 -3.39428527e-02  3.77714287e-02  2.20985714e-01 -2.17571450e-02
  4.19285695e-02 -1.13671431e-01 -2.00742858e-01 -1.23514284e-01
  3.56057139e-01 -1.02814284e-01 -1.12442853e-01 -2.27928572e-01
 -6.51285731e-02  1.85142877e-02 -6.57857140e-02  2.01657141e-01
 -4.40857134e-02  3.42428588e-02 -1.65900003e-01 -4.39142842e-02
  1.17428572e-01 -3.72857161e-03  1.53442856e-01  9.12428581e-02
  1.08100000e-01  3.51571425e-02 -4.57428590e-02  1.02000000e-01
 -4.77428559e-02  2.04999979e-02  1.34428569e-02  1.22757143e-01
  1.02685717e-01 -7.01285744e-02  2.14785713e-01  1.13999999e-01
  3.50157144e-01 -2.30999980e-02  2.77000008e-02  1.06357144e-01
  7.18857162e-02 -3.65571414e-02  1.21957142e-01 -1.25857142e-02
 -2.63957143e-01  5.01142857e-02 -5.99999885e-03 -8.28428561e-02
 -6.48857152e-02 -7.64285720e-02  1.19200004e-01  8.32142876e-02
  2.17714286e-01 -1.00871425e-01 -4.54571432e-02  1.47585713e-01
 -1.00171426e-01 -4.35857137e-02  9.92142877e-02 -2.80685708e-01
 -7.64000022e-02 -9.39971438e-01 -1.53342851e-01 -1.27600000e-01
 -3.45428562e-02 -1.77285716e-01  1.36142868e-02  1.68999995e-02
  1.40542855e-01 -1.13714285e-01 -7.94285589e-03  1.95857171e-02
  2.00314284e-01  6.45714386e-03  5.84428584e-02  4.51285703e-02
 -4.13971424e-01 -1.90857165e-02 -1.26857163e-02  2.66928569e-01
 -3.68885711e-01  1.63714311e-02  1.38799999e-01  2.20857126e-02
  2.16314281e-01 -9.08285731e-02  2.79928567e-01 -3.94728580e-01
  9.53999985e-02 -2.72399999e-01 -2.15699995e-01 -3.05285704e-02
  1.55014289e-01 -1.60242847e-01 -1.24285692e-02 -4.26214286e-01
  1.67014284e-01  1.11642857e-01  1.65599999e-01  2.18214288e-01
 -1.76400000e-01 -1.13071427e-01 -4.34000005e-02 -3.06285716e-02
  6.45571443e-02 -1.85814285e-01  1.85715001e-04  2.72285736e-02
  3.40714284e-02 -1.12199997e-01  5.25714296e-02 -7.04428564e-02
 -4.24285925e-03 -6.96999993e-02  6.74428559e-02 -4.59999964e-03
  4.64857167e-02 -1.06900003e-01 -2.46428553e-02  1.55814284e-01
 -6.47285719e-02  9.09571440e-02 -3.13814281e-01 -1.70357143e-01
  1.13514283e-01  3.44571429e-02 -1.32457146e-01 -1.67142877e-02
 -2.71000021e-02 -2.57742857e-01 -2.91000033e-02 -1.81571418e-02
  7.94285722e-02  7.13428589e-02 -1.25728572e-01  2.31300005e-01
 -1.93728574e-01  2.83999998e-01 -9.04142859e-02  1.69599998e-01
 -2.54142859e-02  9.27285706e-02  4.04000016e-02  8.30999980e-02]"
足,"[-2.674e-01  2.210e-02  7.037e-01  2.301e-01 -1.200e-03 -5.500e-02
  8.560e-02 -4.232e-01  4.570e-02  2.200e-02  2.191e-01  2.028e-01
 -1.650e-02 -3.315e-01 -5.842e-01 -1.039e-01 -9.610e-02  5.950e-02
 -1.207e-01 -2.233e-01 -9.480e-02 -3.900e-02 -8.700e-02 -8.000e-03
  8.740e-02  2.480e-02  2.020e-02  8.630e-02 -8.080e-02  1.956e-01
  6.790e-02  5.840e-02 -2.393e-01 -1.420e-02  5.060e-02 -8.700e-03
  2.376e-01 -2.770e-02  1.416e-01 -8.400e-02 -2.650e-02 -2.049e-01
  3.329e-01  3.100e-01  1.087e-01  1.510e-01  1.158e-01  2.183e-01
  1.259e-01  5.594e-01 -3.430e-02 -3.540e-02  1.925e-01  5.720e-02
 -9.730e-02 -1.724e-01  1.626e-01  4.650e-02 -1.445e-01  2.332e-01
  2.600e-03  1.273e-01 -3.478e-01 -2.868e-01  1.725e-01  1.022e-01
 -7.990e-02 -1.251e-01 -1.664e-01  1.556e-01 -1.157e-01  7.230e-02
 -1.064e-01 -3.432e-01  4.840e-02 -7.290e-02  1.140e-02  5.000e-04
 -1.665e-01 -3.410e-02  1.039e-01  2.024e-01 -1.340e-01 -1.067e-01
 -2.514e-01 -2.484e-01  2.312e-01 -4.740e-02  2.126e-01  1.879e-01
  2.180e-02 -1.329e-01 -3.960e-02  1.964e-01  2.680e-02  2.000e-04
 -2.002e-01 -8.470e-02 -1.607e-01 -1.008e-01  8.180e-02  5.955e-01
 -1.148e-01 -1.870e-01 -2.149e-01  5.261e-01  4.930e-02  1.312e-01
  3.280e-01 -5.560e-02 -1.245e-01  2.120e-01  2.519e-01  7.360e-02
  1.860e-01 -5.360e-02 -1.091e-01  4.616e-01 -1.294e-01 -4.670e-02
 -5.320e-02 -9.580e-02  2.387e-01  9.450e-02 -2.653e-01 -1.015e-01
 -8.300e-03  1.533e-01 -2.332e-01 -5.060e-02  4.440e-02  7.590e-02
 -1.229e-01  3.100e-02 -1.224e-01 -3.290e-02 -1.465e-01  2.459e-01
 -1.210e-01  2.756e-01  8.380e-02  3.150e-02 -2.814e-01 -2.490e-02
  7.950e-02  3.420e-02 -6.680e-02  5.300e-02  5.610e-02 -3.372e-01
 -1.014e-01 -2.478e-01  2.030e-01  2.469e-01 -1.316e-01  1.789e-01
  1.555e-01  6.640e-02  2.010e-01  8.690e-02  4.200e-01  1.128e-01
  2.950e-02 -6.830e-02 -6.420e-02 -1.140e-01 -1.157e-01  1.051e-01
 -1.037e-01  6.140e-02  3.500e-03  2.715e-01  4.249e-01  3.280e-02
 -1.171e-01  3.096e-01  6.000e-02 -1.748e-01  4.650e-02 -6.240e-02
  1.184e-01  3.052e-01  1.518e-01 -4.210e-02 -5.540e-02 -1.680e-02
  3.382e-01 -8.890e-02 -3.530e-02  2.476e-01 -2.097e-01 -7.180e-02
  2.982e-01 -1.416e-01  3.531e-01 -5.750e-02 -3.030e-02  1.046e-01
 -1.379e-01  2.196e-01 -2.618e-01  1.026e-01 -6.820e-02 -3.622e-01
 -1.531e-01 -1.462e-01 -2.047e-01 -1.092e-01 -9.400e-03  1.817e-01
 -1.798e-01 -8.100e-02 -1.935e-01  1.580e-02 -2.295e-01  1.370e-02
 -1.792e-01 -6.654e-01  1.729e-01 -3.445e-01  5.730e-02  1.981e-01
  3.668e-01 -5.130e-02  1.780e-02 -6.110e-02 -1.725e-01  2.520e-02
 -1.044e-01  2.904e-01 -1.000e-02 -3.664e-01 -2.974e-01 -4.500e-03
 -2.416e-01  2.660e-02 -1.859e-01 -1.168e-01  3.390e-02 -8.750e-02
  7.440e-02 -1.401e-01 -1.540e-02 -2.633e-01 -4.580e-02 -3.075e-01
 -4.002e-01 -1.139e-01 -3.579e-01 -2.600e-01 -9.700e-03 -3.998e-01
 -2.938e-01  6.600e-03  5.240e-02  5.361e-01  1.866e-01  3.308e-01
  3.080e-02  1.296e-01  1.440e-01 -1.709e-01 -2.844e-01 -2.550e-02
  8.600e-03  2.244e-01 -2.170e-02  4.337e-01  1.179e-01 -1.275e-01
 -3.460e-02 -3.940e-02  1.848e-01 -1.978e-01 -3.300e-03  2.115e-01
 -2.576e-01 -7.180e-02  2.093e-01  3.180e-02  9.330e-02 -3.070e-02
 -2.478e-01  8.900e-02 -1.148e-01 -4.000e-04 -4.640e-02  8.890e-02
  1.400e-01 -1.690e-02 -3.980e-02 -5.420e-02 -1.837e-01 -3.050e-02
 -1.630e-02 -8.280e-02  2.239e-01  6.210e-02 -5.600e-02 -2.147e-01]","[-1.67599998e-01  4.51499997e-02  6.17949992e-01  1.94900006e-01
  8.36999965e-02  3.49499993e-02  6.10500015e-02 -2.66450007e-01
 -1.04000010e-02  7.14999996e-03  2.47749999e-01  2.19200000e-01
  5.93999978e-02 -1.59149997e-01 -5.27450010e-01 -1.51950002e-01
 -8.00500028e-02  8.75499994e-02 -2.09450006e-01 -1.04999998e-01
  2.07999982e-02 -2.39500003e-02 -4.70999987e-02 -1.83999999e-02
  1.35299999e-01 -3.65000004e-02 -2.83000022e-02 -1.48999989e-02
 -4.15999985e-02  3.77500020e-02  4.25000014e-02  8.90500005e-02
 -1.60599999e-01 -5.71500016e-02 -7.25500025e-02 -1.43699997e-01
  2.03699999e-01 -4.46499996e-02  5.57999993e-02 -8.17999989e-02
 -1.62849999e-01 -1.35749999e-01  2.24099994e-01  1.88000001e-01
 -4.70000133e-03  2.35749990e-01  4.38500000e-02  7.62499981e-02
  1.64750002e-01  4.25300017e-01 -5.92000000e-02  1.29999965e-03
  1.21399997e-01  8.56500007e-02 -1.11499999e-01 -8.52499988e-02
  1.18199997e-01  1.00000007e-02 -1.24250002e-01  2.20200002e-01
 -1.03999997e-02  1.00999959e-02 -1.43349994e-01 -1.92199998e-01
  1.86999999e-01 -3.38499993e-02  1.68500021e-02  4.21999991e-02
 -1.18600000e-01  1.86700001e-01  7.05000386e-03  8.43000002e-02
 -2.49999762e-03 -5.60999960e-02  4.39999998e-03 -5.86499982e-02
 -1.14349998e-01  1.56999998e-02 -1.02050001e-01  2.30000000e-02
 -4.76500019e-02  3.46999988e-02 -8.55500009e-02 -6.55000014e-02
 -9.47999973e-02 -2.15350002e-01  2.36299999e-01 -8.56999997e-02
  1.72549993e-01  1.13050003e-01 -4.57500014e-02  5.13499975e-02
  2.22500004e-02  1.02000001e-01  2.99500003e-02  6.15000000e-02
 -1.65800005e-01  4.78999987e-02 -1.20449997e-01 -4.84500001e-02
  2.34749995e-01  5.76550007e-01 -1.15249999e-01 -2.02350006e-01
 -8.45000017e-02  4.48249996e-01  5.36499992e-02  7.99500002e-02
  4.48399991e-01 -7.21499976e-02 -1.83649998e-01  2.33350001e-01
  2.13699996e-01 -2.91499980e-02  1.31850000e-01  9.55000147e-03
 -8.07499997e-02  2.31700003e-01 -8.54000002e-02 -6.04000017e-02
  1.94000006e-02 -1.02800000e-01  1.12100001e-01  1.02899998e-01
 -7.68000036e-02 -1.85000002e-02  3.51499985e-02 -5.68000004e-02
 -1.34450000e-01  1.77999996e-02  3.67999999e-02  7.77000003e-02
  1.13500021e-02 -2.35000066e-03  1.58500001e-02 -7.61500020e-02
 -2.17650004e-01  1.09900002e-01 -1.09800000e-01  1.45949993e-01
  6.07500020e-02  1.22500001e-02  3.39999795e-03 -6.95000030e-03
  1.33650001e-01 -2.09999997e-02 -2.35499993e-01  4.91000004e-02
  1.06400000e-01 -3.11749995e-01 -5.31500014e-02 -1.28799996e-01
  2.95199998e-01  1.33600004e-01 -1.71900004e-01  9.99000017e-02
  1.73999965e-02  1.35900002e-01  5.92000037e-02 -5.04500009e-02
  1.77299995e-01  3.42500005e-02 -4.12000008e-02  1.21500008e-02
 -1.47799999e-01  4.43000011e-02 -1.08399998e-01 -2.21499987e-02
 -1.18799999e-01  3.98000004e-02  6.49499970e-02 -4.66500074e-02
  1.24200001e-01  2.15000003e-02 -1.41050003e-01  6.35499954e-02
  1.59999914e-03 -1.88549995e-01  1.33949997e-01 -4.87999991e-02
  6.99999928e-03  3.62450004e-01  1.04000004e-01 -1.48850003e-01
  4.78999987e-02 -4.53499993e-02  2.90750004e-01 -2.78999992e-02
 -7.70500004e-02  1.47200001e-01 -1.78599998e-01 -2.01500002e-02
  2.89750010e-01 -1.59000002e-01  2.46600002e-01  1.36099996e-01
  3.22000002e-02  4.20999983e-02 -2.01099992e-01  7.22500049e-02
 -1.27299996e-01  7.69999996e-03 -1.89550001e-01 -1.86849996e-01
  9.33999941e-02 -1.39049999e-01 -2.43499950e-02 -1.90300003e-01
 -2.33500008e-02  6.89500030e-02 -1.62650004e-01  1.29899994e-01
 -2.32849993e-01  8.14999963e-03 -3.33999991e-02  3.44000007e-02
 -4.99499962e-02 -6.35450006e-01  6.14000037e-02 -1.72600003e-01
  6.41000010e-02  1.28599999e-01  1.39900006e-01  2.81000007e-02
  3.00500002e-02 -7.55000003e-02 -2.15799995e-01 -5.08000003e-02
 -8.64499994e-02  2.57950000e-01  1.90000003e-03 -3.19049999e-01
 -2.66049996e-01  2.05500005e-02 -9.17000026e-02 -4.48000003e-02
 -2.00300001e-01 -1.50002539e-04 -1.44800004e-01 -1.92400005e-01
  7.42500015e-02 -1.89400002e-01 -1.16299998e-01 -2.81499997e-01
 -1.27999999e-01 -2.48199999e-01 -2.33050004e-01 -2.32499987e-02
 -8.74999985e-02 -3.66750002e-01 -6.72000013e-02 -3.27649996e-01
 -2.32699998e-01  1.27900001e-01  4.32000011e-02  4.33749989e-01
  9.15499998e-02  2.35749997e-01  1.40199997e-01  6.32000017e-02
  7.83499968e-02 -1.65449999e-01 -1.60049994e-01  2.73000002e-02
 -1.00999996e-02  2.24699996e-01 -1.71000003e-02  1.59149997e-01
  6.26499995e-02 -8.50499980e-02 -6.93999995e-02 -1.33450003e-01
  5.93999997e-02 -1.04849998e-01 -3.65999993e-02  8.05500019e-02
 -1.28550005e-01 -3.21000004e-02  1.65199999e-01  2.58500008e-02
  1.34400003e-01 -3.33499992e-02 -8.39999318e-03  9.03000012e-02
 -1.55999996e-02 -3.93499996e-02  1.82999987e-02  1.76100001e-01
  1.91150002e-01 -1.26249997e-01  2.53899986e-01 -2.92000005e-02
 -1.78099997e-01 -1.59950006e-01  8.21500011e-02  6.23999983e-02
  1.61800001e-01  1.31450001e-01  1.19750004e-01 -1.90250002e-01]"
間,"[-1.223e-01 -3.400e-03  3.265e-01  1.450e-01 -1.874e-01  1.866e-01
  1.218e-01 -2.555e-01  5.720e-02 -9.390e-02  8.680e-02 -4.300e-03
  1.290e-02 -1.310e-02 -3.590e-01  4.310e-02  9.940e-02 -7.660e-02
 -8.360e-02 -8.660e-02 -1.330e-02  5.500e-02 -2.700e-02  1.810e-01
  1.058e-01  3.105e-01 -1.078e-01  2.030e-02 -5.000e-04 -2.241e-01
 -3.623e-01  2.127e-01 -1.409e-01  1.820e-01  1.186e-01 -1.281e-01
 -5.160e-02 -7.210e-02  3.031e-01 -1.076e-01  1.328e-01  2.080e-01
  6.320e-02  8.600e-03 -2.205e-01  1.675e-01  1.471e-01 -4.790e-02
 -1.249e-01 -2.757e-01 -5.940e-02  4.510e-02 -6.290e-02  1.153e-01
 -1.518e-01  2.050e-01 -1.432e-01  5.520e-02  1.385e-01 -1.530e-01
 -6.610e-02  7.180e-02  5.680e-02  5.700e-02  8.870e-02  1.973e-01
 -1.540e-02 -9.730e-02 -5.170e-02 -1.910e-02 -9.220e-02  6.940e-02
 -5.330e-02 -3.180e-02 -1.350e-01 -7.720e-02  2.970e-02 -4.360e-02
 -2.820e-02  4.930e-02 -1.210e-02 -2.473e-01 -1.524e-01 -8.900e-02
 -7.920e-02 -7.700e-03 -1.146e-01 -8.400e-03 -8.320e-02  2.830e-02
 -1.760e-02 -3.300e-02  7.700e-03  2.550e-02 -1.000e-04 -6.400e-03
 -2.880e-01  2.090e-02 -6.240e-02 -1.181e-01  7.510e-02  4.727e-01
 -1.070e-02 -2.160e-01 -1.520e-01  2.054e-01 -1.090e-01  3.800e-03
  1.299e-01 -1.571e-01 -2.026e-01  2.436e-01  9.200e-02  1.690e-02
  9.710e-02  4.900e-03 -1.000e-04  4.270e-02  1.725e-01 -1.266e-01
  1.103e-01 -7.930e-02 -1.058e-01  7.080e-02 -8.370e-02 -1.410e-01
 -5.580e-02  1.017e-01 -1.574e-01  1.184e-01 -8.090e-02 -1.440e-02
  8.300e-02 -6.490e-02  4.840e-02 -4.741e-01  3.330e-02  1.734e-01
 -9.000e-04 -4.080e-02 -4.200e-02  9.900e-03  5.760e-02  9.270e-02
  4.547e-01  1.877e-01 -2.233e-01 -2.794e-01  7.210e-02  1.208e-01
 -4.030e-02 -1.665e-01  3.553e-01  2.310e-02  2.290e-02 -1.059e-01
  9.760e-02 -3.840e-02  2.532e-01 -1.436e-01  8.070e-02 -2.480e-02
 -8.210e-02  5.770e-02 -2.520e-02 -3.250e-02 -2.404e-01  1.200e-03
  6.120e-02  4.690e-02 -1.570e-01  1.864e-01  9.800e-02  8.750e-02
 -5.660e-02  1.036e-01 -1.296e-01  6.800e-02 -8.180e-02  2.062e-01
  7.010e-02  2.167e-01 -3.077e-01  1.289e-01 -5.720e-02 -6.200e-02
  1.360e-02  1.883e-01  4.440e-02 -8.920e-02 -9.550e-02 -2.370e-02
  4.503e-01  1.955e-01  6.514e-01  5.460e-02  4.470e-02  1.510e-01
 -8.190e-02  2.500e-03 -2.927e-01  6.530e-02  2.600e-03  4.500e-02
 -1.983e-01 -5.040e-02 -1.513e-01 -5.950e-02 -1.593e-01 -1.025e-01
  5.280e-02  2.248e-01 -2.292e-01 -2.934e-01 -9.800e-03  4.550e-02
  9.460e-02 -4.475e-01  4.430e-02  9.440e-02  9.650e-02 -5.800e-02
 -2.700e-01 -1.865e-01 -2.920e-02 -2.378e-01 -1.053e-01  5.430e-02
  8.170e-02  7.110e-02 -1.000e-03 -3.726e-01 -1.915e-01  2.180e-01
  3.610e-02  4.680e-02 -1.505e-01 -9.110e-02  3.050e-02  8.640e-02
 -4.280e-02 -5.580e-02 -9.240e-02 -3.377e-01 -9.500e-03 -2.167e-01
  5.650e-02  1.820e-02 -2.018e-01 -3.976e-01 -1.155e-01 -1.949e-01
  1.937e-01 -1.090e-02  2.490e-02  2.760e-01 -2.200e-03 -5.440e-02
  4.740e-02 -4.850e-02 -1.832e-01  7.980e-02  1.498e-01 -3.604e-01
  1.516e-01  5.070e-02 -1.715e-01 -2.970e-02  1.350e-01  1.795e-01
 -9.000e-02 -1.800e-03  1.111e-01  5.270e-02 -1.630e-02 -9.070e-02
  3.220e-02  1.496e-01 -8.890e-02  2.570e-02  4.305e-01  9.440e-02
  2.114e-01  9.560e-02  1.801e-01 -1.040e-01 -2.837e-01  1.529e-01
  1.310e-02 -8.000e-03 -1.928e-01  1.400e-03 -2.335e-01  3.460e-02
 -8.640e-02 -4.740e-02 -7.850e-02  2.434e-01  2.040e-02  3.617e-01]","[-1.31100001e-01  3.30000039e-03  3.93049993e-01  7.56499986e-02
 -1.17574999e-01  1.17350002e-01  1.07324998e-01 -1.03074998e-01
 -8.08500024e-02 -1.17400002e-01  1.71574997e-01  2.49999994e-03
 -1.46300002e-01 -1.18925000e-01 -3.81899998e-01  7.83750005e-02
  1.30500013e-02 -5.79999993e-02 -9.24749989e-02 -4.14250009e-02
  1.74275004e-01  6.94249999e-02  1.63250011e-02  9.07499995e-02
 -9.74999904e-03  4.55749966e-02  2.24500000e-02  1.00875000e-01
 -9.59999954e-03 -8.90749991e-02 -2.06675001e-01  2.78999992e-02
 -6.63250005e-02 -1.19750053e-02  3.75750009e-02 -9.11999959e-02
 -2.71500014e-02  3.36000007e-02  1.40899997e-01  4.25250009e-02
  2.42249989e-02  1.14550001e-01  3.38999983e-02 -3.00000014e-03
 -1.18100000e-01  1.64800003e-01  1.40750023e-02 -8.91250016e-02
  3.45000118e-03 -6.86000013e-02 -3.17500066e-03 -1.67250005e-02
 -8.39000009e-02  1.23975001e-01 -1.21475002e-01  5.87499933e-03
  3.05499993e-02 -9.33250021e-02  4.75250027e-02 -1.98499991e-02
 -2.12500002e-02 -4.38999990e-02 -2.65500001e-02 -3.99249974e-02
  9.11999987e-02  1.20674998e-01  1.43500008e-02 -2.31499998e-02
 -3.53249991e-02 -3.57500010e-03 -7.13249999e-02  1.82500003e-01
  1.14749987e-02 -4.37500089e-03 -8.07250012e-02 -4.85500016e-02
 -6.99999928e-03 -6.67749997e-02 -2.56749997e-02  8.35750001e-02
  4.11250009e-02 -6.07499946e-03 -9.69999991e-02 -3.09000011e-02
 -1.07499957e-03  2.64250003e-02 -9.75000001e-02 -4.77000007e-02
 -4.09999862e-03 -1.13324998e-01  2.68749986e-02 -5.22250000e-02
 -7.80749992e-02  7.79250003e-02  3.95250013e-02 -6.23499966e-02
 -2.36999996e-01  3.60000003e-02  6.74000001e-02 -2.69250004e-02
  8.20249999e-02  3.46574999e-01 -1.59499994e-02 -1.06825002e-01
 -1.10374998e-01  3.42524998e-01  4.07250023e-02 -5.10750003e-02
  3.15999994e-02 -5.75000141e-03 -1.87675002e-01  1.97225001e-01
  8.82749981e-02 -1.40249999e-02  2.23725000e-01 -5.55750011e-02
  3.78000023e-02  3.21749989e-02  1.37775002e-01 -7.04000001e-02
  5.20749986e-02 -5.10500004e-02 -2.12500012e-02  5.75249996e-02
 -9.01750028e-02 -9.92500014e-03 -5.27499999e-02  4.29750006e-02
  1.48049999e-01 -4.53999990e-02 -2.54750000e-02 -3.00000096e-03
  7.50999972e-02  1.33500006e-02  8.79750014e-02 -4.95875001e-01
  5.30250017e-02  1.45850001e-01 -1.05000000e-01  3.78500000e-02
 -6.52749985e-02  1.27249999e-02 -2.14250009e-02  5.42500005e-02
  2.65874997e-01  4.73250011e-02 -1.56699998e-01 -1.48949997e-01
  1.63499992e-02 -1.39249982e-02 -7.64999995e-02 -9.72750001e-02
  1.49850003e-01 -3.01250033e-02  6.45249992e-02 -6.09249994e-02
  2.09774999e-01 -3.40000000e-02  6.95999991e-02  3.59750004e-02
  1.67399997e-01 -5.15999997e-02 -2.44249986e-02  2.81799993e-01
  2.88500004e-02  7.15000005e-02 -2.18975000e-01 -1.48749992e-02
  3.17250001e-02  9.92500107e-03 -3.68500017e-02  2.65499988e-02
  6.54999986e-02  1.81500008e-02  4.55000100e-03  1.38449999e-01
 -1.03625002e-01  5.65500013e-02  8.79500024e-02  1.38975001e-01
 -4.29499985e-02 -3.60999983e-02 -3.08925003e-01  1.48500001e-01
  4.99994494e-05 -1.24249993e-02 -7.53750001e-02  2.69174997e-01
 -4.07250002e-02 -1.61700000e-01 -3.82000003e-02 -4.28500017e-02
  2.54875002e-01  1.32675000e-01  3.65475006e-01  6.18250016e-02
  3.45749976e-02  1.15024997e-01 -4.74250006e-02  7.83000026e-02
 -6.55749990e-02  1.29975002e-01  1.02000003e-02  9.26000010e-02
 -9.87500029e-02 -1.28575000e-01 -7.52499932e-03 -1.78500004e-02
 -3.93500002e-02 -6.83500012e-02 -5.56750000e-02  2.38250028e-02
 -1.81375005e-01 -2.05599997e-01  1.21550002e-01 -9.55750007e-02
  9.94499996e-02 -5.34149997e-01 -8.69000005e-02 -1.12999985e-02
  2.24250024e-02 -4.00999992e-02  1.13249995e-01 -1.56374996e-01
  4.65999995e-02 -8.03749999e-02 -1.35899999e-01 -6.89500021e-02
  5.67999990e-02 -3.20250001e-02  3.35750007e-02 -3.59624993e-01
 -2.61674993e-01 -2.58249994e-02  6.90749995e-02 -2.55999998e-02
 -2.10500002e-01 -3.83250006e-02  8.05000076e-03  4.92000012e-02
 -2.72500142e-03  4.74250019e-02 -1.22749978e-02 -2.24475004e-01
  5.37250005e-02 -1.34999999e-01 -2.74250018e-02 -9.33499993e-02
 -9.83499996e-02 -4.61249992e-01 -5.27250012e-02 -2.54699998e-01
  1.45949997e-01 -1.68999999e-02  1.13175000e-01  2.19024997e-01
  7.19250003e-02  4.24999837e-03 -3.41500016e-02  5.11999987e-02
 -1.41375005e-01 -4.89999976e-02 -3.00000049e-03 -1.85474996e-01
  1.44849999e-01  1.48375004e-01 -7.58500001e-02 -2.63999994e-02
  3.75250038e-02  1.22050000e-01 -8.31749998e-02 -1.15750001e-02
  8.74999999e-02  2.05250001e-02 -3.39749999e-02 -6.06249999e-02
  4.30000015e-02  7.73749996e-02 -3.75500005e-02  5.18000005e-02
  3.87374990e-01  2.56750002e-02  1.84750016e-02  1.32500147e-03
 -7.92500307e-03 -5.05250005e-02 -1.01174997e-01  4.67249993e-02
  4.51499997e-02  4.98250017e-02 -6.38250005e-02  1.55000003e-02
 -2.93900006e-01  2.38074998e-01 -1.97725000e-01 -2.90999999e-02
  1.97499804e-03  2.23650001e-01 -1.06749996e-02  1.87049995e-01]"
ナマ生,"[-3.41399997e-01  3.14400017e-01  5.20299971e-01  4.28499997e-01
 -5.94399989e-01 -4.80899990e-01  7.18999952e-02  1.08999997e-01
 -2.07599998e-01  5.52500010e-01  4.11100000e-01  2.61000007e-01
 -2.03100011e-01 -1.48740005e+00 -4.16999996e-01 -1.11499995e-01
 -2.97199994e-01 -6.62999973e-02 -4.43699986e-01 -7.99998641e-04
 -4.28900003e-01  4.78300005e-01 -7.01999962e-02  1.48000047e-02
 -5.17000034e-02  7.02999979e-02  5.88400006e-01 -8.55999961e-02
  1.41199991e-01 -1.72099993e-01  5.78999966e-02  4.69300002e-01
  4.86400008e-01 -1.65999994e-01 -5.69599986e-01 -2.18500003e-01
 -1.07299998e-01  1.84599996e-01 -1.25900000e-01  4.01800007e-01
  3.02000046e-02 -4.93900001e-01 -1.05200000e-01 -4.10299987e-01
  3.33000012e-02  2.24399984e-01 -3.95699978e-01 -2.25000009e-01
 -6.70999959e-02  4.57000017e-01  3.05400014e-01 -4.24000025e-02
  3.97999957e-02  1.24200001e-01 -2.23600000e-01 -3.61600012e-01
  1.04800008e-01 -2.23000012e-02 -5.51400006e-01  2.45600015e-01
 -1.64299995e-01 -8.50999951e-02  3.10499996e-01  2.87600011e-01
  3.41000021e-01 -4.23099995e-01 -3.81000042e-02 -1.03300005e-01
 -4.36299980e-01 -3.09700012e-01  3.17499995e-01  2.93000005e-02
 -1.12000003e-01 -1.65800005e-01  3.85899991e-01 -7.58299947e-01
  9.69000012e-02 -3.63700002e-01 -2.85699993e-01 -1.92400008e-01
 -6.63000047e-02  1.34999990e-01 -2.34700009e-01 -7.42999986e-02
  2.47500002e-01 -3.06899995e-01  1.18699998e-01 -2.99999863e-03
  1.29600003e-01  2.60699987e-01  2.37899989e-01 -3.09000015e-02
 -1.49199992e-01 -1.39000043e-02  5.39999902e-02 -6.32699966e-01
 -3.54400009e-01  3.02999988e-02 -2.50400007e-01 -1.37799993e-01
 -1.58999991e-02  6.95799947e-01 -4.85000014e-02 -4.74500000e-01
 -9.74999964e-02  7.93499947e-01  4.22800004e-01 -1.72000006e-01
 -4.18999977e-02 -1.11800000e-01  7.33000040e-02  8.05299997e-01
  2.76899993e-01 -6.06999993e-02 -4.37299997e-01 -1.71000004e-01
 -5.13199985e-01 -2.94300020e-01  2.03000009e-02  1.29299998e-01
 -5.09000048e-02 -5.95000014e-02  3.56500000e-01  5.01999974e-01
 -2.35599995e-01 -5.24900019e-01  5.51299989e-01  1.26800001e-01
 -4.74900007e-01 -3.22699994e-01 -2.88100004e-01 -2.34099999e-01
  8.48500013e-01  1.27599999e-01 -3.77700031e-01 -6.95100009e-01
 -2.44999975e-02 -1.12499997e-01 -2.52799988e-01  1.77399993e-01
 -8.12000036e-02 -2.05000043e-02  5.16000018e-02  2.27800012e-01
  4.81799990e-01 -7.81999975e-02 -3.16599995e-01  2.45700002e-01
 -3.49000022e-02  1.77200004e-01 -4.52199996e-01 -1.12099998e-01
  5.98200023e-01 -3.80899996e-01 -7.18000010e-02  2.01000012e-02
 -6.46999925e-02  1.54400006e-01  2.04300001e-01 -5.31300008e-01
  3.72299999e-01  1.21999998e-02 -8.87999982e-02 -6.05000019e-01
  1.28500000e-01  3.35099995e-01 -7.55999982e-02 -3.24400008e-01
 -5.39399981e-01 -1.20000169e-03  2.53199995e-01 -5.42999990e-02
 -4.14000042e-02 -2.59400010e-01  8.63999948e-02  4.23200011e-01
  2.40899995e-01 -1.28800005e-01 -6.61800027e-01  2.69199997e-01
  6.26500010e-01  9.63599980e-01  2.96700001e-01 -3.45999971e-02
  1.06700003e-01  2.69499987e-01  3.26600015e-01 -1.46400005e-01
 -1.30000003e-02 -1.07699998e-01  7.87799954e-01 -2.83500016e-01
 -1.23100005e-01 -2.18300000e-01 -3.33599985e-01 -3.53699982e-01
 -4.70499992e-01  3.22200000e-01 -8.20000097e-03 -2.36200005e-01
  4.62500006e-01  7.30000436e-03 -5.20300031e-01  1.97599992e-01
  8.64999965e-02 -1.25100002e-01  3.26499999e-01 -7.03199983e-01
 -2.79900014e-01 -3.45499992e-01 -1.23300001e-01 -1.06999874e-02
  5.84000051e-02  3.88399988e-01 -5.87300003e-01  3.64399999e-01
 -3.51000011e-01 -1.49670005e+00 -2.37500012e-01 -6.57899976e-01
 -1.46599993e-01 -2.80299991e-01  2.50400007e-01 -3.42700005e-01
  4.78399992e-01 -7.52000064e-02 -2.26599991e-01 -2.24399999e-01
 -6.09999970e-02  8.21000040e-02 -2.75900006e-01  6.63200021e-01
 -6.47400022e-01 -6.87700033e-01  4.90999967e-02 -6.65000081e-02
 -8.66100013e-01 -2.04699993e-01 -1.96600005e-01  2.84000009e-01
  1.21500000e-01 -5.57999983e-02 -7.81999975e-02 -2.32500017e-01
  4.68999982e-01 -3.05299997e-01 -3.23300004e-01  1.01090002e+00
 -7.84700036e-01 -7.91999996e-02 -2.01399997e-01 -6.15000010e-01
  2.36600012e-01  9.31999981e-02  1.61599994e-01  1.77000016e-02
 -4.90499973e-01  3.50000001e-02 -2.93999948e-02  4.41500008e-01
  7.01999962e-02 -6.67400002e-01  7.75000006e-02  9.01700020e-01
  8.33000019e-02  8.73000026e-02  2.42499992e-01 -6.78999946e-02
  2.13499993e-01 -2.89999992e-02 -3.06699991e-01  6.12499952e-01
 -2.49199986e-01  3.06999981e-01 -8.09000015e-01 -4.11500007e-01
 -1.01999998e-01  1.47900000e-01 -1.62400007e-01  4.88999933e-02
  2.44700000e-01  2.00700000e-01  6.46499991e-01 -2.44800001e-01
  5.11000007e-02 -1.49000008e-02  3.02000046e-02 -4.46599990e-01
  3.65500003e-01  2.81500012e-01 -4.86299992e-01 -1.56100005e-01
  4.41299975e-01 -6.65799975e-01 -7.14599967e-01  3.15200001e-01
  2.91700006e-01  1.60600007e-01  5.57000041e-02 -3.23300004e-01]","[-1.16400000e-01  2.49500051e-02  2.82049999e-01  1.52600005e-01
 -4.07299995e-01 -5.37500009e-02  1.40899997e-01  2.20899999e-01
  3.97499986e-02  1.13000000e-01  1.49450000e-01 -3.09499996e-02
 -1.23350002e-01 -3.50199988e-01 -2.70699993e-01  2.51999982e-02
 -2.46500005e-02 -1.60850000e-01 -9.89999995e-02 -1.44550001e-01
  2.35000253e-03  1.67500004e-01  9.59999859e-03 -3.91499996e-02
  1.36599993e-01 -9.05000046e-03 -1.09000020e-02  9.47999978e-02
 -2.16999985e-02 -7.24999979e-03 -5.69999963e-03  1.80550005e-01
  1.64850000e-01 -1.10549998e-01 -1.55150000e-01 -4.18000016e-02
 -1.22999996e-02  7.17499983e-02  7.35999998e-02  3.71399999e-01
  1.02500021e-02 -1.15900002e-01  3.10499999e-02  3.43500003e-02
 -1.41400002e-01  2.73399994e-01 -2.40100004e-01 -1.64750002e-01
 -6.46000020e-02  3.07199992e-01  9.85000003e-03  9.12499996e-02
 -3.81000005e-02  1.45599999e-01  9.29499995e-02 -2.41500009e-02
  1.11500025e-02  8.02499996e-02  1.06050000e-01 -8.05000030e-03
 -3.32500003e-02 -2.92999968e-02 -2.00000592e-04  2.60000043e-02
  1.74750004e-01  2.34999508e-03  1.45499995e-02 -1.10849999e-01
 -2.34849997e-01  5.13499975e-02  1.03049999e-01  4.12999988e-02
 -4.14499994e-02 -1.86500028e-02  1.83549993e-01 -3.18599988e-01
 -1.77999996e-02 -4.19499986e-02 -1.05800001e-01 -3.44999973e-03
  2.25499999e-02  2.03299999e-01 -1.69550002e-01 -8.30000006e-02
  3.06500010e-02 -6.61999993e-02  8.83000009e-02  1.23400003e-01
  7.59499990e-02  2.88999975e-02  5.86999990e-02 -7.74999987e-02
  4.56000008e-02  2.57999972e-02  1.42299999e-01 -1.46250000e-01
 -2.28799999e-01  1.02150001e-01  6.47499999e-02 -4.94999811e-03
 -1.71649996e-01  3.33349988e-01  1.35300003e-01  3.38499993e-02
  2.63999999e-02  3.35449994e-01  1.64200000e-01 -4.47000042e-02
 -7.61500001e-02 -5.68500012e-02 -1.43500003e-02  1.45399999e-01
  2.55850006e-01 -2.44000009e-02 -1.53499991e-02 -6.12500003e-02
 -9.37000001e-02  6.48000017e-02 -8.99999961e-03  1.92499999e-02
 -3.07000019e-02 -2.33500004e-02  1.34550004e-01  9.67000015e-02
 -3.20799991e-01 -8.93499972e-02  6.73499964e-02 -6.71499986e-02
 -7.27500003e-02 -6.48999959e-02 -1.12250004e-01 -8.76000002e-02
  2.97499999e-01 -2.34499946e-02  3.50499973e-02 -4.18100014e-01
 -5.50500004e-02  1.22899996e-01  6.64000027e-02  1.14400001e-01
  3.32500003e-02 -1.10450000e-01  1.21700000e-01  1.22000016e-02
  3.39099988e-01  1.91000006e-02 -1.23200003e-01  3.52999996e-02
 -1.88900001e-01  1.58600003e-01  5.71500016e-02 -8.18499969e-02
  1.42650001e-01 -2.77500004e-02  1.05799999e-01  8.88999999e-02
  7.53000025e-02  7.31000013e-02  5.40000005e-02 -2.08700001e-01
  2.40249999e-01 -1.00399997e-01  1.47000002e-02 -1.92249998e-01
  8.95499997e-02  5.88999987e-02 -9.33999969e-02 -3.93999994e-02
 -1.65349998e-01  5.42499982e-02 -2.44000005e-02 -5.53499991e-02
 -1.80300005e-01 -1.08950000e-01 -2.95499992e-01  1.27350004e-01
 -4.26499993e-02  2.57349998e-01 -1.04549993e-01  1.06499997e-01
  1.50799997e-01  2.72549994e-01 -2.98500005e-02  1.63600001e-01
  1.73000023e-02 -1.27799999e-01  3.56500000e-02 -2.44500004e-02
 -1.20200001e-01 -9.25499992e-02  3.36149991e-01 -1.56000003e-01
  8.99999961e-03 -7.87000023e-02  4.30999994e-02 -1.44149993e-01
 -6.19999971e-03  1.58500001e-02 -7.82500021e-02  8.05000216e-03
  3.27500012e-02 -1.76550001e-01 -2.26500034e-02  3.49999992e-02
 -5.13499998e-02 -1.28549999e-01  7.97000043e-02 -1.58049999e-01
 -1.30950002e-01 -1.57550000e-01  1.61200002e-01  1.38850003e-01
 -1.28399998e-01  1.64899999e-01 -1.90599997e-01  4.61999997e-02
 -2.02500001e-02 -6.30300015e-01 -9.07500032e-02 -5.57999909e-02
  5.66999987e-02 -9.22500007e-02  1.53349999e-01 -6.50999965e-02
  1.20050002e-01 -9.81500018e-02 -8.57000016e-02  7.79999793e-03
 -3.00000049e-03 -6.29999973e-02 -5.26999962e-02  1.70300003e-01
 -2.46050000e-01 -2.02649998e-01  8.27500001e-02  4.26499974e-02
 -3.45900007e-01  5.00500016e-02 -8.73499997e-02  1.49249996e-01
  4.52499986e-02 -6.06500022e-02 -2.87999992e-02 -3.25599998e-01
  1.35850001e-01 -1.82499997e-01 -1.25000001e-01  3.25600006e-01
 -3.44349995e-01  4.75000218e-03 -9.40500014e-02 -3.63899991e-01
  5.07499997e-02 -8.54999945e-03  3.94500010e-02  3.44000012e-01
 -1.76199995e-01 -2.07000005e-02 -5.39000016e-02  5.57000022e-02
 -3.35499998e-02 -2.24149995e-01 -5.99999912e-04  3.97550002e-01
 -4.51999987e-02 -1.01349998e-01 -2.10050002e-01 -4.34999983e-02
  1.10300001e-01 -4.42999974e-02 -1.52150001e-01  1.63000003e-02
 -8.00000504e-04 -1.07000023e-02 -1.67000001e-01 -2.88500041e-02
 -4.52999994e-02 -5.91500010e-02 -9.86500001e-02  1.51499994e-02
  2.59949997e-01  8.61000009e-02  1.92700006e-01 -1.17549997e-01
  2.63999999e-01 -2.57000001e-02  9.43500008e-02 -7.11999983e-02
  5.76499999e-02  8.37000022e-02 -6.01500031e-02  6.04999997e-02
  9.94499978e-02 -1.31650008e-01 -3.54199991e-01  1.25200003e-01
 -1.25500005e-01  1.19050004e-01  2.97499970e-02 -2.95600004e-01]"
雰囲気,"[-6.230e-02  2.420e-02  3.532e-01 -3.000e-03  1.690e-02  7.220e-02
  2.349e-01 -3.580e-02 -1.630e-01  1.837e-01  1.401e-01  4.140e-02
 -8.170e-02 -1.499e-01 -9.740e-02  9.230e-02 -6.200e-03 -4.790e-02
 -4.930e-02 -1.250e-02 -6.840e-02 -1.650e-02  2.600e-02 -4.980e-02
 -3.280e-02 -9.320e-02  1.460e-01  4.130e-02 -3.400e-02  7.700e-02
 -7.720e-02 -3.740e-02 -1.910e-02  3.180e-02  6.720e-02 -4.590e-02
  2.360e-02 -1.330e-02 -7.060e-02  5.480e-02  1.166e-01  1.179e-01
  1.900e-03  5.110e-02 -3.530e-02 -1.448e-01  1.665e-01 -9.390e-02
 -6.800e-02  9.840e-02 -7.430e-02 -6.000e-02  1.400e-01 -5.850e-02
  2.690e-02  1.320e-02  3.330e-02 -9.200e-02 -5.890e-02  1.688e-01
  1.000e-04 -4.900e-03  9.800e-02  3.230e-02 -1.530e-02  1.079e-01
 -4.690e-02 -1.400e-03 -4.850e-02  1.558e-01  6.700e-03 -9.590e-02
 -5.760e-02  9.910e-02 -2.700e-03 -1.302e-01 -2.130e-02  7.730e-02
 -4.880e-02 -5.950e-02  3.180e-02  1.104e-01 -4.890e-02 -8.700e-02
 -2.200e-03  1.820e-02  2.330e-02  9.190e-02 -3.310e-02 -2.640e-02
 -1.660e-02  5.200e-03  1.030e-02  8.520e-02  8.430e-02  6.610e-02
  4.670e-02 -4.900e-02  3.080e-02  1.680e-02 -9.300e-02  2.196e-01
  4.910e-02 -5.040e-02  2.160e-02  7.800e-03 -3.250e-02 -1.800e-03
 -1.510e-02 -2.470e-02 -2.985e-01 -1.003e-01 -1.134e-01 -1.054e-01
  3.900e-02  8.080e-02  4.770e-02  4.980e-02  8.620e-02  1.900e-03
 -6.960e-02 -6.180e-02  9.050e-02 -4.730e-02  7.100e-02 -2.040e-02
 -8.330e-02 -7.200e-02  8.760e-02  5.000e-04  2.280e-02 -4.550e-02
  1.655e-01  3.170e-02  1.210e-02 -7.410e-02  9.360e-02 -3.310e-02
  1.057e-01  1.170e-02 -1.200e-03 -2.450e-02  1.149e-01 -3.380e-02
  2.220e-02 -1.246e-01 -1.408e-01 -3.180e-02  1.684e-01 -2.132e-01
 -2.820e-02  7.190e-02 -3.780e-02 -1.636e-01 -2.520e-02  1.047e-01
 -7.900e-03 -2.750e-02  4.760e-02 -2.440e-02 -1.269e-01 -8.580e-02
 -5.200e-03  1.080e-01  1.860e-01  1.370e-02  1.200e-03 -1.434e-01
 -1.260e-02  4.890e-02  7.870e-02  8.350e-02 -7.100e-03 -8.430e-02
  6.160e-02  2.920e-02 -3.280e-02 -6.300e-02  7.190e-02 -3.680e-02
  1.620e-02 -8.200e-02 -3.590e-02  1.667e-01  1.900e-03 -8.610e-02
 -3.810e-02  1.867e-01  1.860e-02 -7.190e-02  3.550e-02  4.220e-02
  1.863e-01  3.400e-03  4.000e-03  7.290e-02  4.500e-02 -3.790e-02
  6.540e-02  2.010e-02 -1.150e-02 -5.140e-02 -5.190e-02 -3.750e-02
 -4.450e-02 -1.050e-02  1.839e-01  1.166e-01  2.800e-02 -8.150e-02
  3.780e-02  2.083e-01 -1.200e-02 -1.703e-01  9.690e-02 -9.100e-03
  6.330e-02 -3.231e-01 -1.220e-02 -3.020e-02  1.540e-02  2.000e-02
 -1.058e-01 -5.710e-02  2.520e-02  8.100e-03  6.920e-02 -6.240e-02
  9.740e-02 -8.800e-03  7.860e-02  8.570e-02 -2.162e-01  6.370e-02
  1.690e-02 -2.600e-02 -2.562e-01 -9.580e-02  7.310e-02 -6.400e-02
  1.710e-02 -5.250e-02  5.200e-02 -1.170e-01  1.373e-01 -4.120e-02
 -1.503e-01  2.860e-02  2.380e-01 -3.576e-01  2.680e-02 -1.870e-01
  5.830e-02  1.400e-03  6.020e-02 -1.730e-02 -1.921e-01  7.070e-02
  5.090e-02 -2.450e-02 -1.116e-01 -1.424e-01 -1.700e-03  7.580e-02
 -2.910e-02 -1.976e-01  2.830e-02  8.100e-02 -2.110e-02 -4.180e-02
  1.733e-01  1.700e-02 -5.040e-02  8.000e-02  7.170e-02  7.400e-03
  1.132e-01 -7.540e-02 -4.100e-02  2.930e-02  1.946e-01  6.390e-02
  7.200e-02 -7.200e-03 -1.639e-01  4.260e-02 -4.740e-02 -6.140e-02
  5.630e-02  1.560e-01 -7.870e-02 -1.130e-02 -4.640e-02  1.416e-01
  6.070e-02  1.800e-02  7.520e-02  6.000e-04 -8.290e-02  5.700e-03]","[-8.95000107e-03 -3.97222324e-03  2.16416666e-01  6.38916674e-02
  4.51472213e-02 -1.09527784e-02  4.69611109e-02 -6.27222267e-03
 -2.93138890e-02  1.21630554e-01  9.39083338e-02  3.37999990e-02
 -2.55972219e-02 -6.39027771e-02 -6.32527778e-02  5.55083337e-02
 -3.72777809e-03 -2.98638888e-02 -1.16911113e-01  2.96388945e-03
 -3.03972225e-02  4.56888895e-02 -2.79972218e-02 -2.65472225e-02
  3.87444434e-02 -4.18111107e-02  1.03172223e-01  2.76944454e-02
  9.81111037e-03  3.49999182e-04 -5.56000002e-02 -5.96666744e-03
 -3.24444497e-03  8.34166685e-03  2.66083330e-02 -1.92555558e-02
 -3.09666672e-02 -9.74166696e-03  8.86111021e-03 -2.00250005e-02
  6.18305546e-02 -5.10555595e-03 -5.15361118e-02  4.07750002e-02
 -2.89750000e-02 -1.01177778e-01  4.28333190e-03  5.27777156e-04
  4.81666560e-03  4.69722243e-03  1.71166663e-02 -2.74555555e-02
  3.57138885e-02 -2.16138885e-02  2.34333325e-02  5.86111112e-02
  6.49249999e-02 -7.80555546e-02  1.33972228e-02  1.04166667e-02
 -1.53805558e-02 -5.16527786e-02  2.36722219e-02 -4.62777816e-03
  5.81527776e-02  4.80277781e-03  2.36527776e-02 -4.15555581e-03
 -9.77499928e-03  9.68222224e-02 -1.02833332e-02  1.46999999e-02
 -1.57777776e-02  4.92333334e-02 -2.30388890e-02 -9.45055565e-02
 -2.65888883e-02 -2.17750007e-02 -4.53361108e-02 -9.95333339e-02
  2.92416667e-02  4.85638898e-02 -6.08833340e-02 -3.52361107e-02
 -1.25555565e-02  1.04805556e-02 -1.64055557e-02  5.40388881e-02
  3.97749998e-02 -3.69499991e-02  1.48444452e-02  1.98250006e-02
 -3.84083343e-02  4.91666654e-03  4.25361111e-02 -8.77472221e-02
 -4.65916663e-02 -2.65555535e-03 -3.15166668e-02 -1.36777774e-02
 -2.09361115e-02  2.10699999e-01  1.00611113e-02 -3.47527779e-02
  2.57472209e-02  9.77722226e-02  5.15388897e-02 -2.86166664e-02
 -2.86499995e-02 -1.03694448e-02 -1.31400001e-01 -3.68277782e-02
 -1.43666677e-02 -9.38055607e-03  1.76555560e-02  6.07138888e-02
  2.19333325e-02  5.71916669e-02  2.56861107e-02 -1.82416668e-02
 -3.86138892e-02 -6.07555550e-02  2.23166664e-02 -2.56305560e-02
 -2.68777774e-02 -1.87861109e-02 -3.55527777e-02  1.57000006e-02
  4.37833336e-02  2.63111103e-02 -2.23027778e-02 -3.73333331e-02
  3.83444449e-02 -1.30944442e-02  2.53666667e-02  2.44527782e-02
  3.34472217e-02 -5.31944376e-03  1.80055551e-02 -7.71388879e-03
 -2.37500086e-03 -1.41083344e-02  2.88055573e-03  2.57500003e-02
  7.29194443e-02 -1.47194448e-02 -2.48499996e-02  2.22333334e-02
 -1.18611106e-02 -8.64916653e-02  2.42111113e-02  2.37416648e-02
  1.15388897e-02 -4.59027774e-02  7.57166667e-02  5.18611116e-03
  2.89611115e-02  2.84694450e-02  2.12055554e-02 -2.65472217e-02
 -3.71499998e-02 -5.45805558e-02 -4.52916675e-02 -1.39055554e-02
  7.82055551e-02 -2.43111110e-02 -8.17861106e-02 -9.30833334e-02
 -1.62222196e-03  5.64499987e-02  7.11583329e-02  3.62777750e-03
  3.84194448e-02 -1.11361112e-02 -1.80499997e-02  6.15000002e-02
 -2.39916671e-02  2.84027772e-02  3.65166676e-02  1.74000004e-02
 -2.44444443e-02  1.84999867e-03 -1.54972224e-02  1.43638887e-02
  8.01111018e-03 -2.69055560e-02 -2.53861108e-02  1.12816666e-01
  9.38055544e-03 -6.32472233e-02  1.19166634e-03  3.56027775e-02
  1.16544445e-01 -4.62222205e-03  7.14583340e-02 -1.62805558e-02
  8.09999963e-03 -3.00305556e-02 -7.20277790e-03 -2.37500100e-03
 -2.33694433e-02  5.13388877e-02  6.07777767e-03 -3.07472222e-02
 -6.59333330e-02 -2.64055552e-02 -3.09083335e-02  1.17055552e-02
  2.42277785e-02 -1.11583338e-02 -1.79888889e-02  5.38972224e-02
 -2.23416659e-02 -1.24888893e-02 -2.15722222e-02  1.02249998e-02
  3.39333342e-02 -4.80672222e-01  4.12027780e-02 -8.38611148e-03
 -3.12527778e-02  2.21944370e-03  1.21388892e-02  1.79333340e-02
  4.03555554e-02 -4.07888890e-02  2.07444439e-02 -1.60333327e-02
  5.05694436e-02 -2.03749997e-02  2.27583326e-02 -3.88277779e-02
 -2.16158335e-01 -3.52333337e-02  4.51305561e-02 -3.67611112e-02
 -2.50213890e-01  5.33138888e-02  4.11333338e-02 -3.17777847e-03
 -2.04944450e-02  1.50361113e-02 -4.85916663e-02 -1.18574999e-01
  5.29611104e-02 -1.46933334e-01 -1.07322222e-01 -2.01944440e-02
  5.00805570e-02 -1.15508332e-01  1.83749996e-02 -1.97411113e-01
 -4.09166675e-02  3.24166690e-03  1.68527776e-02  3.52194444e-02
 -3.47055561e-02  2.17305552e-02  3.01527774e-02  3.49027773e-02
  3.20444447e-02 -8.25333323e-02  1.76194451e-02  1.51388890e-03
  2.60000005e-03  6.03055612e-03  8.70083338e-02  5.83611082e-03
  2.30527777e-02  4.63833326e-02  5.60972225e-02 -4.73055514e-03
  1.22722224e-02  2.06194445e-02 -3.80555552e-03 -6.06833329e-02
 -4.63666667e-02 -1.22777824e-03 -5.39444446e-02  4.56111127e-03
  1.65263889e-01  1.85083334e-02  1.21055559e-02 -1.10472223e-02
 -3.32555560e-02 -2.35722224e-02 -3.60555569e-03  5.38888932e-03
  5.33333334e-02 -6.74722174e-03 -2.86694448e-02 -5.99111128e-02
 -5.50999993e-02  3.19138892e-02  7.41666788e-03 -8.89444395e-03
  1.13889317e-04  1.68750005e-02 -1.43722217e-02 -5.14833326e-02]"
臨場感,"[-0.20830001  0.2311      1.358       0.0448     -0.0344     -0.13589999
  0.3811      0.2561     -0.1198      0.791       0.2235      0.3707
  0.2552     -0.9173     -0.0474      0.22800002 -0.4407     -0.1971
 -0.2575     -0.0213     -0.155      -0.58500004  0.2351      0.4864
  0.1336     -0.5972      0.4352      0.4166      0.3542      0.1839
 -0.05320001  0.19940001  0.0026     -0.4579      0.1172      0.5444
 -0.14479999  0.48709998  0.29180002  0.2698      0.1124      0.2778
 -0.1069     -0.1309     -0.7513     -0.35619998  0.459       0.0166
 -0.15990001 -0.3515     -0.2676     -0.5382      0.0677      0.28849998
 -0.2278     -0.0777      0.2178      0.3035     -0.4136      0.15010001
  0.14140001  0.1877     -0.1123      0.22890002  0.0213     -0.19039999
 -0.2028     -0.3472     -0.5424      0.4809      0.6573     -0.6835
 -0.1863      0.343       0.2722     -0.5169     -0.0847      0.0496
 -0.21489999 -0.2188     -0.2679      0.46820003 -0.38480002  0.0241
  0.31239998 -0.1325     -0.0757      0.0257      0.2123     -0.58889997
 -0.0867     -0.1665     -0.5035      0.4418      0.2301     -0.3276
  0.37690002 -0.1179      0.0695      0.2728      0.2279      0.8605
  0.1047     -0.1674      0.1983     -0.2421      0.3203      0.3025
 -0.67620003  0.1284     -0.9177     -0.2688     -0.74450004  0.0715
  1.4825001  -0.0899      0.091      -0.2374      0.2759      0.22350001
 -0.17289999 -0.2954      0.0282     -0.212      -0.59180003 -0.23089999
  0.3044      0.14649999  0.3026      0.0391     -0.0489     -0.7552
  0.3845      0.5233     -0.1839     -0.2125      0.00830001  0.1268
  0.0632      0.2401      0.2446     -0.3619      0.1763      0.43199998
  0.38        0.1812      0.22129999  0.094       0.7953     -1.0655
  0.1672      0.7047     -0.5957     -0.3236     -0.073       0.1576
 -0.1295     -0.1241      0.5647      0.0548      0.1843     -0.5404
  0.127       0.5536      1.0325      0.09670001 -0.1578     -0.15210001
 -0.3349      0.2921      0.2298      0.2724      0.4569     -0.4034
  0.1502      0.31640002  0.0028     -0.5436      0.2546      0.8312
 -0.09979999 -0.2003      0.1031      0.23640001 -0.2103      0.0854
  0.0445      0.6065      0.43400002  0.3411     -0.0495      0.191
  0.352       0.0131      0.1027      0.4431     -0.3011      0.34170002
  0.1981     -0.2693      0.1196      0.31669998 -0.4867     -0.91120005
  0.251      -0.1629      0.12889999 -0.2784     -0.6175     -0.2816
 -0.0882      0.1706      0.0961     -0.37530002  0.3096      0.2461
  0.5829     -1.8066      0.256      -0.17469999  0.1625     -0.26049998
 -0.7866     -0.0528      0.0678     -0.1295      0.0359     -0.1073
  0.4215     -0.4786     -0.0836      0.26889998 -0.8194     -0.1077
  0.0328      0.1237     -1.2088001   0.257       0.65999997  0.2645
  0.4853      0.2871     -0.53970003 -0.49190003 -0.3133     -0.2707
 -0.0942      0.8096      0.0794     -1.2002001   0.45270002 -0.6886
 -0.5736     -0.20570001 -0.23930001  0.5163     -0.85959995  0.17459999
  0.572       0.1533      0.4203     -0.4112      0.148      -0.0735
 -0.4044      0.7789      0.5477     -0.192       0.1604      0.0888
  0.6821      0.1156      0.1424      0.34759998 -0.0539     -0.5008
 -0.0244      0.0074     -0.31879997  0.2352      0.55079997  0.18010001
  0.19579999  0.3778      0.2631      0.228      -0.1534     -0.2015
  0.3227      0.1349     -0.396      -0.087       0.7777     -0.1576
  1.4063001   0.02159999 -0.4973      0.4252     -0.1063      0.81060004]","[-1.04200002e-01  6.33499976e-02  1.18274999e+00  1.36349998e-01
 -5.77000007e-02 -1.86899995e-01  1.27950005e-01  6.72000032e-02
 -7.22500011e-02  5.42600002e-01  1.94899999e-01  2.03900004e-01
  2.68849995e-01 -6.46500002e-01  4.41499949e-02  1.61450006e-01
 -2.39050006e-01 -2.00499998e-01 -3.06350000e-01  1.23950001e-01
 -3.82999994e-01 -4.77550007e-01  2.15200005e-01  2.04900008e-01
  1.09649998e-01 -3.73899995e-01  3.53350006e-01  2.83300001e-01
  1.66899998e-01  1.57400001e-01 -2.64000006e-01  2.81399999e-01
  6.39999844e-03 -3.23599994e-01  6.22000014e-02  4.94949989e-01
 -5.91999982e-02  2.76449993e-01  1.79900004e-01  1.66500000e-01
  1.62699998e-01  2.03550000e-01 -9.11999987e-02 -1.04149997e-01
 -6.76750004e-01 -2.22549997e-01  4.95949995e-01 -4.44000009e-02
 -1.02550004e-01 -4.99950010e-01 -3.12950000e-01 -2.49600004e-01
 -2.05000490e-03  4.37499974e-02 -3.28249991e-01  8.23499933e-02
  2.14149997e-01  2.85649998e-01 -1.93150002e-01  1.83900004e-01
  7.43500013e-02  9.93499979e-02 -1.85850002e-01  2.46950008e-01
 -5.45500040e-02 -9.68499966e-02 -8.19499940e-02 -3.70850001e-01
 -5.31000003e-01  2.31199995e-01  4.11850002e-01 -6.82149991e-01
 -1.18449997e-01  2.40950008e-01  4.11999997e-01 -5.38249992e-01
 -4.74000014e-02  1.20600001e-01 -1.72499999e-01 -1.67149997e-01
 -1.17699996e-01  4.74150017e-01 -3.47150002e-01  6.97000027e-02
  1.97549993e-01 -1.61149997e-01 -1.22350003e-01 -6.49500005e-02
  1.06400004e-01 -4.56600005e-01 -5.59500009e-02 -2.18550000e-01
 -2.15449989e-01  3.69649999e-01  3.40500012e-01  1.63999945e-02
  2.22600002e-01 -1.23650001e-01  1.85400002e-01  6.84999302e-03
  2.75600002e-01  7.59499982e-01  8.95499978e-02 -2.27899995e-01
  6.98999986e-02 -2.27250002e-01  3.54750015e-01  3.32199998e-01
 -6.10450007e-01  6.47499973e-02 -8.08499996e-01 -1.81249991e-01
 -6.29400007e-01  1.76700002e-01  1.33050001e+00  5.00000007e-02
  1.55499997e-01 -1.04449996e-01  1.77549999e-01  1.54500002e-01
 -2.27999995e-01 -1.61499996e-01  5.21000009e-02 -1.47049999e-01
 -3.10050008e-01 -1.80999991e-01  1.14100000e-01  1.22899998e-01
  1.73550000e-01 -3.07500008e-02 -4.78500002e-02 -4.02350016e-01
  2.77049998e-01  3.49499993e-01 -1.45300001e-01 -4.36950015e-01
  1.28700007e-01  2.10950000e-01  2.20649995e-01  1.35750001e-01
  1.86100002e-01 -2.71350000e-01  1.05250005e-01  2.27099992e-01
  5.95299982e-01  1.64400000e-01  2.87999997e-01  8.71999990e-02
  7.58050010e-01 -9.76199985e-01  3.44499946e-02  5.34599997e-01
 -4.97749994e-01 -2.41849996e-01 -9.32999980e-02  8.37000012e-02
 -3.39999991e-02 -1.71200000e-01  2.86750006e-01 -1.34399995e-01
  1.81299999e-01 -4.89599995e-01 -9.45000257e-03  4.78400007e-01
  6.70250013e-01  1.34150005e-01 -1.24550002e-01 -9.54000028e-02
 -1.25950001e-01  6.35500089e-02  2.45049995e-01  2.84449996e-01
  2.65450016e-01 -3.62149996e-01 -1.39000006e-02  3.11500010e-01
 -2.50000004e-02 -5.40150002e-01  2.58499995e-01  8.08950007e-01
 -6.96999952e-02 -1.19449992e-01 -3.77000053e-02  3.03500034e-02
  1.70000270e-03  7.59000015e-02  1.19800000e-01  5.33900008e-01
  2.58700008e-01  3.16750001e-01 -1.69399997e-01  2.69099999e-01
  3.65999997e-01 -8.15499984e-02  4.25400004e-01  2.17950005e-01
 -3.73749987e-01  3.34050007e-01  1.47150001e-01 -2.13050004e-01
 -1.56250000e-01  2.51749996e-01 -3.26300010e-01 -8.76700014e-01
  1.40049998e-01 -2.26350003e-01  1.05799999e-01 -2.10250009e-01
 -4.38600004e-01 -3.33300006e-01 -1.05200002e-01  8.98499973e-02
 -2.69000018e-02 -3.23750004e-01  1.90950002e-01  2.47899998e-01
  5.66000007e-01 -1.54839998e+00  2.84700003e-01 -1.28549999e-01
  1.78500000e-01 -2.24299995e-01 -5.81599990e-01 -9.40499986e-02
  3.40999998e-02 -2.75200004e-01 -9.35500059e-02 -2.16850001e-01
  2.69600002e-01 -3.19549995e-01 -4.88000046e-02  3.83449987e-01
 -8.16300020e-01 -3.92999989e-02 -2.56999955e-02  1.09850001e-01
 -1.07575002e+00  2.02900004e-01  3.50549996e-01  2.71200003e-01
  2.58950006e-01  3.59499991e-01 -5.29849999e-01 -4.73700002e-01
 -2.32850000e-01 -3.84599999e-01 -1.50499996e-02  6.25349996e-01
  2.49249991e-01 -9.38650019e-01  2.77350007e-01 -6.91550002e-01
 -4.73649986e-01 -1.13100003e-01 -5.67000061e-02  4.74500006e-01
 -6.53599985e-01 -1.20000036e-02  3.66699997e-01  8.00499991e-02
  1.84350003e-01 -3.75050001e-01  2.07400002e-01  2.95000020e-02
 -3.27650003e-01  6.50499996e-01  5.50150007e-01 -1.90950003e-01
  2.07000000e-01 -1.59400009e-01  5.58550004e-01  9.56999999e-02
  1.54950000e-01  3.82999992e-01 -1.01350001e-01 -3.16500001e-01
  6.30000029e-02 -1.07050006e-01 -1.71299993e-01  2.00650003e-01
  5.98700002e-01  8.07500016e-02  3.82499993e-02  2.34749999e-01
  4.00500000e-02  1.42800005e-01 -1.75199998e-01  5.72000071e-02
  1.77499994e-01  2.01099999e-01 -2.86100004e-01 -1.34650004e-01
  5.23050010e-01 -4.85000387e-03  1.28495002e+00 -2.00003386e-04
 -3.66349999e-01  3.79999995e-01  4.85499976e-02  7.29450025e-01]"
土産屋,"[-3.07900012e-01 -1.97300002e-01  1.02329993e+00  4.40199971e-01
  5.43599963e-01 -4.63400006e-01 -3.11100006e-01 -2.97800004e-01
  1.15000002e-01  4.40899998e-01  1.14299998e-01  1.52699992e-01
 -3.90000008e-02 -1.88300014e-01 -8.46000016e-02 -3.13000083e-02
 -2.47599989e-01 -2.78000012e-02 -5.49199998e-01  4.85000014e-02
  3.83100003e-01  5.27000010e-01 -6.62800014e-01  6.50999993e-02
  5.22899985e-01 -2.63999999e-01  1.86999992e-01  3.49799991e-01
 -6.53999895e-02  3.31999995e-02  7.03999996e-02 -1.92600012e-01
 -1.20700002e-01  1.85599998e-01  9.25999954e-02  4.54200000e-01
 -2.73400009e-01 -1.97999999e-01 -3.32199991e-01 -2.05100000e-01
  2.33099997e-01  3.68999988e-02  3.02000016e-01 -9.66999978e-02
  3.06699991e-01 -3.63099992e-01 -2.28100002e-01  2.65999958e-02
  2.59999931e-03  2.15000004e-01  2.21400008e-01  2.31000006e-01
  1.38000101e-02 -3.87000024e-01  4.91200000e-01  3.83199990e-01
 -7.79999979e-03 -6.27799988e-01  3.14500004e-01  5.03000095e-02
 -2.15900004e-01 -6.75000027e-02 -2.26799995e-01  1.30000710e-03
  2.81199992e-01  1.56700000e-01 -2.56399989e-01 -1.14700004e-01
  1.11800000e-01 -7.18500018e-01 -2.36200005e-01  1.61199987e-01
  5.56000024e-02 -4.70000505e-03 -5.21000028e-02 -8.53999972e-01
  1.59599990e-01  4.98000011e-02 -8.22999999e-02 -6.50099993e-01
 -6.63000047e-02  6.18399978e-01 -1.77699998e-01 -2.88999993e-02
  2.79100001e-01  3.38400006e-01  2.48599991e-01  1.83699995e-01
  4.30700004e-01  6.04399979e-01  2.70300001e-01 -7.58999959e-02
 -1.50500014e-01  2.86700010e-01 -1.04199998e-01 -3.27499986e-01
 -5.98999970e-02  2.54999995e-01 -3.00799996e-01  1.31000020e-02
  3.83999944e-02  8.52800012e-01 -2.15599999e-01 -1.72000006e-02
  4.51300025e-01  2.59000063e-02  2.09999830e-03 -2.50599980e-01
 -2.90299982e-01  2.84000002e-02 -1.06449997e+00 -8.60800028e-01
  7.67000020e-02 -1.88000008e-01 -7.22000003e-02  2.67700016e-01
 -2.01999992e-02 -2.49799997e-01  1.22399993e-01  9.91000012e-02
 -1.72399998e-01 -1.44099995e-01  9.82999951e-02  3.98000002e-01
 -6.06199980e-01 -6.01999983e-02 -3.28999996e-01 -1.06200002e-01
 -3.48500013e-01 -3.50999981e-01  2.53199995e-01  1.83000006e-02
  3.53700012e-01 -4.13900018e-01  9.19999927e-03  4.38600004e-01
  4.42799985e-01 -6.39000013e-02 -3.00900012e-01  1.40599996e-01
 -8.60000402e-03  1.95000004e-02  3.87199998e-01 -8.69999975e-02
  8.32199991e-01  1.01499997e-01 -2.02600002e-01  1.40400007e-01
 -1.52500004e-01 -5.31499982e-01  3.26000005e-02  7.13400006e-01
  7.75200009e-01 -2.87699997e-01  5.61200023e-01 -8.11000019e-02
 -3.38100016e-01 -5.86000010e-02  2.39199996e-01 -1.18299998e-01
 -2.72000015e-01  1.15099996e-01 -7.35000074e-02 -6.29500031e-01
 -6.70000017e-02  1.74999982e-02  7.90999979e-02 -3.84199977e-01
 -1.67400002e-01  2.32500002e-01  1.91999972e-02 -1.99400008e-01
  4.95000005e-01  9.34000015e-02 -2.13100001e-01 -5.00999987e-01
 -3.50499988e-01 -1.11500010e-01  2.73200005e-01  1.26700014e-01
 -5.56000024e-02 -2.98700005e-01  1.56599998e-01 -5.04199982e-01
 -8.79999995e-02  5.22599995e-01  2.47999988e-02 -9.07000005e-02
 -4.08000052e-02  8.65999982e-02 -2.19399989e-01  2.25000009e-02
  4.26100016e-01 -1.20499998e-01 -2.18199998e-01  1.72100008e-01
  3.41199994e-01 -5.57699978e-01  3.44999991e-02  4.31200027e-01
 -4.53099996e-01 -1.50500000e-01  3.21900010e-01 -6.76999986e-01
 -3.39500010e-01 -8.59000012e-02  7.22000152e-02 -5.14999926e-02
 -4.77299988e-01  2.85299987e-01  1.09999999e-02 -5.87700009e-01
 -4.54000011e-02  7.39000067e-02  3.70599985e-01 -4.73900020e-01
 -2.63999999e-01 -1.51189995e+00  2.79300004e-01 -1.58999935e-02
 -1.44400001e-01 -2.91200012e-01  6.29999936e-02  1.58699989e-01
  1.71200007e-01 -2.50100017e-01  4.30800021e-01 -1.38300002e-01
  2.29000039e-02 -8.10000300e-03  7.91999996e-02 -7.00000208e-04
 -8.25200021e-01  2.52499998e-01  2.27800012e-01 -2.37399995e-01
 -9.56200004e-01 -1.27499998e-01 -1.66000053e-02  7.91999996e-02
  4.06999998e-02 -2.40999982e-02  4.29400027e-01 -5.47800004e-01
  3.29799980e-01 -6.29199982e-01 -2.33600020e-01 -5.79999983e-02
 -2.10299999e-01 -6.64000034e-01 -1.65999994e-01 -1.00049996e+00
 -2.37899989e-01 -2.01900005e-01 -1.28699988e-01  1.73700005e-01
  1.21000007e-01  1.35699987e-01  1.28299981e-01  9.69000012e-02
 -1.63100004e-01 -3.83300006e-01  9.00999978e-02  3.36199999e-01
  3.86199981e-01 -1.62000000e-01 -6.09999895e-03 -1.87799990e-01
 -1.70200005e-01  2.94499993e-01  3.93799990e-01 -1.00100003e-01
  3.11399996e-01  2.40200013e-01 -1.76200002e-01 -5.65199971e-01
 -1.56800002e-01  1.75700009e-01 -1.16699994e-01  1.94199994e-01
  5.30799985e-01 -2.49999994e-03 -3.13099980e-01 -8.05799961e-01
 -2.64300019e-01 -2.70899981e-01 -5.78400016e-01  1.80199996e-01
  9.93999988e-02  1.37999998e-02  6.84900045e-01 -8.10000002e-02
 -6.48200035e-01  2.00599998e-01 -6.18000031e-02 -3.70600015e-01
 -5.22499979e-01  5.15900016e-01 -2.85200000e-01 -2.35399991e-01]","[-0.0449     -0.06785     0.94365     0.35169999  0.39215    -0.2868
 -0.10775    -0.36845    -0.1232      0.50005001  0.0424      0.17825
  0.09985    -0.22060001 -0.19104999  0.0781     -0.14855     0.0018
 -0.3362     -0.12039999  0.0552      0.50289999 -0.70825002  0.00645
  0.37444999 -0.44524998  0.16759999  0.10855    -0.08064999  0.1172
  0.26155    -0.20330001 -0.20325001  0.0194      0.1223      0.2354
 -0.29045    -0.263      -0.41235001 -0.23025     0.25389999  0.0782
  0.34140001 -0.06755     0.45134999 -0.2756     -0.17685    -0.02585
  0.1198      0.09215     0.06775     0.24385     0.11180001 -0.31755001
  0.43415     0.3101      0.053      -0.56149999  0.17525    -0.01519999
 -0.18165    -0.0733     -0.07915    -0.10379999  0.27379999  0.03155
 -0.29715     0.01375     0.1097     -0.7855     -0.2072      0.27735
 -0.00935     0.0166     -0.06545001 -0.93454997  0.1011      0.17355
 -0.28325    -0.63859999 -0.143       0.5544     -0.2557     -0.01365
  0.19565     0.1946      0.14469999  0.18105     0.222       0.66034998
  0.20985    -0.09015    -0.12565001  0.23234999 -0.09295    -0.25585
 -0.0391      0.24295    -0.34119999 -0.05085    -0.0754      0.84549999
 -0.25045    -0.15125     0.53465001 -0.09019999 -0.23545    -0.21825
 -0.32309999  0.01135    -1.12745    -0.7489      0.11460001 -0.07705
 -0.134       0.19670001 -0.12765    -0.2983      0.12935     0.16425
  0.08965    -0.16395     0.2269      0.44165    -0.40935     0.04365
 -0.35839999  0.02015    -0.42805001 -0.23214998  0.26545    -0.04765
  0.36250001 -0.299       0.13665     0.33905001  0.29975     0.0722
 -0.31485001  0.21515    -0.03685     0.13045     0.41819999 -0.23385001
  0.94980001  0.0405     -0.20425     0.1244     -0.0575     -0.69464997
  0.1845      0.63144998  0.71299998 -0.15385     0.60905001 -0.0921
 -0.2895      0.1442      0.29444999 -0.2364     -0.2528      0.1563
 -0.07545    -0.73465     0.05505     0.07255     0.0976     -0.44374999
 -0.08085     0.24905001  0.04895    -0.25995001  0.56805     0.0704
 -0.2712     -0.53225    -0.31529999 -0.16985001  0.53845001  0.13860001
 -0.1306     -0.28665     0.31615    -0.60485    -0.08515     0.43610001
  0.0497     -0.17565    -0.19295     0.07855    -0.24079999 -0.1573
  0.3348     -0.15375    -0.27515001  0.0738      0.37719999 -0.41869999
  0.0213      0.25440001 -0.47965     0.01255     0.20960001 -0.52969999
 -0.404      -0.07575     0.09620001  0.09875001 -0.52079999  0.38719999
 -0.03635    -0.51795001 -0.0824      0.10485     0.60734999 -0.4357
 -0.13734999 -1.57610002  0.30565     0.15115001 -0.0281     -0.1563
  0.10534999  0.107       0.08140001 -0.1341      0.28980001 -0.1487
 -0.02335    -0.00915     0.15215    -0.0033     -0.7563      0.368
  0.4055     -0.23514999 -0.93415001 -0.2165     -0.17280001  0.0322
 -0.0477     -0.0281      0.37360001 -0.53030001  0.45654999 -0.63210002
 -0.20005001 -0.24425    -0.1901     -0.58875    -0.06135    -0.96075001
  0.04255001 -0.23005    -0.20389999  0.1772     -0.06355     0.1312
  0.06339999 -0.0782     -0.07435    -0.47285001 -0.10000001  0.28200001
  0.3304     -0.3336      0.0481     -0.09665    -0.1575      0.1218
  0.2035     -0.0494      0.11525     0.24240001 -0.02729999 -0.30025
 -0.05565     0.21265    -0.1174      0.03945     0.323      -0.0229
 -0.01594999 -0.77734999 -0.41350001 -0.36904999 -0.51095001 -0.02770001
 -0.1099      0.0319      0.66810001  0.03755    -0.74315     0.1897
  0.08845    -0.21995    -0.50429999  0.44070001 -0.2218     -0.12019999]"
飲食店,"[-3.51999998e-02 -1.30400002e-01  6.40100002e-01  1.13199994e-01
 -1.21999994e-01  2.66599983e-01 -1.59799993e-01 -3.54399979e-01
  6.71999976e-02  2.99600005e-01  7.07999989e-02  1.06700003e-01
 -4.84999977e-02 -4.65300024e-01 -6.81299984e-01  4.54100013e-01
 -6.12000003e-02  8.85999948e-02 -2.52400011e-01 -1.34700000e-01
  8.16000029e-02 -6.92000017e-02 -4.46300000e-01 -2.97300011e-01
 -1.90899998e-01 -5.73800027e-01 -1.40299991e-01  4.47600007e-01
 -1.84000000e-01  2.35100001e-01 -1.21800005e-01 -2.98200011e-01
  1.81500003e-01 -1.72399998e-01  6.26000017e-02 -6.97000027e-02
 -3.07799995e-01  1.14900008e-01 -2.37400010e-01 -1.50299996e-01
  5.72700024e-01 -8.79999995e-02  3.62500012e-01  1.40700012e-01
  2.32999995e-02 -2.44599998e-01  1.25900000e-01 -1.86900005e-01
  2.28499994e-01 -6.06999993e-02 -3.03700000e-01  6.05300009e-01
  2.64699996e-01  2.86199987e-01  2.86600024e-01  3.61100018e-01
  3.56999993e-01 -4.67999995e-01  2.48299986e-01 -1.58299997e-01
 -1.76699996e-01 -6.46000028e-01  9.96000022e-02 -1.93000004e-01
 -4.38999981e-02  1.53699994e-01 -2.56500006e-01 -1.52500004e-01
 -1.95800006e-01  3.70999992e-01 -3.32700014e-01  2.49200001e-01
 -5.70899963e-01  8.35000053e-02  2.79000029e-02 -3.17499995e-01
 -1.89700007e-01  7.94000030e-02 -1.75899997e-01 -9.11200047e-01
 -4.26999986e-01  4.91999984e-02 -1.91100001e-01  2.07100004e-01
  7.45000020e-02  3.37000005e-02 -1.34999990e-01  5.42400002e-01
  3.33999991e-01 -3.71999964e-02  5.99995255e-04 -3.38299990e-01
 -1.91999972e-02  2.24299997e-01  3.54099989e-01 -6.36700034e-01
 -3.19199979e-01 -5.22999987e-02 -2.99800009e-01 -5.29000014e-02
 -8.08899999e-01  8.11400056e-01  1.72300011e-01 -8.26999992e-02
  7.84699976e-01  5.27999997e-01 -2.95700014e-01 -3.44900012e-01
  9.56999958e-02  5.39099991e-01 -6.63300037e-01 -5.54899991e-01
  1.52799994e-01 -1.57600001e-01  4.19200003e-01 -1.00999996e-01
 -6.44000024e-02  9.91000012e-02  4.72499967e-01  2.72000015e-01
  4.26800013e-01 -2.17900008e-01 -4.94999960e-02  5.82000017e-02
  1.48999989e-01 -2.01900005e-01 -1.52000010e-01 -1.91600010e-01
 -2.20800012e-01 -1.36700004e-01  2.84999996e-01 -1.22999996e-02
  4.19099987e-01  5.83999977e-02  3.69500011e-01  8.28299999e-01
  2.36499995e-01  2.51300007e-01  7.82999992e-02 -1.41299993e-01
 -8.90000165e-03  3.65799993e-01  4.97300029e-01  1.30600005e-01
  6.05199993e-01  3.36199999e-01  1.44100010e-01  1.33999996e-02
 -3.05000007e-01 -1.41900003e-01 -2.98999995e-01 -7.55999982e-02
  2.70900011e-01 -1.01000033e-02  8.98400009e-01 -1.23700000e-01
 -1.75500005e-01  5.66300035e-01  1.00000203e-03 -2.59599984e-01
 -1.17400005e-01 -7.59999976e-02  6.51999936e-02 -1.22899994e-01
  1.49100006e-01 -7.07999989e-02 -8.74999911e-02 -8.21399987e-01
  2.02100009e-01 -1.85699999e-01  2.58800000e-01  9.78999957e-02
  9.74499941e-01 -4.25499976e-01  8.53000060e-02 -2.27600008e-01
  3.84000018e-02 -2.96099991e-01  5.29000044e-01  6.04000092e-02
 -2.01499999e-01 -4.48700011e-01 -1.14700004e-01  1.33800000e-01
  1.92500010e-01 -1.02300003e-01 -1.69400007e-01  2.66499996e-01
 -8.06999952e-02  3.40000018e-02 -3.40800017e-01  3.07999998e-01
  6.73600018e-01  9.03000012e-02  3.91499996e-01 -2.66600013e-01
  3.21300000e-01 -1.61799997e-01  5.33100009e-01  2.27899998e-01
 -1.23899996e-01 -2.01999992e-02  7.25999996e-02 -3.23400021e-01
 -2.81000026e-02 -9.99999940e-02  1.67300001e-01  2.83500016e-01
 -4.19499993e-01  9.48000029e-02  3.15199971e-01 -1.88600004e-01
 -1.12899996e-01  2.52200007e-01 -2.50200003e-01 -8.65999982e-02
  3.19499999e-01 -1.59500003e+00  8.08000043e-02 -5.13000041e-02
 -5.07999994e-02 -1.08300000e-01 -2.74599999e-01  1.22899994e-01
  1.07700005e-01 -5.15599966e-01 -2.59499997e-01 -5.99000007e-02
  2.22199991e-01 -1.99100003e-01  3.44999999e-01 -2.77999993e-02
 -7.62199998e-01 -6.54000044e-02 -2.01000050e-02 -5.80299973e-01
 -9.16500032e-01 -1.78200006e-01 -1.50000006e-01  2.35100001e-01
 -8.19000006e-02 -1.33999996e-02  4.52000022e-01 -6.27499998e-01
  9.29999948e-02 -4.24099982e-01 -1.21900000e-01 -1.04199998e-01
 -3.17100018e-01 -4.19100016e-01 -7.03999996e-02 -7.72899985e-01
  1.06999995e-02  2.47400001e-01  2.38900006e-01  9.36000049e-02
 -8.34999979e-02 -9.99999978e-03  8.94999951e-02  2.39699990e-01
 -5.18000051e-02 -4.09099996e-01 -3.47100019e-01 -8.97999927e-02
  5.42000011e-02  8.56999978e-02  3.45499992e-01 -1.99999996e-02
 -2.53500015e-01  3.45699996e-01 -2.23999992e-02  2.24800006e-01
 -2.32099995e-01 -5.27300000e-01  7.35999942e-02  1.14900000e-01
  2.20300004e-01  5.89999557e-03  2.23299995e-01  2.75500000e-01
 -5.43000028e-02 -1.13000005e-01 -1.90200001e-01 -2.84400016e-01
 -1.71000004e-01 -1.79899991e-01  1.09000020e-02 -1.30000003e-02
  1.14199996e-01  1.22400001e-01  1.37000000e-02  4.19600010e-01
 -9.43199992e-01  7.03199983e-01 -4.69900012e-01  1.16600007e-01
 -4.07900006e-01  1.31999999e-01  1.67599976e-01 -1.01499997e-01]","[ 1.75999994e-02 -8.50499989e-02  4.51274998e-01  9.64499982e-02
 -7.62749948e-02  9.42249978e-02 -8.56250003e-02 -2.36874996e-01
  4.06999979e-02  2.56999999e-01  8.68750017e-02  1.47125002e-01
  1.82000017e-02 -3.37100003e-01 -4.42024990e-01  2.71199998e-01
 -1.34499981e-02  3.98999983e-02 -2.26825001e-01 -4.65000006e-02
  2.92500004e-02 -4.97250017e-02 -2.56400002e-01 -2.59725000e-01
 -1.29174999e-01 -3.82125008e-01 -1.00999999e-01  2.48375004e-01
 -1.31825000e-01  1.17224997e-01 -1.02925003e-01 -2.08774999e-01
  7.15500033e-02 -3.29249967e-02  7.81750013e-02 -6.44000005e-02
 -1.97925001e-01  7.42250029e-02 -1.01175008e-01 -6.53250013e-02
  3.52574996e-01 -1.65975001e-01  2.54100003e-01  8.02250030e-02
 -3.16000003e-02 -1.87174998e-01  6.16499982e-02 -5.43750003e-02
  1.12924999e-01 -4.05500003e-02 -2.03025001e-01  4.39224996e-01
  2.10200008e-01  2.90799997e-01  2.56225010e-01  2.46375003e-01
  3.02424997e-01 -3.16324996e-01  1.93224998e-01 -6.45749997e-02
 -1.22099997e-01 -4.82174996e-01  2.99000000e-02 -4.74250005e-02
 -3.68499997e-02  8.01250003e-02 -1.54174999e-01 -8.72749975e-02
 -1.45499999e-01  2.13700004e-01 -2.45999999e-01  1.00450002e-01
 -3.77599997e-01  1.19075004e-01  9.11750011e-02 -2.61649996e-01
 -1.65350005e-01  1.28500033e-02 -6.16999962e-02 -5.41150009e-01
 -2.06449993e-01 -4.65499982e-02 -1.35400001e-01  1.55875004e-01
  7.76250018e-02  4.97500012e-02 -9.66499988e-02  3.66749994e-01
  1.82175004e-01 -7.89499972e-02  1.64499972e-02 -1.91925002e-01
 -6.50249980e-02  1.59775002e-01  2.09274997e-01 -4.36500013e-01
 -2.15849997e-01  1.42500084e-03 -1.84975000e-01  4.14249990e-02
 -5.04775001e-01  5.76950014e-01  1.08950005e-01 -5.64000020e-02
  5.14599985e-01  3.57224992e-01 -2.04549998e-01 -2.12499998e-01
  8.49500000e-02  3.54675004e-01 -5.14250003e-01 -3.56374994e-01
  9.47500393e-03 -1.33450004e-01  2.00825002e-01 -1.11450000e-01
 -2.65000009e-02  8.63000005e-02  3.52349989e-01  1.56725000e-01
  2.94499999e-01 -1.54424999e-01 -1.97499804e-03  4.21750005e-02
  1.64349999e-01 -9.77750034e-02 -8.26500023e-02 -1.74950005e-01
 -1.53225003e-01 -4.34500023e-02  1.39275001e-01 -2.45249998e-02
  2.22850002e-01 -7.50019681e-05  2.86825007e-01  4.20675002e-01
  1.73999995e-01  2.11075000e-01  1.41949996e-01 -5.27999979e-02
  6.54000007e-02  2.87449997e-01  3.44075008e-01  1.35425000e-01
  4.03174996e-01  2.19075007e-01  1.49900001e-01  1.35500003e-02
 -2.03675000e-01 -4.58249978e-02 -1.73349997e-01 -6.20500003e-02
  1.54599998e-01  4.41999966e-02  6.16075005e-01 -8.19499991e-02
 -1.86925000e-01  3.82900002e-01  4.74999994e-02 -2.14649996e-01
 -1.63050003e-01 -2.76749992e-02  6.81999974e-02 -1.36699998e-01
  1.48274999e-01 -2.98249982e-02 -3.38249970e-02 -5.66549994e-01
  6.99500013e-02 -1.68524994e-01  1.70825001e-01  1.35324995e-01
  6.47049982e-01 -2.43749995e-01 -6.67499978e-03 -1.93500001e-01
 -5.44750001e-02 -2.44549997e-01  3.35100010e-01  1.37300007e-01
 -1.54974998e-01 -2.43050004e-01 -3.87000022e-02  5.68249989e-02
  1.63375008e-01 -7.31250010e-02 -1.60550002e-01  1.86000001e-01
 -4.68249973e-02 -2.35749967e-02 -2.77350005e-01  1.84449999e-01
  4.92450006e-01  1.09025002e-01  3.38074993e-01 -2.74974998e-01
  2.54674993e-01 -9.15750032e-02  3.64599986e-01  1.38024998e-01
 -1.64750004e-02 -1.00499997e-02  2.41749994e-02 -2.55700011e-01
  3.56749995e-02 -9.88249984e-02  1.94999998e-01  1.87075004e-01
 -2.28324996e-01  2.43250020e-02  2.16599992e-01 -1.42350001e-01
 -1.01324999e-01  1.80525004e-01 -2.33400006e-01  4.42500040e-03
  2.40900004e-01 -1.18817498e+00  8.51750039e-02 -8.50750035e-02
 -2.00749999e-02 -7.62250004e-02 -2.13725001e-01  8.59499986e-02
  1.56650003e-01 -4.02149990e-01 -1.70099999e-01 -7.90250022e-02
  1.79974999e-01 -1.89250004e-01  2.06674999e-01 -2.75749997e-02
 -5.96000001e-01 -1.55425001e-01 -7.63500035e-02 -3.69600002e-01
 -6.68750018e-01 -6.06000044e-02 -1.32925003e-01  1.85400006e-01
 -1.05325004e-01 -6.38499977e-02  2.92100006e-01 -4.70474996e-01
  1.82999996e-01 -2.76974999e-01 -1.01475000e-01 -7.67500140e-03
 -2.97725008e-01 -3.17925014e-01 -4.85250007e-02 -5.79600006e-01
  7.50999968e-02  1.65399999e-01  1.46049999e-01  4.16000006e-02
 -8.36999993e-02 -1.15999999e-02  9.01749991e-02  1.35349998e-01
 -3.26750036e-02 -2.80424996e-01 -2.36875001e-01 -2.31249966e-02
  7.17999991e-02 -5.10000251e-03  2.26574999e-01 -4.18499992e-02
 -1.04800000e-01  2.75474999e-01 -6.04499979e-02  8.56750021e-02
 -1.79924997e-01 -3.54450008e-01  2.03749985e-02  7.33250016e-02
  1.43775000e-01  1.26249976e-02  1.39099999e-01  1.81925001e-01
 -8.58750027e-02 -7.30750007e-02 -1.77675005e-01 -2.64000013e-01
 -6.13499992e-02 -1.39499999e-01  2.50000041e-03  6.70499979e-02
  7.62000000e-02  9.81250014e-02  3.70249994e-02  2.94124997e-01
 -5.99175013e-01  5.29499985e-01 -2.15375006e-01  5.13000023e-02
 -2.56175004e-01  9.90500022e-02  4.22999915e-02  9.44999838e-03]"
お客,"[-1.976e-01  6.860e-02  2.069e-01  1.746e-01  4.830e-02 -2.386e-01
  1.056e-01 -2.132e-01 -5.080e-02  3.350e-02  2.006e-01 -4.000e-02
 -7.400e-02 -1.872e-01 -3.815e-01  1.612e-01 -3.967e-01 -1.315e-01
 -2.147e-01 -8.100e-02  6.950e-02  2.367e-01 -3.346e-01 -1.833e-01
  1.449e-01  4.043e-01  1.219e-01  1.164e-01 -1.367e-01  7.840e-02
 -1.282e-01 -1.732e-01 -1.425e-01 -2.902e-01  5.100e-02 -1.107e-01
 -2.089e-01 -1.653e-01  2.030e-02  2.128e-01  2.046e-01  3.680e-02
 -6.280e-02 -2.500e-03  7.840e-02  8.970e-02  7.520e-02 -1.011e-01
  6.720e-02  1.721e-01 -2.548e-01 -4.930e-02 -3.700e-02  1.038e-01
 -1.686e-01  1.680e-02  1.026e-01 -3.967e-01  6.980e-02 -2.600e-01
 -6.410e-02  9.130e-02  2.540e-01 -6.900e-03 -2.710e-02  2.130e-01
  2.580e-02 -6.370e-02  3.530e-02 -1.550e-02 -2.900e-03  1.364e-01
 -3.545e-01  1.560e-01 -1.233e-01  1.006e-01 -4.910e-02  1.372e-01
 -1.154e-01 -1.746e-01 -7.570e-02  1.420e-02 -2.139e-01  8.000e-03
 -4.080e-02 -2.839e-01  1.870e-02  1.469e-01  2.983e-01  3.350e-01
  1.835e-01 -7.460e-02  1.737e-01  2.860e-01  1.478e-01 -2.794e-01
 -1.829e-01 -1.121e-01 -2.109e-01  5.530e-02 -1.559e-01  4.551e-01
  1.055e-01 -1.970e-01  3.468e-01  4.291e-01  7.550e-02  9.540e-02
 -3.035e-01  7.060e-02 -2.116e-01 -7.670e-02  3.600e-02  1.223e-01
 -1.880e-01 -4.450e-02  1.062e-01 -2.330e-02  5.410e-02  1.750e-01
  1.775e-01 -2.966e-01 -1.304e-01  6.070e-02  2.978e-01 -2.148e-01
 -1.517e-01 -3.253e-01 -2.667e-01  8.570e-02 -1.224e-01 -1.000e-02
  2.128e-01  4.260e-02  1.536e-01 -1.088e-01  1.050e-01 -1.040e-01
  1.320e-01  1.450e-02 -1.064e-01  1.969e-01  1.864e-01  9.540e-02
  2.779e-01 -6.880e-02 -9.520e-02  1.144e-01 -7.430e-02  1.093e-01
  1.734e-01 -1.401e-01  2.627e-01 -1.474e-01 -4.100e-02 -3.540e-02
  8.830e-02 -8.300e-03 -1.076e-01 -2.792e-01 -5.300e-03 -8.060e-02
 -1.700e-01  1.468e-01  3.575e-01 -6.660e-02 -1.504e-01 -4.117e-01
  1.212e-01 -9.250e-02 -7.080e-02  1.302e-01  7.710e-02  6.600e-02
 -1.457e-01  8.030e-02 -2.890e-02 -1.231e-01  2.030e-02 -2.239e-01
 -2.500e-02  1.930e-01 -1.990e-01 -2.007e-01  6.610e-02  1.159e-01
 -7.560e-02  1.586e-01 -1.121e-01 -1.159e-01 -7.950e-02  2.561e-01
  1.117e-01 -1.100e-03  1.428e-01  1.074e-01  2.050e-02 -2.917e-01
  2.183e-01  2.008e-01 -1.357e-01 -2.860e-02  1.026e-01 -1.390e-02
 -4.234e-01 -2.268e-01 -4.440e-02  5.430e-02  7.730e-02 -5.870e-02
 -2.850e-02  2.130e-02  6.430e-02 -3.452e-01 -3.632e-01 -9.810e-02
  1.945e-01 -8.626e-01 -9.920e-02  1.702e-01 -8.660e-02  2.890e-02
  4.350e-02 -1.660e-02  6.000e-02 -1.900e-03  6.240e-02  9.670e-02
  7.090e-02  2.000e-03  6.780e-02 -3.185e-01 -3.612e-01 -8.200e-03
  6.500e-03 -4.940e-02 -2.606e-01 -8.960e-02  1.907e-01  8.200e-03
  1.610e-01 -1.300e-03  1.364e-01  2.280e-02  9.120e-02 -2.714e-01
 -2.796e-01  2.676e-01 -3.199e-01 -1.389e-01 -1.190e-01 -4.026e-01
 -3.362e-01  6.790e-02  1.937e-01 -1.422e-01 -6.170e-02  1.406e-01
 -4.300e-02  2.677e-01 -4.160e-02 -3.430e-01  1.044e-01 -2.392e-01
 -8.090e-02  1.288e-01  1.132e-01 -1.094e-01  1.402e-01  9.660e-02
  3.240e-02  3.630e-01  1.107e-01 -8.220e-02 -1.617e-01  3.550e-02
  1.960e-02  4.230e-02 -2.171e-01  1.583e-01 -1.479e-01  2.170e-01
 -4.910e-02  3.800e-02  3.340e-02  1.821e-01 -1.510e-02 -1.167e-01
  1.583e-01 -8.000e-04  9.750e-02 -1.862e-01 -3.669e-01 -5.461e-01
  2.258e-01 -9.750e-02 -3.713e-01  8.660e-02  2.797e-01 -3.551e-01]","[-6.89666675e-02 -3.68333366e-02  3.95366669e-01  2.67399992e-01
  1.26599999e-01 -5.60999987e-01  5.11333345e-02 -3.58666678e-02
 -2.24433330e-01  2.50799999e-01  1.06500001e-01 -7.31999961e-02
  3.12999999e-02 -1.96999999e-01 -5.80033345e-01  5.25433327e-01
 -5.44000013e-02 -9.86666642e-02 -4.39399993e-01  4.52000014e-02
  1.18066665e-01  3.40899991e-01 -1.31866664e-01 -2.53633333e-01
  4.08066681e-01  3.15300014e-01  1.37199998e-01  3.64133345e-01
 -2.18566666e-01  2.37300001e-01 -9.82333341e-02 -4.45200000e-01
  3.17433327e-01 -7.99000002e-02  3.24333332e-01 -3.40633341e-01
  4.13333531e-03  9.28333364e-02 -3.36066662e-01  8.95333340e-02
  1.48366669e-01 -2.10233328e-01  2.53966670e-01  1.57899995e-01
 -3.11966666e-01 -4.07999977e-02 -1.65233330e-01 -9.44999978e-02
  1.32233332e-01 -1.53333259e-03 -4.30666655e-02  2.04466661e-01
  8.95666654e-02  2.53333648e-03 -2.52866657e-01  2.78666727e-02
  8.23666689e-02 -2.41933323e-01 -1.92333323e-02 -2.37900002e-01
 -5.79999996e-02  8.64333361e-02  9.88666688e-02 -7.22333351e-02
 -2.11100000e-01  2.81666671e-01 -3.43666652e-01 -1.00000002e-01
  4.89999987e-02 -7.48333335e-02  5.96999987e-02  9.21666697e-02
 -6.84333394e-02  7.52333353e-02 -1.62799999e-01 -2.90700000e-01
 -3.03166665e-01 -4.83666673e-02 -3.63833332e-01 -4.67266659e-01
  6.67666644e-02  2.33333061e-03  1.04666681e-02  1.81800003e-01
  9.87000006e-02  2.01299998e-01  1.48399999e-01  2.65333325e-01
  2.60800002e-01  6.33666702e-02 -6.82333379e-02  1.13333389e-03
  8.64999977e-02  2.35533326e-01  5.12533322e-01 -4.32733342e-01
 -2.30966667e-01  9.69333351e-02 -4.76033325e-01  3.95666668e-02
 -1.64666662e-01  6.87366654e-01  1.11466660e-01 -4.47699995e-01
  2.85366663e-01  4.86000004e-01 -4.56666710e-02 -1.45466665e-01
 -2.07099992e-01  7.22333349e-02 -3.85600001e-01 -2.51299992e-01
  1.80666665e-01  1.23333329e-02 -5.39633341e-01  2.90466661e-01
 -1.04000002e-01  2.23000025e-02  4.84166664e-01 -5.08666653e-02
  1.44600000e-01 -1.23166670e-01 -6.46333365e-02 -2.95699990e-01
  2.14766666e-01 -3.19066662e-01 -8.53333250e-03 -4.24600014e-01
 -2.10866674e-01  7.07666650e-02  1.10433333e-01  1.81300003e-01
  1.76833337e-01 -1.14300004e-01  1.24666668e-01  4.39466670e-01
  1.05199998e-01 -1.13099998e-01  1.94500009e-01 -2.28699996e-01
 -4.55999995e-02  1.70700001e-01  2.73733336e-01 -6.66661809e-04
  4.67800012e-01  4.94666671e-02  2.96999986e-02 -3.07000031e-02
 -2.61799996e-01 -2.22000002e-02  1.76933326e-01 -5.30000006e-02
  2.09133337e-01  5.19999986e-03  5.47066669e-01 -1.90799997e-01
  4.80899987e-01 -9.17333327e-02 -9.14000012e-02 -5.20533339e-01
  7.79666677e-02 -1.05533335e-01 -2.29833330e-01  4.20400005e-01
  7.79666645e-02 -2.86333332e-01 -3.95866667e-01 -4.47900008e-01
  1.54333335e-02 -1.02300001e-01 -3.03666679e-02 -5.44000007e-02
  2.08399998e-01 -8.72999939e-02 -6.53333329e-02  1.42333334e-02
  6.35666686e-02  2.16666663e-02 -1.64566663e-01  2.46199995e-01
 -2.19866671e-01 -9.75333334e-02  8.22999999e-02 -9.11333352e-02
  2.22099996e-01  7.41000014e-02  5.30333333e-02  2.84666680e-02
 -1.45333333e-02  8.49333348e-02  7.39999861e-03  1.34466658e-01
  3.90999998e-01  9.74666661e-02  6.74000025e-01  5.47333360e-02
  1.92433329e-01 -2.16699997e-01  5.92066680e-01  5.01733323e-01
 -2.25333342e-02 -1.56133331e-01  2.24799997e-01  1.61966663e-01
 -3.90366672e-01 -1.66499999e-01  4.83666676e-02 -1.94066669e-01
  2.79266664e-01  7.29000010e-02 -1.62833340e-01  1.39333339e-02
 -1.66699995e-01 -1.15033338e-01 -8.30766663e-01 -2.28633332e-01
  5.12233336e-01 -1.23103335e+00  1.10333331e-01  2.74133332e-01
 -2.07999999e-01 -6.06666664e-02  1.98233341e-01 -1.03833331e-01
  1.43133330e-01 -5.45299994e-01  6.90000008e-02 -1.13799995e-01
  1.44566667e-01  3.76899997e-01 -3.37999991e-02 -1.42033324e-01
 -6.45599981e-01  1.96366670e-01 -4.05333328e-02 -4.83000030e-02
 -5.98566681e-01 -8.41666684e-02  1.83733332e-01  2.64566667e-01
  1.77999998e-01 -1.08899999e-01  2.82533335e-01 -5.71099984e-01
  5.00666676e-02 -4.00966672e-01 -4.45300012e-01  4.27133329e-01
 -2.89966675e-01 -3.89266660e-01  2.38999988e-02 -4.67233325e-01
 -6.20466674e-01 -2.17666676e-02  2.52900004e-01  1.47866664e-01
  1.67400000e-01  1.44633340e-01  2.54233330e-01  3.96233339e-01
  6.56000016e-02 -1.19033333e-01  1.33333339e-01 -5.11000020e-02
 -3.16733332e-01 -5.39333330e-02  3.90166662e-01  1.25333331e-01
  2.05866662e-01  1.46600001e-01 -7.46666578e-03 -5.76666494e-03
  1.83133331e-01 -1.10333314e-02 -2.80333332e-02 -9.72666666e-02
 -1.69533335e-01 -4.17333321e-02 -1.16966664e-01  1.21466666e-01
 -8.68000003e-02  8.80000008e-02  1.32666683e-02  1.07900001e-01
  3.53999957e-02  2.19000007e-02  3.32333352e-02  1.67666664e-01
  5.86333337e-02 -1.14599999e-01 -1.83700000e-01 -1.64533328e-01
 -1.46833334e-01 -3.59166676e-01 -2.47766664e-01 -3.51533328e-01
 -5.68666682e-02  1.40500003e-01 -5.49999624e-03 -4.27399987e-01]"
古典芸,"[-0.0122      0.0188      0.83140004  0.44930002  0.1748      0.2389
  0.1588      0.5562      0.1148      0.5556      0.1958      0.1366
  0.1249      0.0705     -0.64390004  0.0289      0.4106      0.05280001
 -0.2317     -0.1604     -0.1219      0.266      -0.0382      0.038
  0.1651      0.3081      0.5506     -0.3441      0.0383     -0.3607
  0.05449999  0.0374     -0.06639999 -0.0807      0.1039     -0.15720001
  0.0407     -0.2633      0.0697     -0.3006      0.2784     -0.38840002
 -0.03919999  0.4899     -0.106       0.17500001 -0.5668      0.2522
  0.6161      0.46280003  0.564       0.0663      0.0691      0.0593
  0.1744      0.0649      0.2759      0.0131     -0.19080001  0.11
 -0.17469999 -0.2349      0.2755      0.0199      0.06440001 -0.5845
  0.024      -0.034       0.0079      0.46310002 -0.2685      0.1983
 -0.29209998 -0.09420001  0.1507     -0.4644     -0.419      -0.4997
  0.1517     -0.5026      0.0394      0.0932     -0.42099997 -0.0493
 -0.0472     -0.29360002  0.32279998 -0.5129      0.6489      0.77840006
 -0.2385      0.1038     -0.101      -0.2574      0.2283     -0.2754
 -0.2752     -0.1854     -0.3621      0.03960001  0.23959999  0.6316
 -0.1274     -0.1289     -0.15279998  0.85330003 -0.0843     -0.1043
 -0.0284     -0.25759998 -0.12850001  0.3669     -0.25910002  0.0376
 -0.2689      0.4425     -0.1318      0.28890002  0.02860001 -0.1255
  0.0193     -0.271      -0.47900003  0.0602      0.132       0.4116
 -0.22639999  0.067       0.0396      0.07339999 -0.63960004 -0.23859999
 -0.0505      0.1677     -0.15540001 -0.0928      0.0337     -0.32230002
  0.0098     -0.3728      0.0126     -0.1699      0.2897      0.181
  0.251      -0.4524     -0.0943      0.73459995 -0.0776      0.43049997
  0.4918      0.208      -0.5298     -0.18110001  0.4193      0.01880001
  0.0958      0.191      -0.21579999  0.2664     -0.12069999  0.13229999
 -0.2771     -0.08780001  0.3277     -0.1999      0.2623     -0.1768
 -0.012       0.2822      0.4333      0.45490003 -0.1413      0.0675
 -0.0609      0.1643     -0.3077     -0.3425     -0.42760003 -0.2283
 -0.0737      0.29009998  0.2587      0.1406      0.2576     -0.04939999
  0.3925      0.22700001  0.09230001 -0.01350001  0.438      -0.099
 -0.1252     -0.21060002  0.31539997 -0.3161      0.2284     -0.16510001
 -0.14639999 -0.0196      0.40930003 -0.27359998  0.2131      0.36900002
 -0.6789      0.1755      0.2476     -0.1217     -0.2126      0.2837
 -0.3274     -0.2035     -0.5924     -0.0447      0.23260002  0.0648
  0.3523     -1.5244     -0.3513      0.2956     -0.287      -0.0723
 -0.1048      0.21869999  0.1645     -0.5289      0.19929999 -0.26160002
  0.06640001 -0.15380001  0.18370001  0.78859997 -0.4436      0.109
 -0.06480001  0.07430001 -0.8139      0.32389998  0.6515      0.67660004
  0.36409998 -0.02079999 -0.2861     -0.5641      0.0735     -0.3268
 -0.17390001  0.0374      0.23529997 -0.1489      0.23719999 -0.73510003
  0.2076      0.32200003 -0.1021      0.8251     -0.1205      0.0472
 -0.0265      0.5475     -0.266      -0.672       0.4244      0.0396
  0.21130002 -0.9269      0.11520001 -0.0662      0.1144     -0.0907
 -0.2442     -0.28829998  0.14930001  0.3147      0.2928      0.14340001
  0.4009      0.25259998 -0.2473     -0.1055      0.33110002  0.0371
 -0.0841      0.19150001 -0.295      -0.062      -0.1613     -0.0098
  0.1059     -0.259      -0.529      -0.4375      0.0695      0.4497
 -0.2334      0.36339998 -0.13440001  0.1646     -0.2419      0.16550002]","[ 6.31333391e-02  3.26999978e-02  6.49600009e-01  2.84400004e-01
 -1.51266670e-01  2.57700000e-01  4.85333341e-02  1.75466669e-01
  1.24433337e-01  4.07899993e-01  1.89033331e-01  1.28733334e-01
 -1.06533337e-01  5.40000138e-03 -6.47333349e-01  8.99333363e-02
  2.68400006e-01  1.36566669e-01 -3.58133328e-01  1.83800004e-01
 -1.56566670e-01  6.31999991e-02 -2.53199992e-01 -6.59333272e-02
  2.13933332e-01  2.28600000e-01  4.91233336e-01 -3.36666663e-01
  2.48666716e-02 -3.08433338e-01  1.94900000e-01  1.61333317e-02
 -3.64999920e-02  9.63333311e-02  2.52333337e-01  4.40666651e-02
  1.09633330e-01 -2.91033333e-01  1.06866658e-01 -9.22666684e-02
  1.16766671e-01 -3.58066673e-01 -1.13233338e-01  2.48833328e-01
 -2.33766664e-01  3.66666665e-04 -1.60366668e-01  2.03366660e-01
  2.46266667e-01  2.91900001e-01 -8.74000142e-02  2.29166663e-01
  7.11999962e-02 -9.41333345e-02  1.82166666e-01  1.49833338e-01
  1.26866669e-01  1.94033329e-01  1.28499999e-01  1.69499996e-01
  3.53333664e-03  1.10433335e-01  1.74499998e-01  2.18000005e-02
  1.71300006e-01 -1.21633336e-01  1.53333327e-02 -1.10933332e-01
 -2.25099998e-01  5.22400004e-01 -1.21366664e-01 -6.77999960e-02
 -7.74999966e-02 -1.83100006e-01  1.43966671e-01 -4.56600000e-01
 -2.23233337e-01 -4.85066667e-01  1.38566664e-01 -5.07466663e-01
 -2.66666772e-03  2.69033331e-01 -2.46066659e-01 -4.51333349e-02
  1.26499998e-01 -1.96166668e-01  1.75333358e-02 -1.51299999e-01
  2.10566665e-01  5.69466680e-01  1.39266663e-01  1.71333336e-01
  1.13100002e-01 -8.06666600e-03 -1.03866667e-01 -8.24333356e-02
 -3.43166674e-01 -2.04300001e-01 -3.10499994e-01  2.74333370e-02
  2.24833330e-01  5.66733321e-01  5.96666778e-03  1.12266668e-01
 -4.15666597e-02  8.13533330e-01 -2.46066670e-01 -9.51999966e-02
  2.62333304e-02 -2.89066667e-01 -2.49000002e-01  2.49399991e-01
  1.18833333e-01 -2.40000027e-02 -4.51100002e-01  2.36900004e-01
 -1.11133330e-01  2.68533339e-01 -1.08766663e-01  1.21766667e-01
  1.32266667e-01 -2.69299999e-01 -2.68166674e-01  1.00200001e-01
  1.92666650e-02  3.67366673e-01 -1.07866666e-01  6.14333339e-02
 -6.19999993e-02  8.82666657e-02 -4.39566671e-01 -3.01899996e-01
 -2.01299999e-01  1.74700007e-01 -3.21866669e-01 -8.37666636e-02
  1.26466672e-01 -9.22000023e-02  8.03666661e-02 -2.52033328e-01
 -6.22333327e-02 -5.03999987e-02  1.69500000e-01  4.51333324e-02
  3.12900001e-01 -4.58833334e-01 -1.50199997e-01  4.45199989e-01
  3.85999962e-02  3.70433340e-01  3.98999998e-01  1.61099999e-01
 -4.87999986e-01 -6.31333366e-02  5.60433328e-01 -2.21066668e-01
  1.41666666e-01  1.26999989e-02 -1.29466659e-01 -6.84333270e-02
 -1.49399998e-01 -1.62000029e-02 -2.97399999e-01  9.75666617e-02
  2.66233331e-01  1.89999988e-03  9.71666649e-02 -1.30066664e-01
  2.52666655e-02  7.30666655e-02  4.87399999e-01  2.30000044e-03
 -9.06666803e-03  2.03566668e-01  8.64333287e-02 -1.51433338e-01
  6.43333079e-03 -2.06233336e-01 -4.03099999e-01 -1.41566668e-01
 -2.63700000e-01  8.44999971e-02  1.06299999e-01 -1.24033337e-01
  2.70600007e-01 -1.34999997e-01  4.46033336e-01  3.06200003e-01
  1.24699999e-01 -4.38000038e-02  9.18000005e-02 -2.90666682e-02
  1.19500004e-01 -2.53633341e-01  1.17399999e-01 -6.09433336e-01
  3.59699999e-01  5.33329323e-04 -5.65333323e-02 -1.95666676e-02
  2.88333337e-01 -3.99666652e-02 -1.44799996e-01  1.36900003e-01
 -2.57666660e-01 -1.08666693e-02  1.61033335e-01 -1.31100000e-01
 -2.15566662e-01  1.26033319e-01 -9.93666686e-02 -1.56900002e-01
 -3.21900001e-01  2.54333379e-02  2.83199999e-01  1.38433335e-01
  2.50433332e-01 -1.71310000e+00  4.18666669e-02  2.84466677e-01
 -1.07366665e-01  2.92999980e-02  1.71199997e-01  2.37666635e-02
  1.15333334e-01 -5.97933328e-01  1.82600001e-01 -3.12333335e-01
  2.66033339e-01  9.46000051e-02  2.56033341e-01  2.63799996e-01
 -5.48033332e-01  1.29466668e-01  8.85000018e-02  1.14666666e-01
 -7.39466657e-01  1.37099997e-01  2.45433334e-01  4.39566671e-01
  1.35833330e-01  1.19333304e-02 -2.19999996e-01 -6.96966678e-01
  4.28666652e-02 -2.15333333e-01 -2.82166662e-01 -8.64999977e-02
  3.15900005e-01 -1.86666667e-01  1.07933333e-01 -6.29800007e-01
  1.70599998e-01  2.56900000e-01 -3.86000015e-02  6.72166670e-01
 -1.93433331e-01  9.23666662e-02  3.37666646e-02  4.83300000e-01
 -2.49466673e-01 -4.05933335e-01  2.04000001e-01  2.57400006e-01
  1.97866673e-01 -3.61299999e-01  2.95933335e-01  5.91666682e-02
  2.14566664e-01  1.66133333e-01 -1.31300001e-01  1.50000056e-02
  1.25633337e-01  2.21000041e-02  2.27833338e-01  3.59566666e-01
  3.56999998e-01  2.93566661e-01 -1.83566670e-01 -4.26666670e-02
  2.28566677e-01 -1.35533333e-01 -7.35333393e-02 -5.97333324e-02
 -1.98666657e-01  3.60000630e-03  1.63999997e-01 -1.98666667e-01
 -5.42666640e-02 -1.76700003e-01 -2.96299989e-01 -3.32433336e-01
 -1.02999998e-01  4.39866669e-01 -1.51533332e-01  2.02966670e-01
 -4.66666669e-02  1.88200000e-01 -2.67833328e-01  2.11066671e-01]"
演目,"[ 1.280e-01 -3.230e-02  5.671e-01  1.963e-01  6.180e-02 -2.967e-01
 -1.348e-01  1.089e-01  2.783e-01 -1.041e-01  1.615e-01  2.438e-01
 -3.454e-01 -3.730e-02 -2.524e-01 -9.880e-02  1.484e-01 -1.681e-01
 -2.472e-01 -4.100e-03 -6.620e-02  9.450e-02 -1.901e-01 -2.764e-01
 -1.220e-02  1.109e-01  1.446e-01 -1.184e-01  3.200e-02  2.210e-01
 -1.298e-01 -2.730e-01 -2.773e-01  8.330e-02 -2.738e-01 -1.320e-02
  2.300e-03  2.790e-02  1.453e-01 -1.072e-01 -1.558e-01  7.000e-02
 -6.400e-03  5.530e-02 -5.740e-02 -3.180e-02 -9.330e-02  2.922e-01
  4.540e-02  3.790e-02  1.196e-01  7.500e-02  1.437e-01  1.785e-01
 -1.723e-01 -1.003e-01  3.680e-02 -3.553e-01 -1.916e-01  1.022e-01
 -2.450e-02  6.170e-02  5.660e-02  1.196e-01 -1.452e-01 -2.722e-01
  2.800e-01  6.950e-02  2.682e-01  2.149e-01 -2.482e-01 -1.681e-01
 -1.075e-01 -6.700e-02 -1.370e-01 -2.264e-01 -5.597e-01 -1.870e-02
  1.002e-01 -5.320e-02 -1.461e-01  7.290e-02 -3.343e-01 -3.265e-01
  2.050e-02 -2.444e-01  3.400e-03 -1.016e-01  3.597e-01  8.560e-02
 -1.732e-01  1.907e-01 -1.231e-01 -2.669e-01  1.795e-01 -1.393e-01
 -1.815e-01 -2.503e-01 -5.550e-02  2.660e-02  2.248e-01  2.885e-01
  1.768e-01 -2.029e-01 -9.350e-02  1.062e-01 -2.791e-01  1.110e-02
 -2.710e-02 -2.135e-01 -4.939e-01 -1.302e-01 -9.940e-02 -7.200e-02
  1.476e-01  3.022e-01 -5.480e-02  1.712e-01 -3.247e-01  2.870e-02
 -2.651e-01 -4.195e-01 -1.132e-01  1.638e-01  1.637e-01  1.900e-03
 -1.758e-01 -1.327e-01  2.691e-01  1.261e-01 -2.868e-01  5.660e-02
 -1.610e-01  1.899e-01 -1.468e-01  6.143e-01 -1.191e-01 -2.302e-01
 -1.153e-01 -1.425e-01 -5.260e-02 -3.037e-01 -5.970e-02  2.450e-01
  2.547e-01 -2.480e-02 -1.353e-01  9.360e-02  1.859e-01 -8.200e-03
  1.632e-01 -3.700e-03 -7.120e-02  5.820e-02  4.196e-01 -1.553e-01
  1.213e-01  6.610e-02 -1.880e-01  4.900e-03 -3.422e-01  2.050e-02
  1.298e-01 -1.852e-01  5.586e-01  3.770e-02 -2.816e-01 -1.586e-01
 -4.640e-02  4.350e-02  1.985e-01 -6.800e-03 -2.843e-01  1.241e-01
  1.227e-01 -1.721e-01  1.800e-02  1.620e-01 -2.014e-01 -7.730e-02
 -5.650e-02  6.000e-04 -2.920e-01  2.609e-01  7.110e-02  2.225e-01
  1.578e-01  3.987e-01 -8.430e-02 -4.360e-02  2.030e-01 -3.200e-03
  6.525e-01 -7.810e-02 -3.890e-02 -1.498e-01  2.844e-01 -5.210e-02
 -1.067e-01 -1.473e-01 -4.488e-01  4.106e-01 -8.680e-02  1.187e-01
 -5.530e-02  2.147e-01 -2.234e-01  4.290e-02  1.246e-01 -6.380e-02
  1.480e-02 -7.610e-02 -1.494e-01  3.630e-02 -2.435e-01 -3.890e-02
 -5.130e-02 -9.659e-01 -5.100e-02  2.756e-01 -2.115e-01  6.880e-02
 -6.030e-02 -1.640e-02  1.260e-02 -3.761e-01  4.960e-02 -1.534e-01
  3.667e-01 -2.787e-01  2.619e-01 -2.710e-01 -2.385e-01  1.700e-01
 -2.252e-01 -3.090e-01 -2.097e-01 -5.390e-02  3.437e-01  4.440e-02
  2.550e-02 -1.546e-01  1.700e-02 -3.845e-01  1.953e-01 -1.751e-01
 -1.245e-01  6.410e-02  1.510e-02 -4.087e-01  1.012e-01 -2.898e-01
 -6.230e-02  3.869e-01 -2.508e-01 -5.440e-02  4.340e-02 -3.000e-02
  1.494e-01  5.452e-01 -4.114e-01 -9.080e-02  3.072e-01  2.954e-01
  8.240e-02 -1.025e-01  4.822e-01  3.450e-02  2.596e-01  2.766e-01
 -1.184e-01 -3.290e-02  7.850e-02  1.558e-01 -1.584e-01  9.740e-02
  1.346e-01  1.379e-01 -2.593e-01  2.153e-01 -1.080e-01  2.420e-02
 -3.243e-01 -8.500e-03  1.935e-01  4.494e-01 -7.390e-02 -1.609e-01
  9.500e-03  9.710e-02  7.750e-02 -2.882e-01 -2.256e-01  1.761e-01
 -1.156e-01  2.268e-01 -3.400e-02  1.612e-01 -2.157e-01  8.690e-02]","[ 4.80249971e-02  2.61750016e-02  4.54674989e-01  1.55299999e-01
 -3.47250029e-02 -3.04924998e-01 -4.13250001e-02 -2.12749969e-02
  2.14150004e-01 -7.93500007e-02  1.25300003e-01  2.13499998e-01
 -1.12049999e-01 -2.48499969e-02 -3.85900006e-01  7.39499992e-02
  6.90499975e-02 -2.32650001e-01 -1.67699999e-01 -6.80749951e-02
 -1.59499999e-02  7.55749997e-02 -2.70500002e-01 -1.73150003e-01
 -7.50000016e-02  9.89250005e-02  1.58725003e-01 -1.88249992e-02
 -5.17249992e-02  1.25149996e-01 -2.46750001e-02 -7.61750033e-02
 -1.55199999e-01  4.49250005e-02 -1.96149992e-01  2.97250003e-02
 -1.78225002e-01  8.51250021e-02  6.86750021e-02  9.42249987e-02
  6.62249981e-02  1.11750001e-02  9.05249986e-02  1.76224997e-01
  1.17124999e-01  4.16249979e-02 -5.24249990e-02  7.75500010e-02
 -6.54749973e-02  1.60675004e-01  6.13999953e-02  3.02750010e-02
  1.16475004e-01  5.36249988e-02 -3.14475004e-01 -1.05224999e-01
 -4.48000012e-02 -1.43774998e-01 -1.23474997e-01  1.53075001e-01
 -1.54750001e-01  6.05000006e-02  2.17224996e-01  5.17499633e-03
 -1.46500005e-02 -1.80674994e-01  1.69775004e-01 -2.66750008e-02
  2.69850001e-01  5.51499993e-02 -1.28025003e-01 -1.69975002e-01
 -6.68000001e-02  2.89250007e-02 -1.36175000e-01 -1.66875001e-01
 -3.96349996e-01 -1.99725000e-01  3.66500011e-02 -1.80800004e-01
 -2.03300003e-01 -6.57500047e-03 -2.05050001e-01 -1.81475000e-01
  7.26500014e-02 -1.82099998e-01 -1.04499997e-01 -1.48025001e-01
  2.34875005e-01  1.52300008e-01  1.05774998e-01  1.25599998e-01
 -1.72350002e-01 -4.98500019e-02  2.27749994e-02 -1.06925002e-01
 -2.12600000e-01 -1.36449999e-01  1.66249997e-02  8.20249988e-02
  4.82750016e-02  3.02750006e-01  8.60249973e-02 -1.13325000e-01
 -1.71500007e-02  3.73725003e-01 -2.12675001e-01 -3.40000028e-03
 -6.55000098e-03 -1.13599997e-01 -2.16175001e-01 -1.15599998e-01
 -9.84749999e-02  5.00500016e-02  1.51749994e-02  2.16449993e-01
 -9.94000030e-02  2.32325000e-01 -3.12849998e-01  1.04050001e-01
 -1.72374999e-01 -4.54149999e-01 -1.38450001e-01 -2.58000009e-02
  5.40499985e-02 -2.74750009e-02 -7.23749981e-02 -7.08000008e-02
  7.04000033e-02  2.04050004e-01 -2.35725004e-01  1.10000002e-01
 -7.87500013e-02  1.04175000e-01 -9.80499992e-02  3.90025007e-01
  5.90250036e-02 -2.13949993e-01 -1.33575004e-01 -1.71650004e-01
  5.72249978e-02 -2.48125000e-01  1.29825003e-01  1.31474998e-01
  2.59575000e-01 -9.27499984e-02 -4.94999997e-03  7.16000032e-02
 -5.74999861e-03  4.63000007e-02 -1.77724998e-01  1.20000058e-03
  1.25000039e-02 -7.96499988e-02  2.83199999e-01 -4.08250014e-02
  1.47025002e-01  7.18000004e-02 -1.04649999e-01 -6.96500011e-02
 -8.28000037e-02 -1.51750008e-02 -7.40499962e-02  1.08100001e-01
  3.19725007e-01  1.78125006e-01 -1.27899996e-01 -4.99000009e-02
 -1.90100002e-01  7.97499992e-02  3.12750030e-02 -1.86250005e-01
 -8.46499995e-02 -1.96500011e-02  1.33425001e-01 -2.90749986e-02
  5.37249986e-02  2.83500003e-02 -3.21549995e-01 -9.28749982e-02
 -1.76725003e-01 -8.80499973e-02 -2.51374998e-01  2.70799994e-01
  1.12025000e-01  9.28499978e-02  1.20050001e-01  2.63550002e-01
 -7.60749988e-02 -1.11200003e-01  3.44249988e-02 -1.05099998e-01
  2.71949990e-01 -2.81750001e-02  1.21475001e-01 -2.00375002e-01
  2.10100001e-01  1.65425000e-01 -1.33600001e-01 -1.99500024e-02
 -2.59849999e-01  2.12625004e-01 -4.41499996e-02 -1.24999974e-02
 -2.15249998e-02  1.95350002e-01 -1.21999988e-02 -8.78499988e-02
  6.58999989e-02 -1.85725002e-01  7.76999998e-02 -1.01599999e-01
 -1.00449999e-01 -3.37249944e-02 -1.79175003e-01 -3.17750005e-02
 -1.75075002e-01 -9.07200009e-01  2.73499989e-02  1.53649996e-01
 -1.39849998e-01  5.27250026e-02 -3.26249998e-02  7.57249990e-02
  4.04999990e-02 -2.53700003e-01  1.47249987e-02 -1.37899995e-01
  2.45974997e-01 -4.93749988e-02  1.25025004e-01 -1.63700001e-01
 -2.22750001e-01 -1.49999745e-04 -1.93199999e-01 -1.67049997e-01
 -2.62800004e-01  2.85000000e-02  6.86750002e-02  1.50574999e-01
  1.97074998e-01 -7.58499980e-02 -1.62575000e-01 -3.38649996e-01
 -9.80499964e-02 -2.36300003e-01 -3.24174998e-01 -2.87250001e-02
 -7.40500010e-02 -3.00200000e-01 -1.44999940e-03 -2.85374999e-01
  1.17225005e-01  4.15100006e-01 -7.53750069e-02 -4.07500016e-02
  4.65750014e-02  8.64000008e-02 -2.17000013e-02  2.51850000e-01
 -2.72399996e-01 -1.20975002e-01  3.30750010e-01  1.07400000e-01
  9.37249977e-02 -4.92499769e-03  4.16074999e-01 -4.50999998e-02
  2.10225005e-01  5.21750019e-02 -1.00549999e-01  5.59749971e-02
 -8.71250005e-02  9.54999980e-02 -2.15749973e-02 -7.69999949e-03
  1.38324998e-01 -1.82499974e-02 -1.92674998e-01  1.30149998e-01
  3.07500176e-03  1.56250000e-02 -2.02825002e-01  8.49750001e-02
  7.23000001e-02  3.01550005e-01 -9.46000004e-02 -9.40750018e-02
  3.48999992e-02 -8.11750013e-02  2.01125003e-01 -4.64999996e-01
 -6.45749979e-02 -4.57749998e-02 -1.88125003e-01  2.97724999e-01
 -3.01750023e-02  1.20524999e-01 -4.59499992e-02  3.85250007e-02]"
芸人,"[ 0.2549 -0.0882  0.2362  0.1851 -0.1042 -0.1578  0.1204 -0.1237  0.3494
  0.3207 -0.0735  0.1452 -0.215  -0.032  -0.3547  0.1779  0.0346  0.3478
 -0.2397  0.2359  0.1184 -0.0116 -0.4554 -0.145   0.1132 -0.0979  0.6016
  0.0158  0.0033 -0.0261 -0.1111 -0.0541  0.2715 -0.0018  0.0409  0.0849
 -0.3196 -0.1804  0.2982  0.0404  0.099  -0.2101 -0.2784  0.0894  0.1857
 -0.4542 -0.0892 -0.0759  0.0139  0.1924  0.0802 -0.0328  0.0355 -0.2757
  0.052  -0.0396 -0.1134  0.0782  0.1839  0.0821 -0.2869 -0.0316  0.2818
 -0.0176  0.4617 -0.0289  0.1974 -0.1906 -0.2018  0.0332 -0.2678  0.218
 -0.0687  0.2021 -0.0539 -0.3572 -0.2598  0.1024 -0.3555 -0.4899 -0.0021
  0.1988 -0.1144  0.186   0.1218 -0.341  -0.0606 -0.1827  0.0768  0.4677
  0.3476  0.1411 -0.34    0.002  -0.2818 -0.3471 -0.1847 -0.1136 -0.0991
 -0.0234  0.1651  0.3327 -0.0143  0.1183 -0.0749  0.139  -0.2527  0.0745
 -0.1094  0.1229 -0.426  -0.1028 -0.0039  0.0389 -0.1519  0.3081 -0.2526
  0.019  -0.2719  0.0572  0.1889  0.0453 -0.1023 -0.1844  0.286   0.1062
 -0.0524  0.2074 -0.2336  0.3443 -0.2506 -0.159   0.1741  0.0885 -0.287
  0.3026  0.0301 -0.0729  0.1757 -0.0631 -0.1019  0.1549  0.1104  0.28
  0.4281 -0.2554  0.1648  0.1189  0.081   0.0231  0.2482  0.095   0.1204
 -0.1636  0.4808 -0.1575 -0.017   0.072  -0.3574 -0.1483 -0.2422  0.0033
 -0.1485  0.1636  0.0317 -0.0276 -0.0138 -0.1861  0.0525  0.1631  0.0855
  0.035  -0.0989  0.0292 -0.0133  0.0448 -0.1164 -0.034  -0.0308 -0.0194
 -0.2859  0.1829  0.0479 -0.0741 -0.0297  0.1196  0.3569 -0.0456  0.2021
 -0.0879  0.0975  0.2066  0.053   0.0698  0.2467 -0.1397 -0.0256  0.0159
 -0.2515 -0.0965 -0.1532  0.0863  0.2054  0.0226 -0.0602  0.0715  0.3509
 -0.1446 -0.2169 -0.0482 -0.126   0.1405  0.0979  0.0967 -0.1825  0.3092
  0.2218 -1.0298  0.0139 -0.0819 -0.1065 -0.0953 -0.135   0.1961  0.0081
 -0.1043  0.159   0.1381  0.1647  0.1345  0.0544 -0.2208 -0.4288  0.1007
  0.0971 -0.123  -0.5043  0.5539 -0.0263  0.2777  0.2336  0.0705 -0.2337
 -0.221   0.0774 -0.2671 -0.2767  0.0445 -0.244  -0.1428 -0.1674 -0.1844
  0.2237  0.2462 -0.0166  0.0678  0.0763 -0.1211 -0.0232  0.3661  0.3285
 -0.0764 -0.098  -0.1139  0.1211 -0.4249  0.4608  0.2454  0.2207  0.0311
 -0.0185  0.2744 -0.0678 -0.0566  0.0803 -0.0346  0.3656  0.0811  0.1122
  0.1706 -0.3559  0.3808 -0.1942 -0.1826  0.3138 -0.5467 -0.3807 -0.341
  0.0198 -0.128  -0.0368 -0.1227  0.1192 -0.2612 -0.0297  0.2717  0.1477
  0.0057  0.0975 -0.0724]","[ 7.84200028e-02  3.90199974e-02  4.35279995e-01  1.32880001e-01
 -1.41140000e-01 -7.70600020e-02  1.63699995e-01 -7.06999987e-02
  1.68300005e-01  2.99979994e-01  2.86399998e-02  7.42399997e-02
 -1.42480002e-01 -5.06000146e-03 -3.34820004e-01  3.22400007e-02
  9.36199998e-02  2.64539992e-01 -2.72579998e-01  1.41560000e-01
  3.17599997e-02 -5.45999967e-02 -4.25519995e-01 -6.08999973e-02
  2.14200002e-01  1.09460002e-01  5.10899994e-01 -6.86200000e-02
  3.02800003e-02  4.10799965e-02 -4.30800047e-02  9.87999979e-03
  1.89219999e-01  4.48399994e-02 -3.38199988e-02  8.04000005e-02
 -3.17459996e-01 -2.14300001e-01  2.06940006e-01 -9.04600020e-02
  1.39519998e-01 -2.64119998e-01 -1.24000001e-01  3.28000002e-02
  1.23080000e-01 -3.73040000e-01 -9.93999988e-02 -6.21800026e-02
  2.74399993e-02  9.19399975e-02  2.88660002e-01 -4.15800015e-02
  8.54399994e-02 -2.43180001e-01  6.35799989e-02  1.43600000e-01
  2.56000012e-03  5.69600003e-02  1.63900002e-01  2.76399992e-02
 -2.33000004e-01  6.66400000e-02  3.23880000e-01 -1.03040000e-01
  3.32699994e-01  3.79800009e-02  1.76700003e-01 -1.58039997e-01
 -1.65439999e-01  1.90440004e-01 -1.91820003e-01  1.17119998e-01
  2.98000034e-03  1.60859999e-01 -1.19599999e-01 -3.72679999e-01
 -2.83259995e-01 -4.17600002e-02 -7.29200069e-02 -5.80540001e-01
  3.71999973e-03  1.14839999e-01 -1.65059999e-01  2.02380002e-01
  1.16860000e-01 -2.72899998e-01 -2.03000003e-01 -1.14639997e-01
  1.19300001e-01  4.78100005e-01  2.99580006e-01  1.32420001e-01
 -1.90080000e-01  1.03399997e-01 -1.40320002e-01 -3.91379991e-01
 -2.06079998e-01 -6.10399991e-02 -1.48160001e-01 -1.56979998e-01
  2.77379996e-01  4.17080007e-01  6.00799974e-02  8.93999998e-02
 -4.18399982e-02  3.09680003e-01 -1.54100000e-01 -3.95399962e-02
 -1.85979997e-01 -9.48999994e-02 -2.69199997e-01 -7.71199986e-02
  1.41599970e-02 -3.94400015e-02 -1.04979996e-01  2.33279992e-01
 -2.04680005e-01  5.87599996e-02 -3.00700000e-01  5.34399994e-02
  1.46519998e-01 -1.21639998e-01 -8.58000008e-02 -6.06000088e-03
  1.05220006e-01  1.12860003e-01 -1.00740001e-01  2.18639997e-01
 -8.86600026e-02  1.78720003e-01 -2.99740002e-01 -1.26599998e-01
  1.26039997e-01  6.15000004e-02 -1.92800002e-01  1.87279993e-01
  2.74999987e-02 -2.33959996e-01  1.26199998e-01 -1.74340001e-01
 -1.44759998e-01  5.67399994e-02  1.22359998e-01  1.40899998e-01
  2.19059996e-01 -2.68060005e-01  1.03400002e-01  1.63100002e-01
  1.49080000e-01 -2.08399996e-02  1.64460000e-01  1.08919999e-01
 -2.58200008e-02  2.04000138e-03  5.42039996e-01 -1.24219996e-01
  3.20000009e-02  1.50519999e-01 -2.94860001e-01 -1.19300001e-01
 -2.93239999e-01 -1.51800005e-02 -1.58500001e-01  1.09900001e-01
  2.55400013e-02  1.60419999e-01 -4.42399994e-02 -1.97740000e-01
  8.82399999e-02  3.67260000e-01 -4.83999941e-03  2.22799994e-02
 -8.85199996e-02  1.26879998e-01 -5.63799998e-02  1.76260000e-01
 -1.56920001e-01 -3.84000093e-03 -1.67900001e-01  4.70200002e-02
 -1.44559998e-01  5.08999996e-02  1.18699997e-01 -6.08599984e-02
  1.83499996e-01 -1.46200016e-02  2.30220003e-01  5.79999983e-02
  1.11499996e-01 -1.50160003e-01  8.50799969e-02  1.65000001e-01
 -2.41599977e-02 -2.34600030e-02  2.99320006e-01 -4.02199969e-02
  1.20600006e-02 -6.19999906e-03 -2.49800006e-01  3.67399972e-02
 -1.10719999e-01  1.04699998e-01  1.75500003e-01  3.66200022e-02
 -1.77380001e-01  9.79400039e-02  1.81019997e-01 -1.64220002e-01
 -9.96999996e-02 -1.62119999e-01 -7.99600005e-02  2.31099999e-01
  2.46560006e-01  6.52199987e-02 -7.32000135e-03  2.37539997e-01
  9.16000014e-02 -1.17658002e+00  7.75999948e-03 -1.55400014e-02
 -1.08139999e-01  3.53400037e-02  1.60379999e-01  2.58380002e-01
 -2.90399987e-02 -1.24599998e-01  2.84899997e-01  1.37939997e-01
  1.52600002e-01  1.61900003e-01  1.28620002e-01 -5.26400001e-02
 -3.96659997e-01 -1.11200042e-02  4.30999979e-02 -2.03520002e-01
 -5.17440000e-01  3.45940001e-01 -5.39400006e-02  3.77600033e-02
  1.98740002e-01  1.74160001e-01 -1.30080002e-01 -3.54180002e-01
  1.12320001e-01 -3.17979997e-01 -2.73319998e-01  5.28400011e-02
  1.11999325e-03  5.66199981e-02 -6.81600012e-02 -2.82300006e-01
  1.61220002e-01  2.45559997e-01 -1.11600000e-02  1.20660000e-01
  2.86200012e-02 -2.61200016e-02 -8.59800009e-02  3.02800003e-01
  3.33079999e-01 -5.72399981e-02  3.00001726e-04 -7.71799978e-02
  1.76999999e-01 -2.77479997e-01  4.21879988e-01  1.05219996e-01
  1.55499998e-01 -5.86000010e-02 -3.03999990e-02  9.87999998e-02
  3.49799987e-02 -1.24979999e-01  7.12000430e-03 -1.94800006e-02
  3.10119994e-01  1.11820001e-01 -8.07999820e-03  7.45599986e-02
 -1.88499999e-01  3.52240008e-01 -1.52299997e-01  6.72399953e-02
  1.07040003e-01 -4.53240002e-01 -4.01259995e-01 -2.16159994e-01
  8.77600003e-02 -2.31700002e-01  1.15539999e-01 -2.00059995e-01
  1.31720002e-01 -9.69400043e-02 -2.06260003e-01  2.68439994e-01
  2.05459998e-01  5.00200009e-02  4.82199956e-02 -9.50600028e-02]"
小僧,"[-7.120e-02  1.339e-01  2.446e-01  1.844e-01 -3.183e-01  7.810e-02
  2.656e-01 -7.320e-02 -2.510e-02  1.770e-01 -4.850e-02  8.300e-02
  1.843e-01  3.801e-01 -5.050e-02 -4.472e-01 -1.430e-01  7.810e-02
 -4.340e-01  7.900e-02  3.430e-02  1.200e-02 -2.638e-01  4.510e-02
  7.400e-03 -3.300e-02  3.350e-01  2.218e-01  4.250e-02 -1.931e-01
  5.770e-02 -2.728e-01  1.534e-01  4.750e-02  4.830e-02  9.210e-02
  3.594e-01 -1.636e-01  1.527e-01  2.203e-01 -5.860e-02 -1.581e-01
 -8.060e-02  6.190e-02  3.270e-01 -2.740e-01 -1.210e-01  1.900e-02
  4.280e-02  1.221e-01  1.048e-01 -6.900e-02 -5.000e-04 -5.365e-01
 -2.799e-01 -1.936e-01  1.052e-01 -5.420e-02 -3.628e-01 -7.590e-02
 -2.296e-01  3.780e-02  8.780e-02  1.787e-01 -6.160e-02 -2.347e-01
  1.241e-01 -3.260e-02  1.766e-01  1.320e-02 -2.897e-01  5.804e-01
  5.130e-02  1.037e-01  1.596e-01 -2.162e-01 -3.339e-01  6.800e-02
  1.270e-02 -2.242e-01 -1.589e-01 -7.510e-02 -1.052e-01  1.068e-01
  7.370e-02 -1.841e-01 -1.474e-01  3.400e-02  6.480e-02 -1.345e-01
 -3.080e-02  8.390e-02 -6.620e-02  1.974e-01  1.791e-01 -6.510e-02
 -1.180e-02 -1.200e-01 -1.668e-01 -2.633e-01  1.058e-01  3.384e-01
 -2.485e-01 -1.925e-01  5.130e-02 -7.490e-02 -4.730e-02 -1.030e-02
  1.221e-01 -4.229e-01 -5.652e-01 -2.417e-01 -1.346e-01  3.284e-01
 -2.050e-02 -8.500e-02 -2.538e-01 -1.157e-01 -1.679e-01  4.246e-01
 -1.820e-01 -3.397e-01 -2.805e-01  2.244e-01  2.181e-01  1.600e-02
 -1.251e-01 -1.809e-01 -2.204e-01 -1.445e-01 -1.785e-01  1.371e-01
  1.075e-01  8.290e-02 -7.770e-02 -1.784e-01 -6.920e-02 -1.860e-02
 -3.088e-01 -7.130e-02 -1.310e-02 -1.943e-01 -2.290e-02 -4.270e-02
  5.681e-01  1.526e-01  1.024e-01  1.948e-01  2.620e-02  1.384e-01
 -1.030e-02  2.522e-01 -2.650e-01 -4.840e-02  8.710e-02  7.380e-02
 -6.718e-01  2.503e-01 -2.500e-02 -3.060e-02 -2.420e-02  1.300e-01
  8.670e-02 -1.078e-01 -1.096e-01 -3.048e-01 -3.400e-02 -1.369e-01
 -4.071e-01 -3.210e-02 -1.875e-01 -4.658e-01 -3.200e-03  1.136e-01
 -3.780e-02  3.140e-02 -4.990e-02 -2.170e-01  3.720e-01 -3.790e-02
 -5.580e-02  7.150e-02  1.105e-01  1.205e-01  9.840e-02 -5.210e-02
 -1.789e-01 -7.970e-02  1.116e-01 -1.301e-01 -1.505e-01  8.980e-02
 -1.466e-01  2.609e-01  1.140e-02 -4.480e-01  3.819e-01  1.187e-01
 -1.488e-01  6.740e-02 -1.440e-01  2.170e-02  1.564e-01  8.220e-02
  7.960e-02 -1.670e-02 -7.530e-02 -1.495e-01 -2.563e-01 -4.480e-02
  1.671e-01  1.157e-01 -1.803e-01 -6.060e-02  4.085e-01 -1.560e-01
 -2.770e-02 -7.963e-01  1.512e-01  6.970e-02 -9.440e-02  4.830e-02
  6.372e-01  2.948e-01 -1.984e-01 -2.569e-01 -9.200e-03 -2.120e-02
 -6.600e-03 -1.830e-02 -4.880e-02 -2.251e-01 -2.251e-01 -2.070e-02
  1.997e-01  2.934e-01 -4.303e-01  2.078e-01  2.425e-01 -2.312e-01
 -1.060e-01  1.893e-01 -5.000e-02 -1.641e-01 -2.429e-01 -3.448e-01
 -8.215e-01 -1.697e-01  7.370e-02 -4.022e-01 -2.518e-01 -3.471e-01
  2.200e-03  1.828e-01 -1.462e-01  1.049e-01  1.875e-01  4.090e-02
  2.026e-01 -3.730e-02 -2.850e-01 -9.170e-02 -4.080e-02 -3.290e-02
  2.260e-01 -3.800e-02  2.321e-01 -2.265e-01 -6.010e-02 -4.701e-01
  1.250e-02 -1.330e-02  8.160e-02  2.654e-01  1.074e-01  1.299e-01
  1.600e-02  5.730e-02  2.670e-02 -2.586e-01  5.760e-02 -1.302e-01
  3.100e-03 -2.974e-01  5.490e-02 -2.024e-01  2.147e-01  2.317e-01
  6.100e-02  7.780e-02 -6.870e-02 -1.812e-01 -2.320e-02 -5.290e-02
 -1.130e-01  6.990e-02 -1.817e-01 -4.360e-02 -3.391e-01  7.520e-02]","[ 0.107       0.33273334  0.48900001  0.3044     -0.24253335 -0.45583334
 -0.10786667  0.14836666  0.2396      0.29003333  0.13803333 -0.06983334
  0.0122      0.29953334 -0.1439     -0.26633333 -0.07256667  0.01646667
 -0.48779999  0.2828      0.15473333 -0.1342     -0.22236666  0.11793333
  0.12553333 -0.075       0.31136666  0.00946667  0.1369      0.06573333
  0.07093333 -0.3391      0.01063334 -0.1526     -0.1593      0.19236666
  0.2324     -0.08506666  0.24376667 -0.08913334 -0.1263     -0.1677
  0.27046667 -0.22843334  0.19286666 -0.2833     -0.32456667  0.15696667
 -0.0041      0.36106667 -0.1215     -0.12036666 -0.0122     -0.02156666
 -0.19533334 -0.19633334  0.123      -0.08586667 -0.03713334  0.12796666
 -0.2231      0.08493333  0.1098     -0.0061     -0.0244     -0.2143
 -0.08273333 -0.04816667  0.15453333 -0.30893334 -0.07453333  0.43223333
 -0.12956666  0.12236667  0.0609     -0.54416667 -0.0234     -0.26656666
  0.00523333 -0.19396667  0.07763334  0.18556667 -0.22463333 -0.08570001
  0.0994      0.09393333 -0.26513334 -0.016       0.1475     -0.0347
  0.06316667  0.1073     -0.13713333  0.13496667  0.04853334 -0.0095
 -0.2515     -0.0739     -0.10046667 -0.14386667  0.13783333  0.54860001
 -0.02583333 -0.06753333  0.25576666  0.1135     -0.00596667 -0.11196666
  0.29676666 -0.40286666 -0.60983331 -0.19356666 -0.13633334  0.09209999
  0.11983333  0.1207     -0.17973333 -0.0738     -0.08026667  0.09136667
 -0.08756666 -0.09906667  0.10613333  0.12046667  0.46536667  0.08006667
 -0.16753334  0.20036667 -0.1134     -0.10606666 -0.10826667  0.23793334
  0.10463333 -0.03833333 -0.10183333 -0.17233333 -0.26410001 -0.01903333
 -0.14216667 -0.10153333  0.09056667  0.06036666  0.14863334  0.12146667
  0.5344      0.41929999 -0.2097      0.33246667 -0.05713333  0.13426667
 -0.1214      0.033      -0.07446666 -0.1134      0.13313333 -0.08473334
 -0.41936668 -0.00913334  0.11813333  0.0692     -0.12856666 -0.29750001
 -0.1605     -0.4721      0.03803333  0.04823333 -0.04946666 -0.4095
 -0.4499     -0.0948     -0.01733334 -0.27329999 -0.07363334 -0.13356667
  0.3406     -0.07806667 -0.00973333 -0.25593333  0.10256667  0.16726666
  0.0991      0.1482      0.2206      0.0404      0.21109999 -0.01096667
 -0.46659999 -0.08536667  0.18013333  0.05590001 -0.0902      0.0648
  0.1397     -0.04993333  0.1063     -0.4037      0.19243334  0.14089999
  0.0399      0.04593333 -0.02326667 -0.1284     -0.12173334  0.0632
  0.02483333 -0.0487      0.0949     -0.06206666  0.0272     -0.2397
 -0.05173334 -0.07293333 -0.2926      0.13853333  0.41666667 -0.2598
  0.09343334 -1.56333335  0.14296667  0.0674     -0.10116667  0.12863333
  0.6431     -0.18126666  0.40749999 -0.39013334 -0.04620001 -0.03136667
 -0.02886666 -0.1268      0.0126     -0.31209999 -0.62379999  0.33333333
  0.1325      0.08513334 -0.62303333  0.16173333  0.3565      0.03796667
 -0.13876667  0.04593333 -0.20796667 -0.54869999 -0.14296667 -0.46926667
 -0.27186667 -0.45236667 -0.01676666 -0.33856667 -0.27206666 -0.78903333
  0.0136      0.07636667 -0.2104      0.60593334  0.35559999  0.02643333
  0.35243334  0.22346667 -0.096      -0.2782      0.0055      0.21073333
 -0.0368     -0.03566666  0.08873333 -0.16636667  0.21136666 -0.08546666
 -0.31466666 -0.03913333  0.0821     -0.0039      0.2757     -0.05093333
 -0.05843333  0.03933333  0.04966667 -0.292       0.12533334 -0.18026667
 -0.20373334 -0.13986666  0.07756667 -0.2094     -0.1243      0.15483334
 -0.19576667 -0.11296667 -0.13283333 -0.13503333 -0.23930001 -0.19383333
 -0.27386667 -0.14323334 -0.0546      0.20896667 -0.05043333 -0.1768    ]"
時間,"[-2.360e-01  4.750e-02  5.828e-01  8.750e-02 -8.900e-03  1.131e-01
  8.500e-03  8.880e-02 -3.500e-02 -1.850e-01  1.601e-01  2.630e-02
 -2.379e-01 -2.743e-01 -4.035e-01  1.115e-01 -1.369e-01 -1.066e-01
 -7.350e-02 -1.093e-01  1.708e-01  1.435e-01  1.630e-01  1.203e-01
 -1.017e-01 -7.410e-02  8.020e-02  2.070e-02  5.900e-03  8.430e-02
 -1.560e-02 -3.960e-02 -1.629e-01  1.554e-01  6.190e-02 -1.405e-01
 -6.480e-02 -2.200e-03  2.005e-01  2.029e-01 -3.070e-02  2.240e-02
  5.720e-02  1.630e-02 -1.330e-02  9.610e-02 -2.109e-01 -7.900e-02
 -3.200e-03 -1.710e-02  2.110e-02 -6.300e-02 -2.407e-01  2.274e-01
 -1.658e-01 -1.070e-02  1.081e-01 -2.587e-01 -9.100e-02  1.980e-02
  5.280e-02 -4.610e-02 -3.990e-02 -1.290e-01  1.340e-02  1.818e-01
  5.990e-02 -8.040e-02 -1.055e-01  5.300e-03 -4.980e-02  2.655e-01
  1.370e-01  1.063e-01  6.410e-02 -1.454e-01  1.127e-01  6.550e-02
 -1.573e-01  1.154e-01  1.208e-01  9.410e-02 -8.040e-02 -1.216e-01
  8.770e-02  1.816e-01 -6.970e-02  1.720e-02  1.403e-01 -2.499e-01
  1.670e-01 -6.380e-02 -1.679e-01  8.200e-02  1.482e-01 -3.065e-01
 -1.615e-01  1.471e-01  1.997e-01  5.420e-02  1.744e-01  4.027e-01
  4.190e-02 -5.290e-02 -1.618e-01  2.127e-01 -6.000e-03 -1.293e-01
  1.268e-01  8.110e-02 -2.863e-01  8.710e-02  1.696e-01  7.860e-02
  1.607e-01 -2.000e-01  4.300e-02  1.107e-01  2.027e-01 -1.507e-01
  1.451e-01 -9.900e-02 -4.000e-02  3.310e-02 -1.931e-01  6.490e-02
  9.000e-04 -6.090e-02  3.180e-01 -1.240e-02 -4.520e-02 -5.570e-02
 -2.730e-02  1.320e-01 -1.550e-02 -2.641e-01 -2.460e-02  1.761e-01
 -1.333e-01  6.570e-02 -2.374e-01  7.600e-03 -1.710e-01  2.028e-01
  1.204e-01  1.080e-02 -2.547e-01 -5.660e-02  1.540e-02 -5.430e-02
 -1.198e-01 -2.305e-01 -3.712e-01  6.650e-02  1.943e-01 -9.070e-02
  4.479e-01  5.820e-02 -1.554e-01 -1.200e-02  3.469e-01 -8.140e-02
 -8.580e-02  2.708e-01  8.370e-02  5.000e-02 -2.509e-01  4.380e-02
 -1.000e-02 -1.157e-01 -7.610e-02  4.000e-04  2.680e-02  1.150e-01
  1.900e-03  3.399e-01 -2.880e-02  2.315e-01  2.195e-01  2.728e-01
 -1.362e-01  2.950e-02 -2.586e-01  3.748e-01 -8.370e-02 -7.260e-02
 -5.200e-03  3.769e-01 -9.570e-02 -5.000e-01  3.040e-02 -3.090e-02
  2.868e-01  2.455e-01  1.579e-01  1.217e-01 -1.150e-01  1.132e-01
 -1.409e-01  1.058e-01  1.024e-01  1.302e-01 -1.160e-02  4.960e-02
 -1.421e-01 -1.414e-01 -2.040e-02  1.080e-01 -1.144e-01 -1.233e-01
 -5.280e-02  8.250e-02 -4.740e-02 -1.963e-01  1.996e-01  6.300e-03
  1.406e-01 -7.054e-01 -7.830e-02 -8.740e-02 -1.398e-01 -7.510e-02
  1.554e-01 -3.733e-01  6.120e-02 -5.580e-02 -3.157e-01 -2.008e-01
  6.890e-02 -9.950e-02  6.040e-02 -6.213e-01 -2.625e-01  5.460e-02
  3.340e-02 -5.120e-02 -2.639e-01  1.019e-01  7.000e-02  1.097e-01
 -7.230e-02  6.440e-02 -1.180e-02 -2.446e-01  9.160e-02 -2.031e-01
  1.730e-02 -2.357e-01 -1.634e-01 -7.194e-01 -7.670e-02 -2.988e-01
  1.480e-01 -1.480e-02  1.371e-01  2.074e-01  1.087e-01 -3.310e-02
 -2.266e-01  7.470e-02 -1.551e-01 -1.096e-01 -1.560e-01 -1.173e-01
  2.297e-01  3.923e-01  4.480e-02  2.840e-02  7.530e-02 -1.174e-01
 -5.490e-02  2.010e-02  8.500e-03  2.494e-01 -6.300e-03 -4.400e-03
 -9.850e-02  9.990e-02 -1.605e-01 -3.380e-02  1.677e-01  8.190e-02
 -6.420e-02  1.860e-02 -2.090e-01  5.200e-03 -6.010e-02  8.650e-02
  1.200e-03 -6.630e-02 -1.200e-02 -3.580e-02 -2.067e-01  3.177e-01
 -3.920e-02  3.180e-02  2.791e-01  2.524e-01 -1.134e-01  1.352e-01]","[-4.28100002e-01  4.29999941e-03  9.11066627e-01  1.68933329e-01
 -1.61999992e-02 -1.58666714e-02  3.49000028e-02  1.03399997e-01
  7.10666664e-02 -2.43866672e-01  2.85999998e-01 -4.43000005e-02
 -4.10833339e-01 -2.78700009e-01 -3.68666656e-01  9.31666692e-02
 -2.73799993e-01 -1.96700003e-01 -1.33966662e-01  4.92999926e-02
  2.96133331e-01  1.19233331e-01  4.94333357e-02  1.58266669e-01
 -9.70000029e-03 -4.86000031e-02  1.75433333e-01  6.16333348e-02
  4.12333331e-02  7.30333303e-02  7.66000034e-02 -2.60466658e-01
 -2.86299999e-01  2.71866655e-01 -1.96200002e-01 -1.64566659e-01
 -2.17666668e-01 -2.76999995e-02  3.58599994e-01  1.81500006e-01
  2.47000009e-02  1.23833331e-01  1.24600003e-01 -4.59666625e-02
  7.10333356e-02 -1.35133323e-01 -3.26366658e-01 -1.00633334e-01
 -4.21000015e-02  6.83666682e-02  4.54666646e-02  1.50999961e-02
 -2.84900007e-01  2.13300002e-01 -1.64966673e-01 -1.14733339e-01
  2.40933325e-01 -4.25766679e-01 -1.93533331e-01  8.34666677e-02
  5.88666660e-02 -1.24300002e-01 -6.40666662e-02 -2.61999992e-01
  1.20266670e-01  9.28666579e-02  2.69533334e-01  9.53333080e-03
 -8.90999998e-02 -1.11733330e-01 -3.33633336e-01  5.61333473e-02
  3.04999954e-02  1.06699996e-01  2.83666607e-02 -3.62600002e-01
 -1.62033336e-01 -1.23066672e-01 -1.41366663e-01 -4.28999948e-02
  3.64300008e-01  1.69699999e-01 -2.66200004e-01 -3.19133337e-01
  1.88800002e-01  1.84933337e-01 -2.02500007e-01 -2.42666652e-02
  2.99400002e-01 -2.62999999e-01  1.14599993e-01 -1.73333333e-01
 -1.80433332e-01  1.07700005e-01  1.17466673e-01 -3.91566652e-01
 -3.30400007e-01  2.63400003e-01 -3.30999941e-02  5.73333477e-03
  2.96733335e-01  6.90333341e-01  1.99566665e-01 -4.06666696e-02
 -1.48166663e-01  2.52566665e-01  1.41000002e-01 -3.30633332e-01
  1.32300000e-01  7.65666685e-02 -4.69966674e-01  1.05499998e-01
  1.93633333e-01  2.85133334e-01  3.80199987e-01 -1.12800003e-01
  1.70833338e-01  2.78766667e-01  2.46666669e-01 -1.23533337e-01
 -3.00005078e-04 -7.89999999e-02  2.27333332e-02 -6.29999861e-03
 -1.91266672e-01  1.46000003e-01 -8.76666683e-02 -1.42999998e-01
  4.98366659e-01  4.40000113e-03 -5.41333350e-02 -3.84999998e-02
 -1.07999984e-02  1.42000002e-01 -2.91333317e-02  4.73666688e-02
  3.92000008e-02  2.11966662e-01 -5.28000034e-02 -1.84666645e-02
 -3.25466663e-01  6.37333325e-02 -1.44066667e-01  4.17233338e-01
  3.94833331e-01  2.54000065e-02 -4.51766670e-01  7.04333326e-02
 -1.90999967e-02 -1.72133333e-01 -2.25200000e-01 -2.90566663e-01
 -3.30099995e-01 -1.00399997e-01  3.99333328e-01 -6.20333341e-02
  5.49866668e-01  1.70399999e-01 -1.18699994e-01 -1.11599997e-01
  3.82566653e-01 -6.73666671e-02 -8.98666630e-02  1.31733328e-01
  2.97633337e-01  2.94266667e-01 -4.38800005e-01 -1.86666660e-03
 -1.54366671e-01 -1.58066665e-01 -1.54633328e-01 -1.22033328e-01
  6.09333341e-02  1.33000041e-02  1.27666693e-02  5.65433323e-01
 -7.50000123e-03  3.67333330e-01  8.48666728e-02  4.00333333e-01
 -4.02499994e-01  1.13000014e-02 -5.84266668e-01  3.95133331e-01
  1.65933333e-01 -2.40833331e-01 -1.21933335e-01  7.08733320e-01
 -1.59933335e-01 -6.76800005e-01  4.63333229e-03 -9.24999993e-02
  5.39966658e-01  2.92966669e-01  1.27500003e-01  1.36166663e-01
 -6.86000002e-02  3.06666703e-02 -4.08233335e-01  2.11533336e-01
  1.65299997e-01  3.88166666e-01  1.28666681e-02  2.03066673e-01
 -1.90133341e-01 -1.58499995e-01 -7.79999960e-02 -8.73999956e-02
 -1.79766666e-01 -1.50966672e-01 -3.26333319e-02  7.60000447e-03
 -7.70000493e-03 -2.93533331e-01  4.04666613e-02 -7.14333304e-02
  1.75533332e-01 -1.58570000e+00 -2.34300002e-01 -8.91666661e-02
 -1.40533331e-01 -1.50599997e-01  3.42399995e-01 -3.96133319e-01
  1.11600004e-01 -3.06433332e-01 -3.84466661e-01 -2.94566667e-01
  2.81166669e-01 -6.34000003e-02  1.33300003e-01 -7.72666647e-01
 -6.83866650e-01  4.81000012e-02  6.10333290e-02 -1.87266669e-01
 -6.04300012e-01  1.50999997e-01  1.86300002e-01  1.78466674e-01
 -4.80666713e-02 -5.71666658e-02 -1.92033330e-01 -4.48466671e-01
  3.91833335e-01 -5.57499990e-01 -2.87433332e-01 -5.42966664e-01
 -2.56633326e-01 -5.96999990e-01 -1.22200002e-01 -6.01066649e-01
  2.29766664e-01 -3.85333340e-02  1.52833333e-01  2.63199995e-01
  7.52666617e-02 -4.39333344e-02 -2.74266673e-01  1.24133339e-01
 -8.74333431e-02 -1.89833331e-01  9.86666481e-03 -1.66766663e-01
  1.71866664e-01  6.76966677e-01  4.00333355e-02 -1.37266667e-01
  8.57666678e-02 -2.84333254e-02 -6.23333397e-02  1.78799999e-01
  5.89333332e-02  3.40200003e-01 -1.12633333e-01 -9.12333326e-02
 -2.01566665e-01  1.37633334e-01 -2.26166675e-01 -6.16333329e-02
  6.50999988e-01  1.44666666e-02 -2.38233335e-01  5.31999997e-02
 -4.07433341e-01  8.26000008e-02 -1.25800001e-01  1.48666628e-02
 -1.09300000e-01 -7.28666621e-02 -6.41333343e-02 -1.40899996e-01
 -3.27966663e-01  5.01366665e-01 -9.94000025e-02  1.91600005e-01
  3.35833336e-01  4.18300013e-01 -1.58199998e-01  2.18766662e-01]"
生徒,"[ 3.135e-01 -1.590e-02  1.165e-01  1.266e-01  6.030e-02 -2.046e-01
  2.529e-01 -6.730e-02 -2.804e-01  4.730e-02  1.720e-02  2.300e-03
  4.480e-02 -1.254e-01 -4.178e-01  6.690e-02 -6.460e-02 -2.814e-01
 -2.339e-01 -2.634e-01  1.300e-02  1.239e-01 -2.934e-01 -2.327e-01
 -5.500e-02  1.091e-01  2.074e-01  9.510e-02 -4.685e-01 -2.750e-02
  3.230e-02  2.035e-01  1.854e-01  2.000e-03  1.053e-01  7.000e-03
  2.110e-02  2.003e-01  1.920e-02  1.320e-02  3.730e-02  1.138e-01
 -5.450e-02 -1.135e-01  1.634e-01  1.000e-04 -1.098e-01  2.410e-02
  2.368e-01 -7.100e-02 -9.470e-02  9.930e-02 -4.990e-02  1.171e-01
 -1.169e-01  1.520e-02  8.030e-02 -3.196e-01 -3.780e-02 -1.275e-01
  9.620e-02 -7.800e-02  4.350e-02  5.200e-02  2.732e-01 -9.180e-02
  1.043e-01 -8.270e-02  4.820e-02  4.480e-02  1.500e-01  2.557e-01
  6.600e-03  3.780e-02  9.380e-02 -2.000e-02  6.980e-02  1.318e-01
 -1.624e-01  2.920e-02  1.294e-01 -2.131e-01 -2.005e-01 -5.550e-02
 -1.357e-01 -3.770e-02 -1.626e-01 -7.220e-02 -3.620e-02  1.037e-01
 -3.180e-02  3.414e-01 -2.372e-01  3.560e-02  1.900e-02  1.735e-01
 -2.442e-01  1.876e-01 -1.817e-01  2.542e-01 -6.370e-02  3.090e-01
 -1.850e-02 -1.066e-01 -2.801e-01  3.458e-01 -1.826e-01  1.187e-01
  1.382e-01 -2.720e-02 -1.898e-01 -1.425e-01 -7.430e-02 -2.443e-01
 -2.364e-01 -1.908e-01 -1.278e-01 -2.260e-02  3.420e-02  6.530e-02
 -4.048e-01  9.730e-02 -1.534e-01  8.400e-03  2.226e-01  3.208e-01
  1.180e-01 -2.700e-02 -2.368e-01 -1.761e-01  1.325e-01 -1.693e-01
 -1.150e-01  3.724e-01  1.101e-01  1.892e-01  6.950e-02 -1.157e-01
  1.139e-01  4.860e-02 -1.299e-01  2.246e-01  3.142e-01 -2.122e-01
  2.980e-01 -2.900e-02 -4.312e-01  9.150e-02  2.061e-01  1.930e-01
 -1.890e-02  1.853e-01  1.138e-01 -3.055e-01  3.162e-01 -6.800e-02
 -8.340e-02 -4.950e-02 -1.621e-01 -3.033e-01 -8.560e-02  1.830e-02
  2.100e-01  3.071e-01  1.704e-01  7.900e-02 -6.190e-02  6.030e-02
 -8.440e-02 -1.621e-01 -2.607e-01 -2.283e-01  2.467e-01 -2.337e-01
  3.500e-02 -3.950e-02 -5.930e-02 -3.930e-02 -6.010e-02  8.200e-02
  8.770e-02  1.041e-01 -2.074e-01  3.569e-01  1.358e-01 -8.790e-02
 -1.550e-02  1.047e-01  1.791e-01 -1.271e-01  3.219e-01  1.343e-01
  3.707e-01  5.300e-02  2.832e-01  9.970e-02 -1.630e-02 -6.450e-02
  1.229e-01  1.485e-01 -1.400e-02 -5.000e-02 -4.666e-01  6.720e-02
 -8.340e-02 -1.071e-01 -2.175e-01 -2.684e-01 -8.120e-02  7.880e-02
 -2.100e-03 -1.089e-01 -1.519e-01 -1.085e-01 -2.732e-01  2.917e-01
 -1.297e-01 -8.606e-01  1.356e-01  2.492e-01  1.332e-01 -1.088e-01
 -1.291e-01 -2.554e-01 -1.803e-01 -4.349e-01  5.050e-02 -4.900e-02
  1.007e-01  4.100e-02  2.771e-01 -9.390e-02 -3.527e-01 -1.129e-01
  2.294e-01  2.551e-01 -2.953e-01  3.970e-02  1.807e-01 -5.050e-02
 -1.367e-01  1.270e-02  1.671e-01 -4.306e-01  1.187e-01 -2.480e-01
 -2.265e-01  1.506e-01 -5.420e-02 -1.722e-01 -1.440e-02 -2.845e-01
 -2.915e-01 -1.774e-01 -1.524e-01  5.160e-02 -7.860e-02 -1.774e-01
  7.620e-02  7.590e-02 -6.200e-02 -2.214e-01  1.410e-02 -3.686e-01
 -8.630e-02  1.576e-01  5.110e-01 -2.681e-01 -2.128e-01 -1.159e-01
  6.500e-02  1.236e-01  5.470e-02  1.546e-01 -5.440e-02 -1.168e-01
  7.960e-02  1.300e-03 -2.490e-01  2.157e-01 -2.624e-01 -2.034e-01
  1.790e-02  5.250e-02  4.480e-02  1.053e-01 -2.600e-03 -6.350e-02
  2.014e-01  1.521e-01  1.470e-02  5.270e-02 -1.429e-01 -2.554e-01
  5.720e-02  4.082e-01 -1.756e-01  2.100e-02 -9.190e-02 -1.673e-01]","[ 2.34933325e-01  1.73333338e-01  7.06400014e-01  2.69200001e-01
 -2.33133334e-01 -3.59666680e-02  2.66133336e-01 -1.39166669e-01
 -2.06766669e-01 -4.58333337e-02  1.29533332e-01  1.49533330e-01
 -1.71333320e-02  1.42300004e-01 -5.48633330e-01  1.29166667e-01
 -1.99333331e-01 -1.41433334e-01 -3.23666668e-01 -6.51999977e-02
 -1.41233336e-01  1.10166666e-01 -3.88166672e-01  5.72333286e-02
  1.83099997e-01 -4.22666647e-02  3.12299997e-01  1.27899999e-01
 -8.46333269e-02  2.43900004e-01 -1.76666652e-02  1.60766665e-01
  2.23699994e-01  2.02933332e-01  2.46133328e-01 -1.60333333e-01
 -1.82599997e-01 -1.26000022e-02  8.71999984e-02 -8.95333352e-02
  1.30999998e-01  5.58666668e-02 -8.34666664e-02 -3.18333330e-02
  1.54333328e-01  8.85333295e-02  7.21666683e-02  7.62666725e-02
  1.83000018e-02 -2.22599993e-01  1.53766669e-01  1.20333284e-02
 -1.31099998e-01 -3.27333311e-02 -1.76566661e-01 -1.59366669e-01
  1.53333365e-02 -4.05866665e-01 -2.22600003e-01 -2.08000001e-01
  1.86999968e-02 -2.20799999e-01  2.77600004e-01  2.28233337e-01
  2.40533337e-01  2.49933338e-01  4.65333375e-02  6.79333364e-02
 -3.25433327e-01  1.05833333e-01  2.00000778e-03  2.82233330e-01
  2.63333293e-03  1.75666671e-01 -8.17000017e-02 -4.41433324e-01
 -1.25133334e-01 -3.97333313e-02 -1.68866669e-01 -9.02999985e-02
 -3.42333342e-02 -3.38333340e-01 -2.28866669e-01 -5.24333324e-02
 -4.14999997e-02 -1.34366666e-01 -3.50266670e-01 -1.78866667e-01
 -2.89000028e-02  5.19666672e-02  1.91699999e-01  1.83933333e-01
 -2.12100005e-01 -1.50400003e-01  1.59433336e-01  1.67500001e-01
 -3.93100008e-01  6.46000008e-02 -2.19433337e-01  1.76933333e-01
  8.14000033e-02  5.09033324e-01  6.25666690e-02 -8.19666702e-02
 -8.47666642e-02  6.19766662e-01  5.01666591e-02  5.80999988e-02
 -8.95999968e-02  2.23666664e-02 -5.39233324e-01 -3.30633334e-01
  7.46000033e-02  6.47999998e-02 -3.28266670e-01  9.19999927e-03
 -2.11166666e-01  9.58999985e-02  2.33999969e-02 -2.43333168e-03
 -2.08399997e-01  9.36666677e-02 -6.56000003e-02  5.39666646e-02
  4.64266673e-01  2.70000020e-02  3.54000013e-02  9.55000029e-02
 -2.94533332e-01  8.79999970e-02 -6.60000027e-02 -7.04999999e-02
  1.08533334e-01  1.82333327e-02 -6.51333332e-02  5.13999934e-02
  1.65366667e-01 -1.63233335e-01  6.99998811e-04  2.89433329e-01
 -1.41866665e-01 -9.99999791e-03  1.73233339e-01 -3.23332908e-03
  8.01033333e-01 -2.59333362e-02 -3.27833332e-01  1.15399999e-01
  9.49666677e-02  1.89133332e-01 -9.57999974e-02 -5.23000018e-02
  8.44333346e-02 -3.65999970e-02  4.08966674e-01  1.53300000e-01
 -1.66333343e-02 -1.00266669e-01  1.02333327e-02 -5.61499998e-01
 -8.64666700e-02 -1.37633334e-01  1.45699995e-01  6.34533331e-01
  2.26733328e-01  7.87333337e-02 -4.14999994e-01 -1.71600002e-01
 -9.71999994e-02 -1.19999920e-03 -4.73332813e-03 -1.11133340e-01
  1.05533336e-01  1.16433334e-01  1.89966666e-01  3.40666653e-02
 -2.08100003e-01 -2.60533329e-01 -4.28666671e-02  6.10333383e-02
 -6.74666640e-02  1.29333332e-01 -5.49933344e-01  4.07000035e-02
 -3.61666656e-02 -8.52666646e-02  7.80333349e-02  2.48833332e-01
  6.43666685e-02 -6.52333361e-02  5.27000005e-02 -3.34333364e-02
  5.22766665e-01  1.23333334e-01  1.64833329e-01 -8.92000012e-02
 -8.47999991e-02 -9.94333302e-02 -2.14999970e-02  1.46333336e-01
 -3.02333329e-02  1.04400001e-01 -1.19499998e-01  2.35233328e-01
 -2.33000011e-02 -1.92599999e-01 -1.41599994e-01 -5.31499993e-01
 -4.73666663e-02 -7.34666673e-02 -1.66800000e-01 -3.20900006e-01
 -3.93999964e-02 -1.12266666e-01 -5.74433327e-01  8.70000023e-02
 -2.89999992e-02 -1.40293334e+00  1.64366667e-01 -1.54999988e-02
  3.79999999e-02 -1.63666668e-01 -6.76666620e-02 -1.16133333e-01
 -1.19433333e-01 -4.53433332e-01 -3.12000004e-02  1.05766666e-01
  1.72666666e-01  1.04033335e-01  1.77466665e-01 -8.19666659e-02
 -7.32866665e-01 -1.59966660e-01  1.37700000e-01  4.63666712e-02
 -5.38000000e-01  3.06333336e-02  3.28500003e-01  4.62999977e-02
 -7.21666676e-02  1.24000038e-02  1.57066664e-01 -4.66333322e-01
 -1.77266665e-01 -3.07599997e-01 -4.21299996e-01  4.43433338e-01
 -2.45800000e-01 -3.61900002e-01  1.41833337e-01 -4.22566667e-01
 -5.11333278e-02  5.68333358e-02 -3.83333365e-03 -1.89366661e-01
 -2.88233331e-01 -1.84666626e-02  7.01000026e-02  1.96033328e-01
  2.76666631e-03  1.03000030e-02  1.31666667e-02 -3.98366666e-01
  1.09499997e-01  4.49866672e-01  6.27799988e-01 -2.01499996e-01
 -4.07666676e-02 -1.49566670e-01 -5.33000007e-02  5.32999990e-02
 -8.95666669e-02 -1.89733338e-01 -2.74433333e-01 -2.24333343e-02
 -1.56333297e-02  2.52333331e-02 -2.73133333e-01  1.30600000e-01
  2.65266661e-01 -4.83333009e-03  3.03666698e-02 -8.21333298e-02
  1.31866667e-01 -2.49733342e-01  4.08333339e-02 -6.35666661e-02
  6.39000001e-02 -3.39000002e-02 -5.16666635e-03 -3.26999985e-02
 -4.91966669e-01 -3.24066669e-01  1.17900006e-01  1.30633334e-01
  2.08666623e-02  9.54666669e-02 -1.77666657e-02 -3.98133338e-01]"
体験,"[ 0.133   0.0683  0.5146  0.2476  0.0209 -0.1516  0.0869  0.1746 -0.2078
  0.2129  0.2023  0.2217  0.08   -0.2579  0.0229 -0.0172 -0.1938 -0.0119
 -0.1014 -0.0073 -0.1178 -0.1491  0.101  -0.0769 -0.1384  0.1181 -0.1468
  0.2984 -0.1094  0.1587  0.0494  0.2623 -0.0177  0.3282 -0.2648 -0.126
 -0.3155  0.1678 -0.0289 -0.0222  0.1448  0.2566 -0.1233 -0.0357 -0.168
  0.0315  0.1692 -0.1634 -0.1407  0.0047 -0.061  -0.3708  0.1345  0.221
 -0.2254  0.1564  0.3082 -0.3945 -0.0008  0.3181  0.156  -0.0854 -0.1572
  0.0696  0.1374 -0.2376 -0.0106 -0.0366 -0.2173  0.0437  0.1404 -0.355
 -0.186   0.126   0.0209 -0.2097 -0.1481  0.0631 -0.2264 -0.1464 -0.009
  0.1967 -0.1282 -0.07    0.0285  0.0868 -0.019   0.0134  0.124   0.1436
 -0.0861  0.0543 -0.0427  0.0532 -0.0251 -0.2144  0.0196  0.1182 -0.028
  0.0273 -0.0915  0.5038  0.094   0.2723  0.142  -0.0121  0.0959 -0.0758
 -0.0355 -0.119  -0.3708 -0.3044  0.1205  0.2096 -0.0259  0.1072  0.0544
 -0.0847  0.24   -0.0466 -0.1936 -0.1016  0.2346 -0.1794 -0.0917  0.0463
  0.1443 -0.1379  0.0833 -0.0082  0.013  -0.2718 -0.1146 -0.1448 -0.1803
  0.0124  0.0029  0.0299 -0.4312 -0.1157 -0.0242  0.0327  0.2006 -0.1911
  0.0647  0.0502 -0.2482 -0.0291 -0.3013  0.2237 -0.2486  0.0904 -0.1612
  0.1405  0.2515  0.1793  0.0045  0.2289  0.2062 -0.0461  0.1172  0.0681
  0.1171 -0.3695 -0.003  -0.1217 -0.06   -0.1172  0.4565  0.2652 -0.0985
 -0.2846 -0.2539  0.1207  0.1615  0.1177 -0.3728 -0.1372 -0.1456  0.1118
 -0.0306  0.1124 -0.0094 -0.0091 -0.2242 -0.2492  0.1641  0.3306  0.2266
 -0.094   0.0531  0.0525  0.3207  0.034   0.1214 -0.0054 -0.0917 -0.0678
  0.136   0.2323 -0.0142  0.2808 -0.1615 -0.0232 -0.235  -0.1727 -0.1475
 -0.1365 -0.2431  0.1454 -0.2908 -0.2575  0.0456  0.0105 -0.2755 -0.0215
 -0.254  -0.735   0.2908 -0.1321 -0.0169  0.0124 -0.0118  0.1753  0.1597
 -0.1953  0.086  -0.3392 -0.0327 -0.3752  0.1867 -0.0029 -0.4539 -0.1818
  0.0015  0.1753 -0.4842  0.0629  0.155   0.211   0.153  -0.0896  0.1308
 -0.1466 -0.0056 -0.3299 -0.0313  0.1361  0.0474 -0.0414 -0.0972 -0.3163
 -0.0916  0.1509 -0.1027 -0.0645 -0.3619  0.0327  0.265   0.0509  0.0189
 -0.2203 -0.0742  0.0601 -0.0126  0.4038  0.323  -0.0232  0.2194  0.0257
  0.0297  0.1572  0.1255 -0.0056  0.0987  0.0998  0.2199 -0.0186  0.2359
 -0.2323  0.4748  0.0832  0.0757  0.1832  0.1409  0.1564  0.0594 -0.1625
  0.2653 -0.0252 -0.3585 -0.1374  0.0976  0.3574 -0.1384  0.0295  0.0703
  0.1336  0.1777 -0.2639]","[ 5.19666672e-02  4.49000010e-02  6.28599976e-01  3.69700010e-01
 -9.19666663e-02 -4.96333347e-02  8.75666675e-02  7.07333380e-02
 -2.01899999e-01  2.61633330e-01  2.81899999e-01  2.18433332e-01
  8.53333324e-02 -3.60133333e-01 -3.66333524e-02 -2.56666727e-03
 -1.33500001e-01 -9.73333232e-03 -1.71366667e-01 -8.63333354e-02
 -8.11999971e-02 -9.08333386e-02  1.54633338e-01 -5.20999989e-02
 -1.71500004e-01  8.38000015e-02  8.65666786e-02  2.18066672e-01
 -3.44666651e-02  1.74733339e-01 -8.54333341e-02  1.74066676e-01
 -7.55666656e-02  2.80366677e-01 -1.25766676e-01 -1.20200001e-01
 -2.12233327e-01  9.20999963e-02 -2.92899997e-01  8.66666685e-02
  2.51966670e-01  8.91666596e-02 -2.25166670e-01 -7.86666696e-03
 -1.52599998e-01 -2.76666687e-02  2.16733339e-01 -1.24166664e-01
 -1.12966663e-01  1.32933336e-01 -1.57000006e-02 -4.10766654e-01
  1.70866665e-01  1.50433330e-01 -1.58433334e-01  1.91399995e-01
  2.29166668e-01 -2.82566659e-01 -9.63000006e-02  3.97700005e-01
  1.01400003e-01 -9.53333514e-03 -1.23766661e-01  5.88333343e-02
  2.42433332e-01 -2.31033333e-01 -3.10000094e-03  2.25666667e-02
 -2.56966664e-01 -1.12566677e-01  1.42866670e-01 -3.60899994e-01
 -1.89900002e-01  3.21333339e-01  5.95000014e-02 -2.23600000e-01
 -1.23066670e-01  1.78833337e-01 -1.86533336e-01 -1.21766667e-01
 -7.76333325e-02  1.16300004e-01 -2.04533331e-01 -3.82333334e-02
  8.31666676e-02 -1.60333309e-02 -1.16499998e-01  3.33320349e-05
  5.32333317e-02  1.59000003e-01  2.00666692e-02  1.79333314e-02
 -9.58666665e-02  9.18666665e-02 -7.78000007e-02 -2.24066662e-01
 -4.82333302e-02  1.36099997e-01  2.17333299e-02 -1.81333361e-02
 -2.53666667e-01  6.22766659e-01  1.90766668e-01  2.87233337e-01
  2.66666710e-02  2.17066658e-01  2.20166667e-01 -1.71366667e-01
 -9.22666664e-02 -1.74800005e-01 -3.22999989e-01 -2.97066661e-01
  6.72000013e-02  1.89133335e-01  1.63833329e-01  2.49966667e-01
  7.71333327e-02 -9.19000035e-02  2.25633328e-01 -5.31666661e-02
 -2.00033331e-01 -1.07466667e-01  2.48066663e-01 -1.80466667e-01
 -8.52333382e-02  4.47333350e-02  1.02566664e-01 -8.80666624e-02
  3.10033336e-01 -1.34333366e-02 -1.24000000e-01 -2.92566676e-01
 -1.17066668e-01 -8.99333383e-02 -1.69333334e-01 -4.79466652e-01
 -7.99333309e-02  4.28999985e-02 -3.29599998e-01 -1.41433333e-01
  1.37666669e-02 -1.08400000e-01  1.54133332e-01 -1.60600001e-01
  4.72533324e-01 -3.38666675e-02 -2.59566660e-01  5.93333272e-03
 -2.62733325e-01 -5.82666708e-02 -1.76600007e-01  2.21866667e-01
 -2.02700001e-01  1.62366662e-01  3.06300007e-01  1.36966665e-01
 -7.23333284e-03  1.75633332e-01  1.84433335e-01 -1.59833334e-01
  3.21000020e-02  3.77999966e-02  5.99666685e-02 -5.08566670e-01
  6.21999993e-02 -1.93666648e-02 -8.62666642e-02 -1.14366669e-01
  3.12066662e-01  1.20333327e-01  3.65333309e-02 -2.89133328e-01
 -3.67533322e-01  1.83999999e-01  2.72333361e-02  4.13000040e-02
 -1.74233330e-01 -8.28333319e-02 -1.49033339e-01  2.35766667e-01
 -4.31333321e-02 -7.16666412e-03 -2.51700000e-01 -4.17666702e-02
 -2.23533328e-01 -1.21433335e-01  9.67666705e-02  6.14333337e-01
  2.50800004e-01 -2.32299997e-01  6.35666663e-02  6.63999990e-02
  3.75999991e-01 -1.47333319e-02  1.04233334e-01 -2.63000006e-02
  1.23333062e-03 -1.42300002e-01  1.08933338e-01  7.16999993e-02
 -1.04066665e-01  2.60533342e-01 -9.88666713e-02 -2.75033331e-01
 -1.54566666e-01 -2.07933336e-01 -2.61033334e-01 -2.06966666e-01
 -2.34200001e-01  1.29233334e-01 -3.09933336e-01 -3.93433325e-01
 -4.03333455e-03  2.44999969e-02 -2.46333336e-01 -1.31700000e-01
 -1.92333339e-01 -1.11066667e+00  2.37066671e-01 -3.46333347e-02
 -5.19333330e-02  3.72000012e-02 -7.08999981e-02  1.52866670e-01
  7.63333589e-03 -3.04166663e-01 -1.40666633e-02 -2.12499993e-01
 -7.16333327e-02 -3.24633334e-01  2.36233337e-01 -1.67633337e-01
 -5.85766671e-01 -1.37433329e-01  4.68666661e-02  2.00966669e-01
 -7.03166674e-01  9.83333308e-02  2.24199998e-01  3.00366665e-01
  1.27166666e-01 -1.77299998e-01 -9.50666747e-02 -3.57899989e-01
 -1.06533335e-01 -4.52200000e-01 -1.37033336e-01  3.59666546e-02
  1.74333329e-02 -3.62066666e-01 -1.37766666e-01 -5.20799999e-01
 -4.46333330e-02  1.49933339e-01 -1.61333345e-02  2.91999976e-02
 -5.89233329e-01  7.07333311e-02  2.35299992e-01  3.99999321e-04
 -7.70666699e-02 -1.47433335e-01  1.80000017e-02  1.40466672e-01
  7.94666675e-02 -2.57466659e-01  2.76100005e-01  2.76666644e-02
  1.94700003e-01  1.52766665e-01  4.02000000e-02  1.13099997e-01
  2.81666600e-02 -1.11666672e-01  7.30666691e-02  9.66333325e-02
  1.98999996e-01 -3.05999992e-02  2.19200000e-01 -1.78666666e-01
  7.27899998e-01  1.31500000e-01  5.20666667e-02  1.49233334e-01
  1.51966667e-01  5.38666633e-02  3.05633336e-01 -9.73999960e-02
  2.87000005e-01 -1.81466666e-01 -1.05933338e-01 -1.78500000e-01
  1.70433335e-01  1.10233338e-01 -1.00001196e-03  8.09000010e-02
  6.30666651e-02  2.36933328e-01  1.07566661e-01 -3.47433340e-01]"
活性,"[-4.470e-02  1.792e-01  5.527e-01  6.220e-02 -5.091e-01 -4.804e-01
  2.636e-01 -1.014e-01  2.550e-02  2.795e-01  1.031e-01  2.890e-01
  1.848e-01  2.389e-01 -1.330e-01 -7.740e-02  7.910e-02 -2.672e-01
 -8.600e-02  2.265e-01  2.820e-02 -2.082e-01  9.370e-02 -1.448e-01
  2.767e-01 -3.100e-03 -2.679e-01  1.770e-01 -2.331e-01 -1.535e-01
 -2.816e-01  4.470e-02 -6.200e-02 -1.455e-01  5.190e-02  2.462e-01
 -1.626e-01  2.281e-01 -3.004e-01 -2.970e-02  2.054e-01 -1.311e-01
 -4.331e-01 -2.609e-01  6.440e-02  2.444e-01 -1.037e-01 -3.000e-03
  1.565e-01  2.812e-01 -2.566e-01  8.000e-02  2.823e-01 -6.411e-01
 -1.680e-02  1.321e-01 -1.372e-01 -1.047e-01  3.913e-01 -6.410e-02
 -1.182e-01  7.500e-03  1.568e-01  7.290e-02  4.195e-01  7.110e-02
  1.561e-01  1.004e-01 -1.861e-01 -2.419e-01  7.850e-02 -9.340e-02
 -6.940e-02  2.065e-01  3.610e-02 -5.590e-02 -1.143e-01  1.499e-01
  1.946e-01  1.978e-01  5.450e-02 -1.600e-01 -2.415e-01 -1.281e-01
 -2.870e-01 -3.770e-01 -1.509e-01  1.420e-01 -1.030e-02 -5.300e-03
 -3.090e-02 -3.490e-02  1.842e-01  2.199e-01  3.569e-01 -3.703e-01
  5.340e-02  2.780e-02 -6.720e-02 -7.640e-02 -7.680e-02  6.509e-01
  1.637e-01  3.492e-01  5.320e-02  9.270e-02  7.580e-02 -2.077e-01
  4.032e-01  1.270e-01 -1.154e-01  4.690e-02 -2.629e-01  1.905e-01
  9.410e-02  3.278e-01  1.835e-01 -5.550e-02  6.330e-02 -1.744e-01
  5.290e-02 -9.190e-02 -6.060e-02 -1.473e-01 -1.892e-01 -4.480e-02
  1.074e-01 -2.049e-01  8.910e-02  4.235e-01  4.300e-03  2.003e-01
 -7.750e-02 -1.308e-01 -4.000e-02 -2.990e-02  1.400e-03  3.107e-01
 -4.328e-01 -3.850e-01  9.830e-02  2.829e-01 -8.910e-02 -2.350e-01
  4.870e-02  2.650e-01 -9.700e-02  1.993e-01 -9.580e-02 -6.098e-01
  1.439e-01  5.200e-03 -3.353e-01 -1.540e-02  3.703e-01 -1.816e-01
 -1.140e-01 -1.637e-01  6.310e-02 -1.608e-01 -3.923e-01  8.110e-02
  2.006e-01  3.042e-01  3.000e-04 -5.780e-02  6.950e-02  2.531e-01
  5.860e-02  2.432e-01 -2.270e-01 -2.248e-01 -3.638e-01 -2.095e-01
 -8.620e-02  3.190e-02 -8.100e-03  1.902e-01  2.197e-01  3.680e-01
  1.600e-02 -2.432e-01  3.084e-01 -2.226e-01  8.550e-02 -1.393e-01
  1.851e-01  4.890e-02 -3.444e-01 -5.900e-02  8.120e-02  1.380e-02
 -3.220e-01  3.980e-02  5.694e-01 -2.185e-01  2.160e-02  5.800e-03
 -2.030e-02  8.230e-02  1.444e-01 -1.237e-01 -1.300e-03 -2.016e-01
 -3.407e-01 -6.350e-02  1.162e-01 -1.198e-01  1.492e-01  1.500e-01
 -1.157e-01 -7.170e-02  4.280e-02 -1.104e-01 -3.809e-01  3.527e-01
  1.565e-01 -7.994e-01 -2.028e-01  9.850e-02  7.270e-02 -4.067e-01
 -2.799e-01 -2.899e-01  6.570e-02 -4.158e-01 -6.270e-02 -1.801e-01
  1.446e-01  3.382e-01 -2.390e-02  2.893e-01 -4.112e-01  3.740e-02
  2.414e-01 -3.311e-01 -5.915e-01 -1.279e-01 -4.960e-02 -1.780e-01
 -2.247e-01  1.316e-01  4.760e-02 -3.901e-01  9.730e-02 -4.294e-01
  2.798e-01  2.043e-01 -2.028e-01  9.510e-02  2.100e-03 -3.555e-01
  1.042e-01 -1.319e-01 -1.400e-02  1.180e-01 -2.593e-01 -4.810e-02
 -1.041e-01  6.870e-02  1.002e-01  3.700e-02 -2.430e-02  2.763e-01
  7.870e-02 -3.871e-01  1.800e-02  2.495e-01 -1.409e-01  7.450e-02
  5.810e-02  4.850e-02 -3.291e-01 -1.487e-01 -2.543e-01  1.521e-01
 -1.672e-01  1.519e-01  8.660e-02  2.310e-02  6.625e-01  2.030e-01
 -2.530e-02  3.140e-02 -1.582e-01  1.437e-01  7.490e-02  1.310e-02
 -2.038e-01  2.640e-02  8.500e-03  1.499e-01  1.986e-01  3.863e-01
  2.764e-01  3.810e-02  3.890e-02  4.170e-01 -4.850e-02  5.760e-02]","[-1.17000002e-01  1.97099993e-01  1.08289999e+00  2.00899992e-01
 -7.44200021e-01 -7.54099995e-01  6.87999874e-02 -2.76000008e-01
  9.88999978e-02  3.20900008e-01  2.57100001e-01  3.91000003e-01
  3.43500003e-01  6.45300001e-01  3.48599985e-01  2.96000019e-02
  1.93999998e-01 -3.56999993e-01 -9.96000031e-02  2.59600006e-01
 -2.88100004e-01 -4.85400006e-01  3.38899992e-01 -5.26000038e-02
  1.57999992e-01  2.73300000e-01 -2.46999860e-02  3.37200001e-01
 -1.90299995e-01 -5.30000031e-02 -5.45899987e-01  8.86000022e-02
 -1.42300002e-01 -6.24500006e-01  1.44699998e-01  2.45499995e-01
 -2.39699997e-01  2.98700005e-01 -9.02999938e-02 -1.12500001e-01
  3.41100007e-01 -1.62499998e-01 -6.24799982e-01 -4.58599985e-01
 -6.36999905e-02  4.06899989e-01 -4.67999987e-02  8.36999998e-02
  2.50499994e-01  2.42099993e-01 -3.62799995e-01  3.50999981e-02
  3.39599997e-01 -8.22199985e-01 -1.89400000e-01  2.34499998e-01
 -1.35099998e-01 -2.00199999e-01  3.28299992e-01 -2.67999955e-02
 -1.77099995e-01 -7.15999980e-02  1.89800002e-01  3.47599983e-01
  4.14299993e-01  4.08800006e-01  1.65500005e-01  4.28999998e-02
 -2.95300007e-01 -9.19699997e-01  1.85100004e-01 -3.03000003e-01
 -9.67999976e-02  4.99699980e-01  8.96000005e-02 -3.48000012e-01
 -2.28699997e-01  3.71399999e-01  2.24900002e-01  3.44499990e-01
  9.99999978e-02 -4.32899982e-01 -3.76400009e-01 -3.74999940e-02
 -3.15100001e-01 -3.44500005e-01 -1.98700007e-01  2.19000004e-01
  2.74999989e-02 -2.55099996e-01  6.57999981e-02  2.02000029e-02
  2.47700006e-01  2.46599996e-01  4.03400008e-01 -3.44099995e-01
  4.75999988e-02  1.52000001e-01 -3.90999969e-02 -4.04299989e-01
 -1.11300003e-01  9.30600017e-01  8.85000005e-02  4.30200011e-01
  1.11600000e-01 -4.76099975e-01  3.18000004e-01 -7.75000006e-02
  3.12799998e-01  5.49000055e-02 -3.76900002e-01  2.76900005e-01
 -3.91899988e-01  1.13100007e-01  5.26199996e-01  3.36400006e-01
  2.84700006e-01 -1.36900000e-01  2.71200001e-01 -2.21900001e-01
  1.63800001e-01  4.84000072e-02 -2.31400002e-01 -1.25300005e-01
 -4.85499993e-01 -1.14900000e-01  1.05100000e-01 -1.91399996e-01
  2.59300008e-01  3.97400001e-01 -1.03300003e-01  9.29999948e-02
 -5.75000010e-02 -1.88599993e-01 -1.49499997e-01 -2.39999995e-01
 -9.84999998e-02  5.50699994e-01 -6.43500000e-01 -5.12799993e-01
  1.16800003e-01  2.72600005e-01 -1.90500006e-01 -2.95100000e-01
  6.27800014e-01  3.82299982e-01 -1.17700003e-01  1.15200005e-01
  3.54000032e-02 -1.04779997e+00  1.77200008e-01 -1.24300002e-01
 -8.60100001e-01 -2.48499997e-01  7.80299991e-01 -3.36099997e-01
 -3.05499993e-01 -3.51300001e-01 -7.65999928e-02 -3.10899988e-01
 -3.27300012e-01  8.76000021e-02  1.46399997e-01  2.82099994e-01
 -2.41999993e-02 -6.40999987e-02  5.07999994e-02  4.38100010e-01
 -1.09999999e-02  1.73500001e-01 -3.84000003e-01 -3.99700001e-01
 -5.87099984e-01 -3.72799993e-01 -1.40699998e-01 -1.48999993e-01
  3.22000002e-02  7.60999992e-02  2.53599994e-01  8.55699986e-01
  1.03899999e-01 -5.45900017e-01  2.96000005e-01 -2.95800000e-01
  1.22700002e-01 -1.38000004e-01  9.09000039e-02  2.60799997e-01
 -4.73399982e-01 -3.81000005e-02  4.33000028e-02  1.83800002e-01
  1.91400021e-01 -3.40000167e-03  7.41200015e-01 -3.10500003e-01
 -2.34999992e-02  8.99999868e-04  7.51999989e-02  1.08999999e-01
  2.16600001e-01 -4.78999987e-02 -2.36700006e-01 -3.31100002e-01
 -4.51800004e-01 -1.42000005e-01  1.96699999e-01 -1.24300001e-01
  5.74700013e-01  2.51100004e-01 -1.96599998e-01 -4.27299999e-01
 -2.10999995e-02 -1.22699998e-01 -9.52900022e-01  3.76499996e-01
  1.09199997e-01 -1.48859996e+00 -2.62500007e-01  3.84800002e-01
  1.01400001e-01 -5.26999988e-01  1.25900000e-01 -4.80300009e-01
  1.63500004e-01 -7.78800011e-01 -1.33500002e-01 -2.95899995e-01
  1.08400002e-01  2.27700002e-01  8.29999987e-02  6.39999986e-01
 -7.56599993e-01 -2.78000012e-02  2.77500004e-01 -3.45699987e-01
 -9.65999991e-01 -1.03800004e-01 -4.39999998e-03 -3.75500008e-01
 -2.74300005e-01  4.96099994e-01 -1.36099994e-01 -7.82200009e-01
  2.95700006e-01 -9.08699989e-01  1.97399996e-01  3.13500002e-01
 -2.19600005e-01  9.94300023e-01 -1.12999997e-02 -6.32100016e-01
  3.36000003e-01 -1.60099998e-01 -4.80000023e-03  2.60499999e-01
 -5.99999994e-01  3.00000235e-03 -1.37999952e-02 -3.79999727e-03
  2.78799996e-01  3.68900001e-01  2.13400001e-01  6.56000018e-01
  4.54399996e-01 -1.53839996e+00  3.97900008e-01  2.95200005e-01
 -1.77800000e-01  1.18400004e-01  6.69000000e-02  1.70699999e-01
 -4.38900016e-01 -1.00800000e-01 -3.53500001e-01  4.26400006e-01
 -3.24300006e-01  2.71799996e-01  1.14399998e-01 -1.06899995e-01
  1.21060002e+00  1.93399994e-01 -4.71999999e-02  1.09199997e-01
 -3.41499999e-01  1.42400004e-01 -1.20000005e-01  1.72299998e-01
 -3.37499991e-01 -3.42999995e-01  1.95100000e-01  2.70700008e-01
  7.79500008e-01  7.13600010e-01  5.05099997e-01  2.62800004e-01
  1.38999987e-02  7.29999989e-01  1.86299995e-01 -4.02700000e-01]"
落語,"[ 0.0474  0.4568  0.0452  0.13   -0.2237 -0.3477  0.0405 -0.2307  0.4672
  0.2586  0.0473  0.0483 -0.1496 -0.369  -0.3765 -0.033   0.1552  0.048
 -0.2241 -0.434  -0.0271  0.094  -0.4326 -0.239  -0.115   0.0397  0.3217
 -0.1342  0.2502 -0.1479  0.0923  0.0845  0.0448  0.072  -0.2084  0.2658
 -0.2677  0.0551  0.4604 -0.1882  0.2208 -0.1806  0.0556  0.1259  0.0254
 -0.2616 -0.4408 -0.0021 -0.0978  0.0735  0.3667 -0.1761  0.2908  0.195
 -0.2006 -0.1074  0.1695 -0.0585  0.1855  0.1273 -0.158  -0.1329  0.1083
  0.0577 -0.0421 -0.3187  0.1468  0.0189  0.1664  0.2396 -0.2476  0.1082
 -0.1568  0.103   0.0216 -0.3503 -0.4698 -0.5383  0.2886 -0.5675 -0.2248
  0.3614 -0.392   0.0083  0.4548 -0.192  -0.2556  0.0798  0.3155  0.2055
  0.1865  0.1656 -0.3093 -0.0666 -0.0522 -0.1652 -0.1449 -0.2443 -0.2503
 -0.1249  0.0766  0.3397 -0.0612  0.101  -0.0663  0.3985 -0.1554  0.0131
 -0.1171 -0.367  -0.1759 -0.0323 -0.1587  0.1213 -0.1206  0.2597 -0.1667
  0.2424 -0.2054  0.0572 -0.0504 -0.3933  0.0172 -0.1251  0.0352  0.384
  0.0819 -0.1922 -0.1915  0.3897 -0.3422 -0.0634 -0.0862  0.2241 -0.0292
  0.3533  0.0482 -0.1066 -0.1258 -0.0737  0.0604 -0.0402  0.4084  0.0618
  0.0717 -0.222   0.1726  0.2245  0.2915  0.1436  0.1135  0.1438 -0.1421
 -0.0826  0.705  -0.191  -0.137  -0.0445 -0.4522  0.0193 -0.3716  0.0642
 -0.2114  0.2664  0.1131  0.2999 -0.1716 -0.2901 -0.268   0.4197 -0.1173
  0.0063 -0.1335  0.0311  0.2402  0.2916 -0.1378  0.1792 -0.3419  0.1064
  0.0405  0.1931  0.1979  0.2205  0.2711 -0.2045  0.215  -0.0393 -0.0095
 -0.1654 -0.0094 -0.0255  0.242   0.1813  0.3224 -0.2321  0.1864  0.035
 -0.1886 -0.0539 -0.2849  0.119   0.2481  0.1167 -0.3165  0.2141  0.0626
 -0.136   0.0055  0.2358  0.0136  0.1582  0.0789  0.0437 -0.0283 -0.0637
 -0.3417 -1.197  -0.0687  0.2478  0.007   0.0314  0.2307  0.2027  0.0107
 -0.2402  0.1169 -0.5536  0.2797 -0.0147  0.131   0.1251 -0.256   0.1549
  0.1782 -0.1706 -0.4518 -0.1039  0.196   0.151   0.177  -0.0373  0.1703
 -0.3244  0.2707 -0.3044 -0.4187  0.1575  0.0847  0.1766  0.0077 -0.3619
 -0.2387  0.4011 -0.35    0.0535 -0.3589 -0.0527 -0.035   0.2855  0.0887
 -0.1769  0.0524  0.0483  0.1035  0.1405  0.4721  0.1396  0.1219  0.1517
 -0.1972 -0.1954 -0.2657  0.2114 -0.0162  0.0557  0.1661  0.2149 -0.217
  0.2784 -0.4937  0.0352 -0.4408 -0.1369  0.1461 -0.0625 -0.2828  0.0198
  0.131   0.039   0.0802 -0.253   0.0999 -0.0635 -0.3225  0.4169 -0.0781
  0.0268  0.0699 -0.1069]","[-4.77233334e-02  3.08470004e-01  5.85366665e-01  1.95239997e-01
 -9.33100001e-02 -2.04276665e-01 -2.40333373e-02 -1.36213332e-01
  2.90840002e-01  3.15796663e-01  6.81533315e-02  8.66500015e-02
 -1.91696665e-01 -5.31366631e-02 -5.76403339e-01 -2.06700010e-02
  1.69460001e-01  1.63159999e-01 -3.61659998e-01 -1.50913327e-01
 -2.43826667e-01  1.90620001e-01 -6.38079997e-01 -1.21006664e-01
  1.04126664e-01 -1.00799995e-02  1.78773336e-01 -8.54600017e-02
  1.68956668e-01 -6.53466654e-02  2.41100001e-01 -1.41053332e-01
 -6.60766675e-02 -9.13166675e-02 -7.17866650e-02  8.11833329e-02
 -8.29466615e-02  4.41900001e-02  3.90853326e-01 -2.46343332e-01
  5.72599988e-02 -1.55460002e-01 -1.88773335e-01  1.52143336e-01
 -4.57066645e-02 -2.31166607e-02 -1.65673337e-01 -1.61866676e-02
 -1.99636667e-01  6.85933346e-02  2.38956668e-01 -7.52433314e-02
  2.21003336e-01  1.09019996e-01 -8.39299996e-02 -7.49533330e-02
  3.72316670e-01 -2.34800000e-01  2.85029998e-01  4.47599969e-02
 -2.30633359e-02 -4.16566694e-02  7.44866665e-02 -1.90066651e-02
  1.25546667e-01 -1.46116662e-01  1.31119997e-01  1.37666667e-02
 -4.71033308e-02  2.11070001e-01 -3.17436669e-01  5.10399981e-02
 -1.69903334e-01 -6.37466664e-02 -1.61943332e-01 -1.78503338e-01
 -2.88009997e-01 -3.43979991e-01  1.51240000e-01 -6.76213336e-01
 -1.89943334e-01  3.18443336e-01 -4.34583329e-01 -6.60333324e-02
  1.90836669e-01 -1.12930000e-01 -1.20946667e-01  8.90366667e-02
  3.76356663e-01  2.73136668e-01  1.20306667e-01  1.67346663e-01
 -2.72806670e-01  4.05899989e-02  6.94733357e-02 -2.81506663e-01
 -4.49456668e-01 -1.10413331e-01 -3.59896664e-01 -2.03549998e-01
  2.91333385e-03  4.00253337e-01  2.22066675e-02  4.16633347e-02
  3.32433330e-02  6.52086668e-01 -2.11409999e-01 -9.35866666e-02
 -2.04080004e-01 -1.58943337e-01 -2.81439998e-01  8.58833342e-02
 -4.61200029e-02 -1.38363336e-01 -8.65133360e-02  4.23816669e-01
 -3.27986669e-01  2.99820003e-01 -1.66033333e-02  1.89033346e-02
  1.35593332e-01 -2.02276664e-01  1.15573332e-01 -9.54599997e-02
 -1.40953335e-01  1.66046668e-01  3.49666832e-03  6.85399970e-02
 -1.45546668e-01  1.67386664e-01 -2.65900000e-01 -4.39333354e-02
  5.57633304e-02  1.69920000e-01  3.03333315e-02 -9.61266696e-02
  1.77363332e-01  6.18299962e-02 -9.70066672e-02 -1.08686670e-01
  9.35166678e-02 -8.04033333e-02  2.36623333e-01  1.73233333e-02
  5.06109997e-01 -1.04353333e-01 -9.39200007e-02  2.67536666e-01
  1.60766660e-02  3.68667004e-03  7.20332991e-03 -2.83099988e-02
  2.11899988e-02 -1.51013331e-01  7.39449996e-01 -1.83036665e-01
 -1.01299970e-02 -1.00933338e-02 -1.90776668e-01 -5.91466632e-02
 -3.60726665e-01 -5.49600020e-02 -2.90056670e-01  1.12406671e-01
  2.08780002e-01  1.67096665e-01 -2.21609999e-01 -3.19813336e-01
 -2.77436669e-01  2.78253333e-01 -6.21133312e-02 -1.68363334e-01
 -6.36866656e-02 -5.80001444e-04  1.87286668e-01  2.54413332e-01
 -6.75999673e-03  6.73333209e-03 -4.18113327e-01  3.03399980e-02
  7.32166661e-02 -7.76866678e-02  9.04966624e-02  2.00873333e-01
  2.85250006e-01 -1.32700024e-02  1.88566667e-01  3.18800007e-02
  1.30766695e-02 -1.66409999e-01 -5.87833346e-02  1.28026668e-01
  1.86946665e-01  4.80766659e-02  2.33296667e-01 -1.91136665e-01
  2.51999996e-01  2.15589997e-01 -1.12220002e-01 -1.18733342e-02
 -2.84596670e-01  2.71026670e-01  2.03156668e-01  9.54966656e-02
 -1.94923337e-01  1.56216668e-01  9.40599995e-02  2.92666628e-02
 -1.07073335e-01  2.02253333e-01 -4.98666586e-03  1.43750002e-01
 -4.06666461e-03  6.87766652e-02  3.24090005e-01 -1.77863331e-01
 -5.70133306e-02 -1.86250000e+00 -1.39770000e-01  2.17649997e-01
 -2.55066682e-02 -9.51666593e-03  1.53483333e-01  3.37900004e-01
  6.93433326e-02 -3.76840002e-01 -9.92233334e-02 -2.67993338e-01
  2.90430001e-01  1.22460000e-01  2.20963334e-01  9.33500015e-02
 -4.41806672e-01  9.52733330e-02  2.59433352e-02 -1.45720000e-01
 -7.35959987e-01 -4.62033340e-02  2.16033321e-02  1.72173332e-01
  4.95099999e-02  1.39406667e-01  1.75053335e-01 -6.82373335e-01
  1.05246670e-01 -3.29446668e-01 -3.72993334e-01  2.19150001e-01
 -1.91499998e-01 -1.08406665e-01 -2.25133336e-02 -6.38820002e-01
 -1.33633338e-01  4.06519997e-01 -8.86666632e-02  2.57793332e-01
 -1.70823340e-01  1.49800003e-02  8.02933330e-02  2.76416664e-01
 -1.66633354e-02 -3.53393333e-01  1.31823332e-01 -1.32529997e-01
  4.92633322e-02 -1.15256666e-01  8.28699982e-02  1.32156666e-01
  2.00543337e-01 -4.81333312e-02 -1.72290002e-01 -3.99999949e-03
 -1.91930003e-01  5.62233341e-02 -1.75300005e-02  4.21066671e-02
  1.64233329e-01  1.30093334e-01 -1.98469996e-01  2.28296667e-01
 -1.18689997e-01  8.77666640e-02 -3.75513332e-01 -9.59733325e-02
  1.99433332e-02 -1.71816664e-01 -1.92966663e-01 -9.74133365e-02
 -1.10690000e-01  1.23950002e-01  6.78000195e-03 -1.08693330e-01
 -1.13913333e-01  5.25200000e-02 -5.68553329e-01  3.87226669e-01
 -1.87390000e-01  1.38876665e-01 -1.05766678e-02 -8.19966639e-02]"
