aspect,aspect_vecs,cluster_main_vecs
展示,"[ 0.1783  0.0593  0.5218  0.0042  0.1033 -0.2158 -0.1181 -0.2083 -0.1176
 -0.0468  0.1871  0.0735  0.0397 -0.1239  0.0523 -0.2019  0.0668  0.0013
 -0.0219 -0.0464 -0.1055  0.0032  0.0459  0.043  -0.0885  0.0586 -0.171
  0.1777 -0.2741 -0.1231 -0.2639 -0.1974 -0.1525  0.2101  0.0197 -0.1108
 -0.1661 -0.4291  0.0619  0.3634  0.0963 -0.0119  0.1109 -0.2321 -0.0928
  0.0087  0.3742  0.1869  0.0362  0.1085  0.0597  0.1215 -0.1621  0.1054
  0.1884  0.0857  0.1151 -0.2498  0.1979  0.1148  0.0043 -0.0103 -0.1573
 -0.2164 -0.0596 -0.085  -0.0744  0.3578 -0.0484 -0.1211 -0.2287 -0.5091
 -0.1489  0.2353 -0.0283 -0.1188 -0.0989  0.0284 -0.2768 -0.0193 -0.0144
 -0.104  -0.2177 -0.113   0.2161  0.1007 -0.0585  0.0349 -0.0557 -0.0714
 -0.2786  0.0704 -0.2965  0.325  -0.1314 -0.1048 -0.1396  0.2645 -0.1124
  0.0404  0.0822  0.4327 -0.2145 -0.0781  0.0142  0.1002  0.1179 -0.1777
 -0.0387 -0.0432 -0.2914 -0.1666  0.2069  0.0227  0.2332  0.2013  0.1482
  0.4531  0.1062 -0.3392  0.0719  0.1547  0.2035 -0.0456  0.1     0.1905
 -0.1274 -0.205   0.1815  0.0884  0.1797 -0.1827 -0.2265  0.005   0.1059
  0.4886 -0.05    0.0666 -0.0017  0.2079  0.1562 -0.184   0.0654  0.1932
  0.1958  0.0643 -0.3944  0.0822 -0.0319 -0.0538  0.1853  0.1972 -0.1482
 -0.1029  0.6276 -0.2398  0.0898  0.3086  0.2638  0.0755 -0.1656 -0.017
 -0.0946 -0.321   0.4239  0.008   0.0127 -0.4732  0.0963  0.0053 -0.2214
  0.1084  0.0459  0.0273 -0.128   0.1622  0.3352 -0.0659 -0.1116  0.1008
 -0.01   -0.1628 -0.2515  0.0514  0.1631  0.4103  0.1112  0.3052  0.1124
 -0.1813  0.3562 -0.1429  0.3067  0.0037  0.056   0.0557  0.1141  0.2006
 -0.0446  0.0934 -0.2295  0.0366  0.     -0.1274 -0.1253  0.057  -0.0311
  0.1988 -0.0426 -0.2145 -0.2855 -0.1393 -0.1109 -0.0931 -0.2766 -0.3932
 -0.1995 -0.7385  0.1942  0.0935 -0.0924  0.0294  0.0735  0.1961  0.0161
 -0.3368  0.1366 -0.0012  0.0943 -0.094   0.2081  0.0549 -0.2486 -0.2709
 -0.104  -0.0073 -0.327   0.0302  0.0803  0.1134  0.2372 -0.2657  0.176
 -0.369   0.0532 -0.4307  0.0221 -0.3049  0.1414  0.3116 -0.0806 -0.349
 -0.0076  0.0085  0.0082  0.1023 -0.0587 -0.0212  0.3892 -0.2967  0.0011
 -0.1218 -0.0363 -0.0635 -0.1394 -0.1276  0.1119 -0.0875 -0.2491  0.0312
 -0.1689  0.1081 -0.025  -0.0496 -0.1703  0.0244  0.064   0.2001  0.0059
 -0.2764  0.5554 -0.2188 -0.2018 -0.0173  0.2134  0.0888 -0.2561 -0.1678
  0.2407  0.124  -0.3379 -0.0325 -0.1808  0.3229 -0.0128 -0.0426 -0.127
  0.1088  0.2265 -0.0075]","[ 4.25161297e-02  1.81032261e-02  3.81567740e-01  7.96000006e-02
 -9.30967816e-03  2.42903246e-03  6.75161389e-03  2.16419366e-02
 -2.85064526e-02  6.55935483e-02  1.30216129e-01  6.39096767e-02
  3.32419353e-02 -8.76645154e-02 -1.29448387e-01 -1.24258060e-02
  4.54838718e-03 -5.72129046e-02 -8.43645158e-02  1.50322587e-02
  3.76032248e-02  5.37548386e-02 -4.96032258e-02 -1.26838703e-02
  3.21483870e-02  3.19355077e-04  5.58064526e-02 -1.18838706e-02
 -4.40709678e-02 -6.44516125e-02 -6.75645163e-02 -3.21000016e-02
 -2.47774202e-02 -3.02419357e-02  9.95806465e-03 -3.01516126e-02
 -3.57516125e-02 -1.99548381e-02  3.73483887e-02  1.01538711e-01
 -6.83870913e-03 -2.91064519e-02 -2.62806449e-02 -2.71483871e-02
 -6.48322574e-02 -3.12612902e-02  2.51258058e-02 -2.07774184e-02
  2.43870969e-02  6.95161282e-02  3.37483866e-02 -4.45129025e-02
  3.29096772e-02 -2.64774182e-02  5.20193549e-02 -1.70870960e-02
  8.10419343e-02 -1.31796774e-01  6.66838720e-02  1.10477420e-01
  2.26064514e-02 -3.10032269e-02 -4.91741938e-02  2.43193545e-02
  3.60096781e-02  3.31903231e-02 -9.43225865e-03  6.79548393e-02
 -1.06025807e-01  1.35258064e-01 -7.29548386e-02 -1.37048389e-01
 -5.99999991e-03  3.53871061e-03  1.61645159e-02 -1.14538709e-01
 -9.46935480e-02 -1.87354850e-02 -7.95354844e-02 -4.93548438e-03
 -6.04516124e-03  4.42193542e-02 -8.05225816e-02 -1.69645170e-02
  9.62580701e-03  3.51096768e-02  6.16129016e-03  3.54677429e-02
 -1.54903231e-02 -3.39193541e-02 -2.07838716e-02 -6.23806451e-02
 -5.74548389e-02  6.33903230e-02  1.04483869e-02 -3.92032261e-02
 -8.52548381e-02  4.79612901e-02 -3.99032255e-03  7.49032260e-03
 -2.49967748e-02  3.05861293e-01 -4.16032251e-02 -1.77354835e-02
  2.01258066e-02  1.47525806e-01  3.71000002e-02 -3.70580646e-02
 -6.18516130e-02  2.61129036e-02 -2.39587095e-01 -5.94774198e-02
  2.20032252e-02 -7.06451619e-03  5.70967597e-03  5.85516125e-02
 -4.41612888e-03  4.34709682e-02  1.70632259e-01 -9.99903231e-02
 -2.47354835e-02  2.98935478e-02  3.76064519e-02 -4.14032256e-02
 -9.35483303e-04  4.38709659e-03  9.24193619e-03  5.76387114e-02
  1.01645160e-01 -4.03451631e-02 -1.05387091e-02 -2.44999999e-02
  1.23451607e-02 -3.86774201e-02  5.16451610e-03  1.30677400e-02
 -2.24516124e-02  6.48419351e-02 -9.97290323e-02  5.14741938e-02
  5.00548388e-02  8.70964159e-05  5.25322575e-02  5.68483877e-02
  2.03583871e-01  1.98741940e-02 -6.77032264e-02  9.87677406e-02
  2.44838726e-03 -3.40129048e-02  7.61677419e-02  2.05161301e-02
 -2.27258069e-02  4.12903155e-03  2.47238710e-01 -8.30935476e-02
  1.84322583e-02  5.19580647e-02  5.74774197e-02  1.56870961e-02
 -1.89806456e-02 -2.37806450e-02 -7.23870946e-03 -1.06267742e-01
  1.18641935e-01  1.29677470e-03 -5.26387093e-02 -8.21870974e-02
 -1.71548383e-02  5.00483849e-02 -7.25064511e-02  3.48290320e-02
 -2.44193543e-02  1.27451619e-02  1.64483870e-02  1.45160082e-04
  1.93871011e-03  7.06774190e-03 -3.00322647e-03  3.45580646e-02
 -5.34161300e-02 -3.39322586e-02 -1.17003227e-01  1.69032258e-02
  1.81387099e-02  4.83451603e-02 -5.05354848e-02  2.32912903e-01
  4.79645163e-02 -5.91000019e-02  4.34387106e-02 -6.83870924e-03
  1.50312905e-01  8.58065199e-04  9.42548378e-02  1.76967742e-02
  5.30064519e-02  3.61903225e-02  5.84903234e-02  5.91290315e-02
 -2.98903227e-02  1.54225809e-02  2.08548391e-02  1.22451609e-02
  1.72580641e-02 -5.98709671e-02  6.72129041e-02  1.98193540e-02
  3.11709684e-02 -6.07451622e-02 -8.02129037e-02  2.23161296e-02
 -4.31483868e-02 -7.57419150e-03 -2.44483869e-02 -4.84709672e-02
 -4.10709688e-02 -6.28064520e-01  4.42290321e-02 -2.59677420e-02
 -7.83225911e-03  1.91258068e-02  4.16935488e-02 -3.13741935e-02
  2.33709672e-02 -8.20096776e-02  3.96870966e-02 -1.90806450e-02
  5.50354837e-02 -5.36096762e-02  8.31548388e-02 -2.80870961e-02
 -2.75635484e-01 -6.44258067e-02  4.21677427e-02  3.37322574e-02
 -2.96109678e-01  1.17935482e-02  7.17032266e-02  6.63516127e-02
  3.94903217e-02  3.73322571e-02  9.91612831e-03 -2.02283868e-01
  7.52193533e-02 -2.10264518e-01 -6.95096765e-02  2.34967734e-02
  4.46580629e-02 -2.38967739e-01  1.56000006e-02 -2.54600000e-01
  8.67741085e-04  4.67516122e-02 -1.25225803e-02  4.32387103e-02
 -7.93870968e-02 -1.46387099e-02  1.20322581e-01 -2.22483872e-02
 -5.41612999e-03 -4.94612891e-02  2.26774263e-03 -6.93871019e-03
 -4.87096765e-02 -1.82774183e-02  1.05325804e-01  1.04000004e-02
 -3.57032267e-02  3.60903223e-02 -4.71709668e-02  1.14258045e-02
  2.36290326e-02  4.14193544e-02 -5.07225794e-02 -9.13870954e-03
 -1.07064515e-02 -3.21612925e-03 -7.80774198e-02 -8.00516127e-02
  2.20116129e-01 -6.66129063e-03 -3.14677420e-02 -5.86548378e-02
 -6.70645093e-03 -3.33129016e-02 -4.61741942e-02 -6.41612929e-03
  8.79451614e-02  2.19999982e-02 -9.43548398e-02 -5.58967743e-02
 -1.41200000e-01  1.80167742e-01 -1.73064513e-02  2.74032262e-02
  2.73935478e-02  6.08387095e-02 -1.74516121e-03 -5.43064513e-02]"
徒歩,"[-0.2136 -0.2079  0.0218 -0.0594 -0.0878  0.2723 -0.1074 -0.2821 -0.0607
 -0.2294  0.1515  0.0067 -0.3027 -0.3399 -0.5513  0.1049 -0.1197 -0.0375
 -0.1825  0.1866  0.2568  0.0925 -0.0172  0.0135  0.0179 -0.1741  0.2033
 -0.0216  0.1079 -0.0718  0.2374 -0.0084 -0.3688 -0.2653  0.2737  0.0551
  0.1813  0.0748  0.0932 -0.3195 -0.1851  0.091  -0.2375 -0.0096  0.0306
  0.3672 -0.0528 -0.2343  0.0103 -0.1272 -0.06    0.0431  0.028   0.4879
 -0.0783 -0.2184  0.2651  0.0033  0.0522 -0.0204 -0.0311 -0.2134 -0.0907
 -0.2292  0.2007 -0.1841  0.0503 -0.0122 -0.2422  0.0165  0.1712  0.3357
  0.1877 -0.2656  0.1558  0.0016 -0.1509 -0.1087 -0.1979 -0.1265  0.1509
  0.1285 -0.0833 -0.0885  0.0666 -0.0105  0.0302  0.0775  0.0887 -0.3832
 -0.0826  0.0385  0.0461  0.0938  0.1769  0.1247 -0.4133  0.1068  0.0618
  0.0044 -0.0791  0.6608 -0.1407  0.0189 -0.0625  0.5093  0.2387  0.17
 -0.1984  0.1925  0.3085 -0.0423  0.2641 -0.1941 -0.2223  0.221   0.3213
 -0.0485  0.2291  0.0373 -0.0245  0.0401  0.0771  0.0293 -0.3114 -0.0353
  0.1006 -0.0796 -0.1002  0.004   0.0592 -0.0542 -0.1105  0.1755  0.0239
  0.0964  0.1259  0.2588 -0.2825 -0.0412 -0.1665  0.0532  0.2245 -0.045
  0.4525 -0.019  -0.1764  0.1837 -0.0242 -0.0636  0.0264 -0.0383  0.2247
 -0.0017  0.2109 -0.2803  0.0212 -0.2879 -0.1098  0.2265 -0.0123  0.0156
  0.1373  0.2792  0.028   0.1467 -0.1317  0.1787 -0.0959  0.2065  0.0692
  0.0498  0.3367  0.0178 -0.0394  0.1048 -0.0531 -0.1392 -0.0578  0.1873
 -0.136  -0.3014 -1.1036  0.3032  0.1073  0.1387 -0.1352  0.432   0.055
  0.0643  0.1597 -0.0662  0.0605 -0.0065  0.3185 -0.15    0.0952  0.0946
 -0.0258  0.2492 -0.1193  0.0636  0.2057  0.0949  0.2037 -0.1187 -0.0067
  0.9421 -0.0885 -0.0131 -0.0787 -0.0336 -0.1949 -0.2777  0.5552 -0.2268
 -0.0334 -1.1169  0.1271 -0.1467  0.1303 -0.0294  0.0225  0.0116  0.052
 -0.3552 -0.038   0.1381  0.1934  0.0769  0.2074 -0.2597 -0.2925 -0.0591
 -0.0284 -0.2311 -0.4735  0.0516  0.0991  0.4274 -0.1455 -0.0888  0.1474
 -0.3342  0.0929 -0.4156 -0.0355 -0.1812 -0.0912 -0.9298 -0.1649 -0.0118
 -0.1127 -0.0852  0.0325  0.1887 -0.4307  0.0267 -0.0931 -0.0502  0.0373
 -0.1103 -0.0643 -0.1571  0.0911  0.0578 -0.4043  0.1572  0.0813  0.092
 -0.1187 -0.225   0.0479 -0.0431  0.1353  0.0154 -0.1858  0.1318 -0.0501
 -0.046   1.1023  0.1241 -0.021   0.0654 -0.2159 -0.015   0.1038  0.0876
 -0.2202 -0.1278  0.0706  0.0859 -0.0516  0.258  -0.5926 -0.0916 -0.1853
  0.3075 -0.0662  0.4678]","[-1.50949999e-01 -1.59350000e-01  2.36100001e-01 -4.79999993e-02
 -2.85500027e-02  2.86650009e-01 -1.29050003e-01 -3.78849991e-01
  1.92000028e-02 -1.18349997e-01  4.92000021e-02  2.12499974e-02
 -2.95000014e-01 -2.69999992e-01 -4.45649990e-01  1.43900003e-01
  2.86000017e-02 -6.18500020e-02 -1.85800002e-01  6.03499999e-02
  2.23000001e-01  1.06149999e-01 -3.19849998e-01  7.36500002e-02
  5.70499999e-02 -7.27999974e-02  1.97400000e-01 -2.79000001e-02
  8.76000002e-02 -1.25700001e-01  2.06499998e-01 -5.68000008e-02
 -1.43450007e-01 -3.51500003e-01  3.04150007e-01  1.21499989e-02
  1.29350001e-01  8.93499991e-02  6.92999996e-02 -2.69199997e-01
 -9.89000015e-02  1.04999989e-02 -1.79849999e-01  3.34999990e-03
 -2.91499994e-02  3.14599995e-01  1.82999987e-02 -1.24449998e-01
  1.10450000e-01 -1.97250000e-01 -1.08499993e-02  6.19500000e-02
  1.20700004e-01  4.14550003e-01 -8.69999966e-03 -1.23050000e-01
  1.72200001e-01 -7.04499986e-02  5.22000007e-02  2.29999982e-03
 -1.09949999e-01 -9.48000029e-02 -2.18999996e-02 -9.55000520e-03
  5.39999828e-03 -2.06500005e-01  3.78500018e-02  1.08400001e-01
 -1.22500001e-01  1.61499999e-02  1.93300005e-01  1.92850002e-01
  1.16700000e-01 -2.90349998e-01 -9.99999978e-03  4.60999994e-02
 -1.03850002e-01 -1.15899999e-01 -7.50999972e-02 -1.74649999e-01
  3.02500017e-02  1.58199999e-01 -7.73000009e-02 -9.75000003e-02
  6.80500017e-02  6.51500016e-02  4.69500006e-02  8.07999996e-02
 -1.86500035e-02 -2.73549996e-01 -1.01900000e-01 -9.24000014e-02
  1.24150001e-01  7.15500005e-02 -2.09999830e-03  4.50002030e-04
 -4.72900003e-01  1.14200000e-01  9.84499995e-02 -7.50499982e-02
 -1.06949996e-01  5.28899991e-01 -1.65749999e-01 -3.83000011e-02
 -4.48999992e-02  4.18099999e-01  8.56500044e-02  7.40500018e-02
 -1.04800003e-01  9.28999968e-02  1.50949996e-01 -1.19400004e-01
  3.30099985e-01 -1.82800002e-01 -1.26899996e-01  7.50000030e-02
 -1.33000053e-02 -1.58200003e-01  2.60699999e-01  5.28500024e-02
 -2.58499994e-02  8.18499997e-02  1.00200001e-01  6.81999959e-02
 -3.02649997e-01  6.29999861e-03  6.01499993e-02 -5.20499982e-02
 -2.18549998e-01 -7.37999997e-02  8.57999995e-02 -5.19999999e-02
  3.97000015e-02  2.63350002e-01  9.51500004e-02  2.35700000e-01
  1.72450002e-01  2.53199998e-01 -1.68849999e-01 -7.50000002e-02
 -1.08500002e-01  7.41499960e-02  2.09800002e-01 -2.67500002e-02
  5.08949984e-01 -3.40500004e-02 -2.13450002e-01  5.44500016e-02
  1.34499995e-02 -7.73500027e-02  6.69500008e-02 -8.30999995e-02
  3.04850003e-01  2.78000007e-02  3.05949992e-01 -2.49949988e-01
  7.67999990e-02 -1.60300001e-01 -7.49500021e-02  1.45600001e-01
  5.43500017e-02 -3.01999999e-02  1.00500001e-01  1.71199992e-01
 -1.55849999e-01  1.56150000e-01 -2.60150000e-01  1.74699999e-01
 -5.57000004e-02  1.65849999e-01 -7.20499977e-02  9.74000003e-02
  3.68099995e-01 -5.62000014e-02 -1.17000006e-02  2.20800001e-01
 -1.36750003e-01 -5.70500009e-02 -1.07950000e-01  1.56900000e-01
 -6.24500038e-02 -4.13299997e-01 -7.37750020e-01  3.08550008e-01
  8.77000010e-02  1.15199998e-01 -1.00499997e-01  2.27000006e-01
 -2.41500009e-02  1.94999995e-02  1.07050005e-01 -3.14000016e-02
  1.70149991e-01 -7.69999977e-02  2.19900006e-01 -1.98950000e-01
  1.48550000e-01  1.27399999e-01 -1.85500005e-02  2.00149998e-01
 -2.50850003e-01  1.37300001e-01  2.25949999e-01  1.18349999e-01
  1.53850004e-01 -9.54999980e-02  7.22500002e-02  8.62099990e-01
 -1.49000003e-02 -7.04999920e-03 -7.55499993e-02  1.15900001e-01
 -2.57750001e-01 -1.90100003e-01  4.89049988e-01 -2.97349997e-01
  2.81999987e-02 -1.19225000e+00  7.78500009e-02  5.53500056e-02
  2.09750002e-01 -2.47500008e-02 -5.30000031e-03  4.81999987e-02
  1.43200003e-01 -2.23599998e-01  6.11500014e-02  1.15749996e-01
  1.71699999e-01  1.13850000e-01  1.77100001e-01 -1.39550000e-01
 -2.42599997e-01 -1.09549996e-01 -2.21500001e-02 -1.69049997e-01
 -4.73250003e-01  3.86000015e-02  1.50249999e-01  3.61849990e-01
 -1.17800003e-01 -2.95999993e-02  2.65950009e-01 -3.87900002e-01
  5.66000007e-02 -3.43250003e-01 -1.88500015e-02 -1.17899998e-01
 -2.10400004e-01 -8.12249988e-01 -2.29350004e-01 -1.81099997e-01
  1.22000007e-02 -1.33099996e-01  7.04000005e-02  2.06100006e-01
 -2.77400000e-01  4.28999993e-02 -8.65499973e-02  8.35500024e-02
  1.13200000e-01 -8.79999986e-02  2.29000007e-02  1.63999964e-02
 -2.74999999e-03  5.90000011e-02 -3.03649999e-01  1.46199997e-01
  1.38900004e-01  3.17000002e-02 -1.34300000e-01 -8.71499963e-02
  2.86999997e-02 -6.74500018e-02  4.88999970e-02  3.67500004e-02
 -1.02900000e-01  2.41999980e-02 -1.38349999e-01 -1.83000006e-02
  6.08400024e-01  1.50249997e-01 -3.49999976e-03  7.66499981e-02
 -1.38000001e-01 -1.07900003e-01  3.12999999e-02  8.15000003e-02
 -1.95150001e-01 -4.06500008e-02  1.42600005e-01  1.10099999e-01
 -1.01950001e-01  1.52449994e-01 -5.87499995e-01 -7.17500001e-02
 -2.42399998e-01  2.76699997e-01 -3.02000018e-02  3.81149992e-01]"
明治,"[ 2.091e-01 -2.163e-01  3.655e-01  2.870e-02 -2.900e-03  1.434e-01
 -8.300e-03  7.910e-02  4.156e-01  4.700e-03 -9.020e-02 -1.021e-01
 -2.876e-01  4.100e-03 -5.928e-01  1.681e-01  7.770e-02 -1.968e-01
 -2.918e-01 -7.010e-02 -1.879e-01 -1.730e-01 -1.303e-01 -1.030e-02
  2.161e-01 -6.120e-02  4.412e-01  7.750e-02  2.990e-02 -1.521e-01
 -2.845e-01 -1.781e-01 -8.130e-02 -2.759e-01  2.309e-01 -1.575e-01
  1.490e-02 -2.599e-01  9.400e-03  1.600e-01  4.410e-02 -9.430e-02
 -1.481e-01  9.810e-02  5.400e-02  2.185e-01 -1.031e-01  1.388e-01
 -2.567e-01 -7.630e-02  1.529e-01 -1.165e-01  8.470e-02  2.138e-01
  1.084e-01  4.416e-01  2.165e-01  2.290e-02 -2.350e-02  1.398e-01
 -1.534e-01 -1.880e-02 -2.236e-01 -1.893e-01  2.687e-01  3.360e-01
 -1.020e-01 -8.180e-02 -3.115e-01 -3.695e-01 -1.091e-01 -3.964e-01
  9.710e-02 -3.195e-01  1.255e-01 -1.432e-01 -6.490e-02  1.236e-01
  2.827e-01 -2.502e-01  3.189e-01 -4.200e-02 -4.942e-01  2.016e-01
 -5.540e-02  2.475e-01  3.641e-01 -2.234e-01  2.081e-01  6.640e-02
  1.280e-01 -2.579e-01 -5.430e-02  2.235e-01 -2.322e-01  1.614e-01
 -7.121e-01  8.960e-02 -3.030e-01 -6.270e-02 -1.400e-01 -1.999e-01
  1.952e-01  1.857e-01  2.037e-01  5.074e-01  1.402e-01  8.260e-02
 -2.296e-01 -1.092e-01  2.094e-01  3.090e-01 -4.720e-02 -2.983e-01
 -1.400e-01  2.603e-01 -2.083e-01 -5.260e-02  1.820e-01  2.820e-02
  1.184e-01 -7.080e-02  1.287e-01 -2.488e-01 -2.342e-01  7.540e-02
  1.785e-01  1.737e-01  3.819e-01 -4.586e-01 -3.540e-01 -3.640e-02
 -6.120e-02 -2.280e-01  4.240e-02 -4.994e-01  1.479e-01  3.940e-02
  5.620e-02  8.900e-03  9.730e-02 -3.695e-01  2.945e-01 -3.610e-02
  1.102e-01  6.480e-02  1.900e-02  3.954e-01  2.154e-01  1.298e-01
  1.560e-02 -5.150e-01 -1.800e-01  5.000e-04  8.330e-02 -4.360e-02
  9.110e-02 -4.640e-02 -1.474e-01  8.370e-02 -1.867e-01  9.200e-03
  3.262e-01  5.959e-01 -1.760e-02  2.014e-01 -8.040e-02  1.567e-01
 -1.892e-01 -3.790e-02 -1.793e-01  4.510e-02 -2.449e-01 -5.620e-02
  7.190e-02 -1.439e-01 -3.060e-02 -6.380e-02 -1.028e-01 -9.930e-02
  3.809e-01  5.470e-02 -3.465e-01 -1.913e-01  1.154e-01 -7.000e-04
 -5.236e-01  6.000e-03  4.960e-02 -1.902e-01 -1.437e-01 -1.550e-02
 -2.702e-01 -1.857e-01  4.720e-02  2.429e-01  3.703e-01  7.130e-02
 -2.464e-01 -1.336e-01 -4.510e-02 -6.910e-02  2.508e-01  4.651e-01
  1.876e-01  2.363e-01 -6.780e-02 -2.664e-01  1.430e-01 -1.224e-01
 -1.012e-01 -1.306e-01 -2.773e-01  1.217e-01  7.669e-01 -6.700e-03
  2.031e-01 -1.105e+00 -1.938e-01 -8.790e-02  1.169e-01  2.860e-02
 -1.101e-01 -1.590e-02 -2.540e-01 -1.651e-01 -2.325e-01  3.809e-01
  1.964e-01  1.051e-01  2.998e-01 -1.137e-01 -2.360e-02 -2.587e-01
 -1.725e-01 -4.070e-02 -1.453e-01  2.174e-01  3.801e-01  1.944e-01
  1.001e-01 -1.451e-01  3.966e-01 -3.627e-01  9.090e-02 -1.130e-02
 -1.627e-01  1.815e-01 -1.395e-01 -2.299e-01  4.390e-02 -2.568e-01
 -9.980e-02  4.710e-02 -1.615e-01 -1.841e-01  1.813e-01 -1.262e-01
  3.268e-01  2.070e-02 -7.490e-02 -7.640e-02 -2.960e-02 -1.095e-01
  7.110e-02  5.520e-02  1.976e-01 -1.622e-01  2.450e-02 -2.350e-02
 -3.197e-01  8.290e-02 -1.922e-01 -9.190e-02  8.610e-02 -3.570e-02
  2.100e-03 -1.680e-02  1.157e-01 -1.097e-01  6.420e-02  1.272e-01
  1.482e-01 -9.320e-02  2.319e-01 -5.560e-02  1.342e-01  2.900e-02
  9.310e-02 -7.710e-02  1.606e-01  1.213e-01  5.090e-02 -1.289e-01
 -2.771e-01 -2.379e-01  2.141e-01 -2.490e-02  2.297e-01  2.052e-01]","[ 1.60199996e-01  3.96500006e-02  4.06900004e-01  2.16999999e-02
  6.07999995e-02  1.15499981e-02  6.59000012e-02  3.60499988e-02
  2.11700001e-01 -1.04899998e-01 -9.59500000e-02 -5.14999999e-02
 -1.36950005e-01  1.18500001e-02 -6.54050022e-01  3.77999991e-02
 -4.98999991e-02 -1.29449997e-01 -2.69249998e-01 -5.95500004e-02
 -1.04200004e-01 -1.46849997e-01 -1.34049997e-01  2.48499992e-02
  1.40650004e-01  9.70000029e-03  3.09799992e-01 -5.94500005e-02
  6.00499995e-02 -7.55999984e-02 -1.33800002e-01 -1.15150003e-01
 -1.12299997e-01 -1.52050003e-01  2.12850004e-01 -8.72999998e-02
 -1.72500010e-02 -9.76000018e-02  1.04800003e-01 -4.76000011e-02
  1.64699994e-01 -1.28350005e-01 -1.69500001e-02  1.28499996e-01
 -4.46499977e-02  2.41399996e-01 -2.06000004e-02  9.84999910e-03
 -3.32149997e-01 -8.82500000e-02  1.40299998e-01 -1.12749998e-01
  1.12199999e-01  1.23599999e-01 -6.85000047e-03  2.45699998e-01
  2.81950004e-01 -2.25500017e-02 -5.72499987e-02  1.59299999e-01
 -3.59000005e-02  8.04000003e-02 -1.02300000e-01 -1.41150001e-01
  1.26150002e-01  2.22199999e-01 -4.34999992e-02 -6.67000003e-02
 -2.81500012e-01 -2.67650008e-01 -6.01499993e-02 -2.15600003e-01
  8.96999985e-02 -2.78250001e-01  7.92499967e-02 -1.84699997e-01
 -6.53500035e-02  1.14650000e-01  1.13050001e-01 -2.51800001e-01
  1.68899994e-01 -8.55999980e-02 -4.20399994e-01  1.47750001e-01
 -8.83999988e-02  6.17000014e-02  1.70400005e-01 -1.78700000e-01
  1.97800003e-01  1.35500003e-02  1.43000007e-01 -1.44700000e-01
 -1.20900000e-01  3.16299997e-01 -1.16099998e-01  1.02550002e-01
 -7.65500009e-01 -5.87000027e-02 -2.17349999e-01 -5.01500014e-02
 -2.57299997e-01 -2.58900002e-01  4.65499982e-02  1.51299998e-01
  1.54700004e-01  4.73949984e-01 -4.28999960e-02 -2.56500021e-02
 -2.24199995e-01 -1.46849997e-01  2.31800005e-01  3.59549999e-01
  5.11999987e-02 -2.08299998e-01 -7.69000002e-02  2.12800004e-01
 -1.87849998e-01  1.84999984e-02  1.70299999e-01 -7.85000026e-02
  1.09049998e-01 -4.56999997e-02  4.28000018e-02 -4.78499979e-02
 -1.34650001e-01  5.10000065e-03  1.43449999e-01  8.63500024e-02
  5.12650013e-01 -2.75750007e-01 -2.57100001e-01  1.69999991e-02
  4.17500027e-02 -1.36800000e-01 -1.28000025e-02 -5.56099996e-01
  1.28400002e-01 -5.34999929e-03 -1.10850004e-01  3.19000008e-02
  3.32500003e-02 -2.12600006e-01  1.67649997e-01 -2.07000000e-02
  1.17350001e-01  1.09000001e-01 -1.29049999e-01  4.28999990e-01
  3.23999994e-01  1.55050002e-01 -7.74999987e-03 -4.37349990e-01
 -2.68350005e-01 -4.16500015e-02 -3.40999998e-02 -1.58300001e-01
  4.49499999e-02 -1.40099997e-01 -1.35150004e-01  3.35500007e-02
 -1.89500004e-01  1.61000001e-02  2.56500006e-01  5.05799994e-01
  7.05500022e-02  2.06550002e-01 -4.30999987e-02  9.42500010e-02
 -4.41499986e-02  3.11999992e-02 -2.19999999e-02  4.94999997e-03
 -5.97499982e-02 -2.21000006e-02  7.65000023e-02 -7.55000114e-03
 -4.90000006e-02  1.97499990e-02 -9.09999982e-02  1.90500021e-02
  2.32299998e-01 -1.24500003e-02 -3.10950011e-01 -1.18150003e-01
  9.82500017e-02  4.00000007e-03 -2.62249991e-01 -3.73500013e-02
  1.51849998e-01 -2.38550007e-01 -1.22950003e-01  5.02999993e-02
 -2.07350008e-01 -9.88999996e-02 -9.56999995e-02  8.23500007e-02
  3.10800001e-01  1.13100000e-01  1.83500051e-02 -7.21499985e-02
  5.00008464e-05 -6.89999945e-03  1.09050008e-01  3.73849988e-01
  1.57650001e-01  1.07400003e-01 -2.74999999e-03 -3.02300006e-01
  1.15400005e-01 -1.39799997e-01 -1.23500004e-02  3.17000002e-02
 -2.43349999e-01  3.54499985e-02  8.82450014e-01 -5.53999981e-02
  1.84900001e-01 -1.12035000e+00 -1.99100003e-01 -7.43999984e-02
  1.33699998e-01 -8.70000012e-02 -1.92500018e-02  9.09499973e-02
 -1.57150004e-01 -4.96999957e-02 -1.10800001e-01  3.70199993e-01
  1.50150001e-01  1.06249999e-01  1.37450004e-01 -3.75500005e-02
 -6.99000005e-02 -2.73400009e-01  8.90500024e-02  5.65000065e-03
 -2.04050004e-01  2.54999995e-02  1.93450006e-01  1.54599998e-01
  7.26500023e-02 -5.23499995e-02  3.93200010e-01 -4.79350001e-01
  2.47099992e-01 -4.27499986e-02 -8.02999987e-02  1.66850001e-01
 -1.06000002e-01 -2.84649998e-01  5.81500027e-02 -2.96399996e-01
  4.27000038e-02  4.00500000e-02 -5.63500039e-02 -2.20400006e-01
 -3.53999957e-02 -1.20350003e-01  2.30599992e-01 -8.84999968e-02
  1.33999996e-02  9.11500081e-02  1.04299997e-01 -1.93050001e-01
  7.91999996e-02 -8.88999980e-02  1.76700003e-01 -8.86500021e-02
 -8.31499984e-02 -1.52449997e-01 -2.17250001e-01  6.59000017e-02
 -1.84000000e-01 -1.58750001e-01  2.30149992e-01  3.46999988e-02
  8.96000013e-02 -6.19999971e-03  1.16200000e-01 -1.03000000e-01
  1.70099996e-01  2.87650004e-01  1.01400003e-01 -1.09899998e-01
  7.62000047e-02 -1.94549998e-01  3.47500034e-02 -5.84499985e-02
  7.84999989e-02  1.16849992e-01  4.01500016e-02  5.56999985e-02
  7.10000005e-02 -1.14000004e-01 -2.49799997e-01 -7.63500035e-02
  5.10499999e-02  1.00400003e-01  1.06400000e-01  1.79099999e-01]"
一葉,"[ 3.3600e-02  4.4580e-01 -9.1100e-02 -1.1520e-01  2.8110e-01 -7.8300e-02
  1.6000e-03  1.6590e-01 -1.0170e-01  1.9320e-01  2.0000e-02  7.5500e-02
 -2.6660e-01  1.4500e-01 -1.8550e-01 -2.0400e-02  8.0000e-02 -3.0660e-01
 -3.5990e-01 -3.9000e-02  1.3560e-01 -2.2320e-01 -7.3900e-01  1.9170e-01
  5.4900e-02  4.4700e-02  2.4970e-01  3.1590e-01  1.4280e-01 -2.3990e-01
  1.4410e-01  1.5370e-01  3.7200e-02  8.8500e-02 -1.9350e-01 -2.8770e-01
 -2.6300e-01 -1.9080e-01  5.1040e-01  1.6430e-01 -1.8210e-01 -4.2650e-01
  5.6000e-03  2.4700e-02 -1.3190e-01  1.1460e-01 -9.4500e-02  6.7500e-02
 -3.9500e-02  5.3300e-02  1.5360e-01 -1.8370e-01  5.3910e-01  3.1790e-01
 -1.6860e-01  3.7290e-01  2.2960e-01 -2.0520e-01 -2.9830e-01 -4.4290e-01
  3.0600e-02  8.5000e-02  1.6300e-02  6.8000e-03 -1.9580e-01 -3.0580e-01
 -4.8300e-01 -1.1400e-02 -1.6280e-01  9.0000e-04 -3.1980e-01 -1.5150e-01
 -1.2850e-01 -2.4940e-01 -2.2900e-02 -1.4400e-02  5.9800e-02 -2.8800e-02
  1.7490e-01  7.3300e-02  5.7110e-01 -1.2040e-01 -3.8990e-01 -5.0100e-02
  4.9980e-01  4.6100e-02 -9.1200e-02 -2.8820e-01  2.4720e-01  1.0980e-01
  1.4260e-01  9.5100e-02  6.0000e-04 -9.6100e-02 -1.9410e-01  5.0310e-01
 -4.2030e-01 -1.1820e-01 -1.9010e-01  1.5820e-01  5.1200e-02 -9.0300e-02
 -4.1200e-02 -9.0000e-04 -1.5930e-01  1.2920e-01  7.0100e-02 -3.8600e-01
 -4.6800e-01 -2.3780e-01 -3.6190e-01  4.4200e-02  7.3900e-02 -7.5000e-03
  1.3500e-02  7.2300e-02 -3.6490e-01  5.9300e-02 -3.4360e-01 -2.9190e-01
  2.4770e-01  1.1870e-01  1.8710e-01 -4.6270e-01  1.2480e-01 -2.5130e-01
  6.8800e-02  3.2790e-01 -3.4400e-02 -8.5900e-02 -5.7800e-02 -5.1340e-01
 -1.9310e-01 -2.5700e-02 -1.2610e-01 -1.8800e-01  5.5000e-02  2.5100e-02
  4.3480e-01 -2.0060e-01 -9.0200e-02 -2.0260e-01  6.8900e-02 -3.5800e-02
  5.7150e-01  1.2000e-02  1.2900e-02 -1.9460e-01 -2.1870e-01  2.1280e-01
 -2.8800e-02  1.6470e-01  6.1000e-02  2.1380e-01 -6.7300e-02 -1.9110e-01
  2.2520e-01  8.4700e-02 -2.4730e-01 -2.7500e-01  2.6290e-01 -2.4370e-01
 -1.7690e-01 -5.4100e-02 -9.5200e-02  2.6270e-01  8.2000e-02  1.4310e-01
  1.7340e-01 -2.8500e-02 -6.1000e-02 -8.4300e-02 -2.1570e-01  1.1970e-01
  2.6010e-01  1.0220e-01  1.5280e-01  1.6700e-02  4.3500e-02 -2.2100e-01
  1.1980e-01  1.2190e-01 -5.9700e-02 -5.0000e-02  9.1000e-03 -3.3650e-01
  1.5000e-02 -4.1600e-02  4.6000e-02 -4.7780e-01  3.5000e-02 -2.0860e-01
 -2.5870e-01  3.9900e-02 -3.3000e-02 -6.3800e-02  1.8170e-01  3.0590e-01
  1.0330e-01  9.7000e-03 -1.9830e-01 -1.9900e-02  3.6570e-01  4.1270e-01
  2.4220e-01  1.0540e-01  1.0130e-01 -4.1440e-01 -2.0280e-01  2.2400e-01
  1.4200e-02 -1.1010e-01 -9.5400e-02 -6.9000e-02 -5.0100e-02 -1.0550e-01
 -6.6430e-01 -1.0542e+00 -3.1800e-02  4.7900e-02  1.2400e-02  1.6900e-01
  1.0110e-01  4.3000e-02  2.4800e-01 -1.3160e-01 -2.1400e-01 -1.0090e-01
  2.2140e-01  3.0400e-01  1.8130e-01 -1.4090e-01 -3.5070e-01  5.0310e-01
  1.3140e-01  2.6440e-01 -4.7590e-01  3.3100e-01  3.1630e-01 -4.0000e-04
  2.8410e-01  1.1960e-01  1.5190e-01 -2.4790e-01  2.5100e-02  1.4340e-01
 -9.1700e-02  1.1680e-01 -2.2060e-01 -6.3660e-01  1.9380e-01 -2.2660e-01
 -7.0500e-02  1.0740e-01  2.7400e-02 -1.1090e-01  3.0660e-01 -3.0700e-02
  3.0060e-01  1.7950e-01 -3.0750e-01 -4.6780e-01 -3.2600e-02 -1.6990e-01
  1.2300e-01  3.4160e-01 -4.9200e-02  8.7200e-02  8.3000e-02  8.1800e-02
 -3.5870e-01  1.7090e-01  1.7090e-01 -9.7400e-02 -3.9400e-02 -2.1300e-02
 -1.5660e-01  1.5990e-01 -1.0800e-02  1.2830e-01 -1.3470e-01 -1.7300e-01
  7.6400e-02 -4.8540e-01  2.7000e-01  1.0000e-04  6.8000e-03 -4.4600e-02
 -8.4800e-02 -6.9480e-01 -4.1870e-01  1.0390e-01 -4.2400e-02 -2.5000e-03
  1.8980e-01 -3.5300e-02 -8.7200e-02 -3.3000e-03 -1.4010e-01 -5.1280e-01]","[ 1.74700003e-01  5.43500006e-01 -9.00999998e-02 -1.18799998e-01
  3.66600007e-01 -1.83899999e-01  1.21999996e-02  1.51200007e-01
 -1.94600001e-01  2.49800008e-01  2.12999996e-02  2.81999968e-02
 -3.24400011e-01  1.90000236e-03 -2.42999997e-01 -1.38000008e-02
  1.00399999e-01 -3.00600004e-01 -5.34999996e-01 -3.69000009e-02
  1.84400000e-01 -2.55199995e-01 -1.04200003e+00  2.04099997e-01
  6.15000017e-02 -5.00000007e-02  3.29199992e-01  4.00500000e-01
  1.30000004e-01 -3.41899991e-01  2.33599998e-01  2.26999991e-01
 -2.16999985e-02 -1.00699998e-01 -1.97699997e-01 -2.52299998e-01
 -3.27500008e-01 -2.91800000e-01  5.04899997e-01  3.09199989e-01
 -1.33199997e-01 -4.62899994e-01  7.59999994e-02 -3.93999964e-02
 -2.41200000e-01  1.95800006e-01 -2.06699997e-01  7.99000030e-02
  5.69999963e-03 -8.86000022e-02  2.79900014e-01 -2.36499995e-01
  4.54999991e-01  2.19000004e-01 -1.37699993e-01  3.45700009e-01
  2.21299998e-01 -2.88400002e-01 -2.39299998e-01 -4.02200002e-01
  1.86999999e-02  1.61800005e-01  2.74000000e-02  2.12999997e-02
 -1.27500005e-01 -4.29399990e-01 -5.08100010e-01  1.30700006e-01
 -7.82999992e-02  1.25299997e-01 -5.12099996e-01 -3.48800004e-01
 -8.76999982e-02 -2.88700003e-01 -9.00000054e-03 -8.10999963e-02
  2.62700006e-01 -1.46699999e-01  1.45199995e-01 -2.60000005e-02
  5.98699996e-01 -6.06999956e-02 -3.27000000e-01  6.20000064e-03
  6.80199996e-01  5.45000015e-02  4.49999943e-02 -2.51199991e-01
  2.22099997e-01  7.01000020e-02  5.47999963e-02  2.87000015e-02
 -1.49400006e-01 -1.88100003e-01 -1.36700008e-01  5.98899975e-01
 -5.69900006e-01 -1.69099998e-01 -2.22399998e-01  4.29999977e-02
  2.36799996e-01 -6.29000012e-02 -5.59000010e-02  6.93999979e-02
 -2.47699998e-01  2.59199992e-01  1.03100002e-01 -4.91700009e-01
 -5.37299998e-01 -3.34899999e-01 -4.51099999e-01 -3.29999998e-03
  4.28800002e-01 -1.75999994e-02 -3.23999980e-02  2.25900009e-01
 -5.12399986e-01  1.12300001e-01 -3.51000005e-01 -2.87600009e-01
  2.04300005e-01 -6.40000403e-03  1.88799993e-01 -4.85900009e-01
  2.60600001e-01 -2.64000007e-01  2.11600006e-01  3.67099993e-01
 -7.10000023e-02 -2.29000002e-02 -9.79999825e-03 -4.24100019e-01
 -1.75300006e-01 -9.99999978e-03 -3.26000005e-01 -2.33999994e-01
  1.24999993e-02  2.66000002e-02  4.68399998e-01 -1.84599997e-01
 -5.44999987e-02 -2.43100002e-01 -3.01000029e-02 -3.80999988e-02
  8.27800006e-01 -2.75000017e-02  3.22000012e-02 -1.38700001e-01
 -5.42000085e-02  2.58899998e-01  9.80000198e-03  1.85000002e-02
  4.30000201e-03  2.68499997e-01 -1.37699999e-01 -2.32700001e-01
  2.10899998e-01  4.13000025e-02 -3.36300001e-01 -3.14700007e-01
  2.72899995e-01 -2.63899997e-01 -7.19000027e-02  3.00000012e-02
  4.78000045e-02  4.28199992e-01  6.95000021e-02  1.67899994e-01
  2.68900000e-01 -1.48599999e-01 -1.44800004e-01  2.40000337e-03
 -1.95700001e-01  1.54300001e-01  2.19700009e-01  2.41200000e-01
  3.90900001e-01 -4.28000018e-02  4.79999930e-03 -1.66999999e-01
  2.42800005e-01  4.71000001e-02 -1.39100004e-01 -6.14000009e-02
 -9.99999987e-02 -3.63999989e-01  1.46400004e-01  2.27000006e-02
  1.15600001e-01 -4.02200013e-01  7.55000003e-02 -2.63900001e-01
 -3.57200012e-01  1.14200000e-01 -4.77999998e-02  1.70999989e-02
  2.46800005e-01  1.80500001e-01 -5.55000082e-02  9.22000036e-02
 -1.20200001e-01 -9.92000010e-02  3.41200007e-01  4.32299998e-01
  2.02500001e-01  9.98000037e-02  1.21800002e-01 -5.26900008e-01
 -3.20500009e-01  7.55000114e-02 -5.74999992e-02 -4.64999974e-02
 -5.49999624e-03 -1.03999972e-02  1.51700005e-01 -4.65999991e-02
 -5.95300026e-01 -1.38530004e+00  5.77999949e-02  3.32999984e-02
  5.47999991e-02  1.35200001e-01  8.19999725e-03  9.91000012e-02
  3.21799994e-01 -2.19500005e-01 -5.85000068e-02 -1.00000002e-01
  3.52100000e-01  4.93099988e-01  2.93300003e-01 -1.03700001e-01
 -4.93099988e-01  5.60699977e-01  5.99999726e-03  2.97100004e-01
 -7.67299980e-01  3.01400000e-01  4.34800006e-01  5.14000014e-02
  2.91499996e-01  1.38799999e-01  1.77599993e-01 -3.70199993e-01
 -3.07999998e-02  1.76099997e-01 -2.02399999e-01  1.32800004e-01
 -4.66199994e-01 -9.22700018e-01  1.49200004e-01 -4.13800001e-01
  3.22000012e-02  1.10400000e-01  8.80999994e-02 -1.66600000e-01
  4.02400002e-01 -7.40000047e-03  4.86799985e-01  2.41699997e-01
 -1.51299998e-01 -5.23899991e-01  6.85999990e-02 -7.59000033e-02
  2.67899998e-01  4.83600006e-01 -1.78599998e-01  9.56000006e-02
 -4.76000085e-02  1.29000001e-01 -3.17100007e-01  2.11500004e-01
  2.24800002e-01 -2.79399998e-01  7.55000003e-02  7.04000033e-02
 -1.11099999e-01  1.81299996e-01  1.30799998e-01  1.03699997e-01
  5.34999967e-02 -2.99990177e-04 -1.32799998e-01 -5.57599992e-01
  3.54200013e-01 -2.48000005e-02  1.32299994e-01 -3.66999991e-02
 -1.55800000e-01 -7.16300020e-01 -5.66400006e-01  1.28900001e-01
 -2.46499997e-01 -5.52999997e-02  2.74699993e-01  9.19999927e-03
  2.01999992e-02  1.90999992e-02 -2.27900006e-01 -4.87299979e-01]"
文化,"[ 1.621e-01  4.020e-02  3.456e-01  1.356e-01 -3.382e-01 -1.103e-01
  3.620e-01  4.200e-03  5.800e-02  3.911e-01  7.140e-02 -1.054e-01
 -3.220e-02  5.920e-02 -6.451e-01  2.250e-02  6.160e-02  1.950e-02
 -2.447e-01  1.669e-01 -1.004e-01  1.836e-01 -6.030e-02 -7.020e-02
  1.497e-01  9.400e-03  2.789e-01  8.840e-02 -1.746e-01 -1.193e-01
  4.150e-02  2.169e-01 -4.150e-02 -7.470e-02  8.600e-03  9.560e-02
  4.800e-03 -1.082e-01 -1.610e-01 -2.371e-01 -4.100e-03 -3.044e-01
  4.710e-02  1.812e-01 -8.110e-02  8.200e-03  7.340e-02 -9.830e-02
  1.177e-01 -2.029e-01 -2.875e-01  1.549e-01  1.060e-02  9.550e-02
 -1.872e-01  3.800e-01  3.221e-01 -1.669e-01 -2.030e-02  2.682e-01
 -2.150e-02 -1.343e-01  6.620e-02  2.083e-01  1.060e-01 -4.310e-02
 -6.060e-02  8.600e-02  5.340e-02  2.188e-01 -3.155e-01 -5.263e-01
  4.730e-02  9.200e-02  4.870e-02 -1.473e-01 -3.086e-01  3.940e-02
 -2.188e-01 -2.533e-01  6.740e-02  1.171e-01 -1.469e-01 -1.694e-01
  7.940e-02 -3.230e-02 -1.570e-01  1.239e-01 -6.200e-03  5.510e-02
 -1.871e-01  7.650e-02 -1.162e-01 -1.663e-01 -2.543e-01 -2.464e-01
 -5.070e-02  6.870e-02 -3.256e-01 -2.850e-02 -2.810e-02  5.830e-01
 -9.400e-02  1.214e-01  5.560e-02  3.592e-01 -3.264e-01 -1.570e-01
  2.024e-01  1.585e-01 -2.422e-01 -4.710e-02 -2.970e-01 -1.081e-01
 -4.137e-01  7.260e-02 -1.429e-01  2.218e-01  3.006e-01 -7.240e-02
  7.600e-02 -7.570e-02  1.310e-01  3.830e-02 -1.636e-01  6.840e-02
  4.370e-02  2.963e-01 -3.029e-01 -2.858e-01 -1.255e-01 -1.458e-01
 -2.018e-01 -1.402e-01  1.720e-02  1.381e-01 -1.154e-01  9.090e-02
 -1.665e-01  5.200e-03  9.390e-02 -4.500e-03 -1.570e-02  3.040e-02
  1.762e-01  2.485e-01 -2.898e-01  3.727e-01 -2.630e-02 -1.130e-02
  2.184e-01  2.359e-01 -1.999e-01  2.088e-01  5.323e-01 -1.666e-01
  1.957e-01 -3.416e-01  1.475e-01 -2.535e-01 -2.527e-01  1.720e-02
 -3.580e-02  1.517e-01  3.806e-01 -1.418e-01 -3.800e-02  8.000e-03
 -3.040e-01  8.400e-02 -4.060e-02 -4.160e-02 -2.361e-01  3.200e-03
  5.159e-01  1.552e-01  5.960e-02 -5.790e-02 -4.876e-01  7.000e-04
 -3.270e-02 -3.550e-02  1.742e-01 -6.990e-02  3.864e-01  1.730e-02
  1.368e-01 -6.500e-02  7.340e-02 -1.036e-01 -2.824e-01 -4.350e-02
  3.663e-01 -5.400e-02  4.017e-01 -7.500e-02  7.900e-02 -1.464e-01
  1.557e-01  5.470e-02  8.510e-02 -7.110e-02 -1.100e-02 -3.270e-02
 -6.670e-02  3.190e-02 -2.209e-01 -7.900e-02 -1.467e-01  1.360e-01
  2.240e-02  1.102e-01  3.310e-02  5.500e-02  4.152e-01 -1.033e-01
  2.623e-01 -8.405e-01 -1.776e-01 -2.140e-02  1.540e-02  1.106e-01
 -1.648e-01 -6.710e-02  1.766e-01 -2.301e-01 -1.187e-01 -6.387e-01
  1.692e-01  6.780e-02  5.170e-02  2.293e-01 -2.429e-01 -4.660e-02
 -1.643e-01  2.900e-03 -5.162e-01 -9.140e-02  2.410e-02  1.595e-01
 -7.900e-03 -7.570e-02  2.076e-01 -3.648e-01  9.030e-02 -1.922e-01
 -1.559e-01 -1.726e-01  1.881e-01 -2.887e-01 -2.045e-01 -3.369e-01
  4.860e-02  1.711e-01  8.200e-02  1.709e-01 -1.072e-01 -1.175e-01
  1.216e-01 -4.300e-03 -5.080e-02 -1.136e-01 -1.586e-01 -6.450e-02
  9.300e-02 -3.500e-03  8.500e-03  1.036e-01 -1.219e-01 -1.467e-01
  4.358e-01  7.000e-04 -4.400e-03 -7.130e-02  1.740e-02  1.495e-01
  1.116e-01  3.572e-01  2.149e-01 -1.620e-01  4.640e-02 -2.324e-01
 -8.300e-02  1.976e-01 -1.880e-01  3.210e-02  1.046e-01  1.768e-01
 -6.300e-03  1.580e-02 -1.922e-01 -2.697e-01 -2.706e-01  2.757e-01
 -5.880e-02  2.816e-01  3.540e-02  1.009e-01 -1.250e-02  3.790e-02]","[ 1.12058335e-01  2.98250011e-02  5.94233328e-01  1.72908333e-01
 -2.85166669e-02 -1.07791667e-01  1.09966664e-01  1.36724999e-01
  4.89916674e-02  3.37408326e-01  7.98916670e-02 -8.22666683e-02
  6.31916673e-02  5.42416673e-02 -5.91225003e-01  1.75916680e-02
  1.49716664e-01 -1.83525000e-01 -2.45658334e-01 -4.46833361e-02
 -2.14033333e-01  5.86083303e-02 -3.36333333e-01 -3.08166679e-02
  1.86133330e-01  5.14999965e-02  1.06958330e-01  1.20683334e-01
 -1.00016666e-01 -2.09750015e-02 -5.16500006e-02  3.40083370e-02
 -3.22658333e-01 -2.62916661e-02  3.68083341e-02 -5.10666661e-02
  2.09808331e-01 -1.65875003e-01 -1.23283331e-01  8.01666667e-03
 -3.29583311e-02 -2.27008331e-01  1.76666632e-02 -1.36808334e-01
  2.57999961e-02  4.55166652e-02  6.21083321e-02 -2.10250017e-02
 -5.95333321e-02 -3.11583353e-02 -7.49998881e-04 -1.17583334e-01
 -2.94167005e-03 -3.10750001e-02  1.11725000e-01  1.66816667e-01
  2.95008338e-01 -3.65658326e-01  9.34249993e-02  8.42166697e-02
  2.34624997e-01 -4.79166674e-02  2.26250014e-02  2.03700002e-01
  2.07241665e-01  8.10416651e-02 -2.22533338e-01  2.27666670e-01
  2.67083327e-02  1.55141663e-01 -3.35066661e-01 -3.08775007e-01
 -5.97333321e-02  8.72166675e-02  8.42166684e-02 -3.33641667e-01
 -3.00950002e-01 -3.48333328e-02 -1.16624998e-01 -3.98575005e-01
  1.72975004e-01 -8.59833333e-02 -3.28875003e-01 -1.17308334e-01
  3.59166460e-03  9.39083350e-02 -6.40999986e-02 -1.14775003e-01
 -6.62166658e-02  5.03583367e-02 -1.74066668e-01  6.30416656e-02
 -2.51699999e-01 -1.53358332e-01 -7.61833345e-02 -4.69166667e-02
 -2.01116666e-01  4.62333344e-02 -1.94783336e-01 -4.24083345e-02
 -2.84416669e-02  6.86983341e-01 -1.28433332e-01  7.64750003e-02
  5.71583306e-02  4.12116670e-01 -2.06733333e-01 -6.88750011e-02
 -6.27083349e-02  3.25666668e-02 -4.70783328e-01 -1.85383337e-01
 -6.14583316e-02 -4.56999991e-02 -3.74316668e-01  1.73891663e-01
 -9.53666639e-02  8.19666639e-02  3.72841663e-01 -2.65491666e-01
  8.18333433e-03  9.56999986e-02  2.19866668e-01 -1.37691667e-01
  1.30816667e-01  1.03316667e-01 -1.15016662e-01  1.10450001e-01
 -1.71891663e-01 -2.49058333e-01 -1.62483333e-01 -2.72566671e-01
  1.33750007e-02 -3.74166817e-03 -2.49166678e-02  2.65791668e-01
  4.54166663e-02 -1.95083308e-02  8.54916722e-02  7.57249993e-02
  8.09499983e-02 -7.18249983e-02  1.10683334e-01  8.59499991e-02
  4.58541669e-01  1.53916668e-02 -1.61066665e-01  4.25774998e-01
  4.84166626e-03  2.99800003e-01  2.40341664e-01 -2.50333344e-02
 -7.97333339e-02  9.83333673e-03  6.82458328e-01 -1.21033335e-01
  4.02333338e-02 -7.87499916e-03  8.20249979e-02 -1.22325003e-01
 -3.14499988e-02 -1.08416673e-02 -3.28499989e-02  3.07816658e-01
  1.64808334e-01 -4.59249997e-02 -1.89166671e-02 -7.48083328e-02
 -9.22749990e-02 -3.33335134e-04 -1.37341666e-01  6.86250005e-02
  6.14166500e-03  9.83333335e-03  2.03200004e-01  7.47416701e-02
  1.35583334e-01 -1.17975001e-01 -2.45733337e-01  1.88541666e-01
  1.50916667e-02  8.73166683e-02  2.89166424e-03 -7.24083331e-02
  1.88600003e-01 -8.58666643e-02  5.00249982e-02  1.67566666e-01
  2.44666669e-02 -1.80333334e-01 -5.08750016e-02 -1.46641665e-01
  4.56266659e-01 -5.99499960e-02  3.38541662e-01  7.31500004e-02
 -1.10166664e-02  4.66750013e-02  1.23983334e-01 -5.24083337e-02
  1.22808337e-01 -1.45324999e-01  1.52508336e-01  6.92500174e-03
 -2.88916663e-02  6.87750028e-02  4.21833337e-02 -1.34783329e-01
 -1.56716661e-01  1.72099997e-01 -1.22499999e-01 -5.58000019e-02
 -1.77625001e-01  1.46741667e-01 -1.38033335e-01 -1.59758333e-01
  8.23750033e-02 -1.51849167e+00 -3.28083325e-02  2.10999986e-02
 -3.54166601e-03 -2.71333343e-02 -1.49724993e-01  1.10333296e-02
  2.03500004e-01 -2.98958338e-01 -4.35333331e-02 -2.76783335e-01
  1.79041668e-01  1.17358334e-01  2.02466669e-01  5.52833344e-02
 -4.00800001e-01 -4.42583337e-02  2.30250033e-02  5.67333350e-02
 -7.16891670e-01  3.11666671e-02  2.37516670e-01  1.92550000e-01
  1.05000470e-03  5.82833369e-02  1.18166666e-01 -5.67300000e-01
 -9.65000177e-03 -3.93775005e-01 -1.42225003e-01 -2.97749963e-02
  5.01916658e-02 -3.91208335e-01 -2.26999990e-02 -4.80691664e-01
  7.25666673e-02 -5.80833158e-03  1.09641667e-01  4.81583364e-02
 -8.51500024e-02 -8.11083342e-02  2.19458335e-01  8.37416681e-02
  2.38166632e-02 -6.11666706e-03 -6.78333268e-03 -2.49741667e-01
  1.72666662e-02  7.55333341e-02  3.76741665e-01 -1.71083330e-02
 -1.46216667e-01 -1.36816664e-01  6.57249965e-02  1.18333334e-01
  3.89166671e-03 -6.78416690e-02 -1.56133337e-01  4.99249986e-02
 -1.03416674e-02  1.87074998e-01  9.30083348e-02 -2.06925000e-01
  2.15816671e-01 -5.77916651e-02  8.55500023e-02 -1.20941666e-01
 -7.54583305e-02 -1.46308335e-01 -8.81749971e-02  1.14408330e-01
  5.11499993e-02 -9.54999961e-03 -1.26833335e-01 -1.54999998e-01
 -3.52491669e-01  1.77849996e-01  2.34666686e-02  2.19416666e-01
 -2.95416669e-02  1.89883332e-01  5.66999998e-02 -5.62333307e-02]"
時代,"[ 5.270e-02 -6.460e-02  8.059e-01  1.665e-01 -1.873e-01 -3.550e-02
  1.874e-01 -4.630e-02  6.510e-02  6.900e-03  5.780e-02 -5.800e-02
  3.300e-02 -1.129e-01 -3.428e-01  1.520e-02  9.110e-02  2.900e-03
 -1.870e-02  4.690e-02 -1.015e-01 -6.440e-02 -1.119e-01 -8.240e-02
 -3.500e-02  1.707e-01  2.275e-01 -1.079e-01 -8.200e-03 -3.994e-01
 -2.803e-01  1.643e-01 -1.310e-02 -1.860e-01  2.781e-01 -1.378e-01
  4.210e-02 -2.075e-01  1.614e-01 -4.130e-02 -1.829e-01  1.950e-02
 -6.570e-02 -6.860e-02  6.000e-03  6.440e-02  1.249e-01 -6.800e-03
 -2.862e-01 -3.820e-02  6.780e-02  1.224e-01  1.636e-01  1.615e-01
  2.550e-01  2.004e-01  9.900e-03 -2.095e-01  9.470e-02  3.415e-01
  6.270e-02  4.960e-02  5.400e-03  9.700e-02  9.650e-02  1.558e-01
 -1.437e-01  5.800e-02 -1.737e-01 -1.173e-01 -2.345e-01  1.150e-02
  2.070e-02  1.984e-01 -6.260e-02 -1.408e-01 -1.004e-01  2.235e-01
  8.720e-02 -2.231e-01 -2.070e-02 -8.240e-02 -1.692e-01  1.080e-02
  4.860e-02  1.480e-02  1.682e-01 -6.120e-02 -9.600e-03 -1.220e-02
  6.770e-02 -6.810e-02 -5.880e-02  8.000e-04  2.640e-02  1.385e-01
 -1.688e-01  3.990e-02  7.500e-02 -1.902e-01 -2.867e-01  3.845e-01
  4.210e-02 -1.137e-01 -2.740e-02  7.150e-02 -1.218e-01 -1.243e-01
 -2.252e-01  3.790e-02 -4.511e-01  6.470e-02 -4.064e-01  4.550e-02
 -7.460e-02  9.490e-02 -7.870e-02 -1.787e-01  1.270e-01 -4.680e-02
 -7.810e-02 -4.440e-02  5.170e-02 -6.280e-02  3.950e-02  3.500e-03
 -5.000e-04  2.054e-01 -1.634e-01 -3.777e-01 -1.661e-01 -4.360e-02
  3.880e-02 -9.900e-02 -4.840e-02 -3.594e-01 -5.400e-03 -6.580e-02
 -2.491e-01 -7.500e-03  1.730e-02 -9.730e-02  2.163e-01  1.025e-01
  3.184e-01  9.450e-02  1.180e-02  2.333e-01  1.590e-02  2.553e-01
 -9.150e-02 -3.014e-01 -8.210e-02 -2.860e-02  1.335e-01 -6.050e-02
  6.110e-02 -5.100e-03 -1.216e-01  2.450e-02  2.700e-03 -1.410e-02
  8.940e-02  4.044e-01  1.819e-01  9.880e-02 -1.707e-01 -3.300e-03
 -1.265e-01  1.989e-01 -9.350e-02  2.720e-02 -3.240e-01  1.240e-01
  2.225e-01  9.510e-02 -2.913e-01 -1.414e-01  7.270e-02 -2.692e-01
 -4.560e-02  4.290e-02 -3.833e-01  8.980e-02  2.460e-01 -1.242e-01
 -7.290e-02  1.759e-01 -2.940e-02 -1.894e-01 -9.840e-02  1.160e-02
  3.896e-01 -5.950e-02  5.031e-01  4.150e-02  4.360e-02 -6.440e-02
  4.800e-03 -7.790e-02  1.842e-01 -1.711e-01 -7.590e-02  3.231e-01
  1.073e-01 -3.740e-02  1.234e-01 -2.193e-01  2.225e-01 -2.691e-01
 -2.340e-02  2.350e-02 -1.193e-01  3.430e-02 -4.600e-02 -1.198e-01
 -2.790e-02 -5.979e-01  1.540e-01 -3.540e-02 -4.200e-02  3.880e-02
  2.910e-02 -1.188e-01  1.222e-01 -5.870e-02 -1.930e-02 -8.000e-03
  1.000e-01 -4.193e-01 -3.430e-02  1.764e-01 -2.048e-01 -2.163e-01
  3.980e-02  2.901e-01 -2.946e-01  8.840e-02  1.056e-01 -1.092e-01
  8.930e-02  4.088e-01 -1.260e-01 -3.385e-01  2.932e-01 -2.064e-01
 -2.153e-01  3.800e-01 -8.220e-02 -4.757e-01 -5.160e-02 -8.020e-02
 -7.880e-02  7.460e-02  4.520e-02 -1.860e-02  8.760e-02 -5.800e-03
  2.102e-01 -1.880e-02 -1.606e-01 -3.022e-01  3.710e-02 -5.041e-01
  1.410e-01 -1.369e-01  3.498e-01 -4.400e-02 -1.430e-02 -1.419e-01
  6.470e-02  1.504e-01 -4.810e-02  2.778e-01  1.250e-02 -2.807e-01
  3.010e-02 -9.330e-02  1.089e-01 -1.452e-01  3.518e-01  6.260e-02
  9.830e-02  1.770e-02  1.250e-02 -1.775e-01 -3.722e-01 -1.559e-01
  5.140e-02  1.633e-01 -1.063e-01 -1.180e-02  3.880e-02  1.401e-01
 -3.121e-01  6.210e-02  4.300e-02  1.036e-01 -3.300e-03  2.080e-01]","[ 3.30963632e-01 -1.01000002e-02  1.07289090e+00  3.74963637e-01
 -1.28836366e-01 -1.66363618e-02  2.21781821e-01  5.91363629e-02
  9.90727279e-02  3.21936362e-01  9.40181832e-02  2.42999995e-02
 -6.54818214e-02 -1.58572725e-01 -7.75136347e-01 -1.00481820e-01
  8.57727274e-02 -3.36363763e-04 -4.22154550e-01  3.41000009e-02
 -9.53818184e-02  1.68363633e-01 -7.39499997e-01 -1.77236361e-01
  1.42527275e-01 -2.99545482e-02  2.32045458e-01 -3.68727280e-02
 -4.14636412e-02 -1.40972724e-01  1.04490914e-01 -5.40545451e-02
 -4.32636339e-02 -1.46118181e-01  1.71727327e-02 -3.50672724e-01
  5.12272738e-02 -4.44272740e-02  5.80363633e-02  2.34381819e-01
 -1.87409093e-01 -2.40972727e-01 -3.00727281e-01 -7.07636425e-02
 -9.27270305e-04  1.14563641e-01 -7.66363461e-03 -2.51818529e-03
 -2.38236364e-01 -4.62909095e-02  1.96399995e-01  1.21781816e-01
  1.67945456e-01 -3.90999983e-02  1.36345448e-01  3.72563635e-01
  5.42481821e-01 -4.35272730e-01 -3.49818146e-02  4.69518183e-01
  1.04363639e-01  1.10336365e-01 -2.01727273e-01 -7.92090876e-02
  1.91527275e-01  8.79454538e-02 -9.23545444e-02  2.35418179e-01
 -3.79590911e-01 -8.67000026e-02 -5.03645450e-01 -2.51863641e-01
  2.65454531e-02 -1.34327265e-01 -9.78545475e-02 -1.11836364e-01
 -3.31609088e-01 -5.06909102e-02  8.39272739e-02 -5.71236370e-01
  2.11472728e-01  3.92945453e-01 -4.20754543e-01 -5.91545474e-02
  4.25181828e-02  3.27454537e-02  2.26636422e-02 -2.15899999e-01
  5.15363654e-02  1.01899998e-01 -1.59336362e-01 -1.62354547e-01
 -2.60136364e-01  1.19045455e-01 -9.85727250e-02  1.70645457e-01
 -7.39890909e-01  1.11509094e-01 -2.93199995e-01 -8.54363629e-02
 -1.30999996e-01  3.49118187e-01 -2.74345453e-01 -2.23427279e-01
  1.02045454e-01  8.34145460e-01 -1.13681818e-01 -1.70363641e-01
 -1.36245453e-01  3.33818182e-02 -2.27918169e-01  3.80272694e-02
 -1.27300002e-01 -7.76454529e-02 -6.82454573e-02  4.60372731e-01
 -5.08254550e-01 -3.68272733e-02  4.03890914e-01 -2.67118183e-01
  5.68999968e-02  8.95545457e-02  1.26327273e-01  3.97272768e-03
 -2.84036356e-01  9.36909058e-02  2.17354549e-01  2.30372728e-01
 -1.40599998e-01 -5.89718185e-01 -2.59872722e-01  8.59181812e-02
 -2.67454560e-02 -2.85545457e-01 -1.56636380e-02 -4.34099999e-01
  2.35036367e-01  2.35509090e-01 -2.86481821e-01  1.62618185e-01
  1.95945453e-01 -9.53909080e-02  2.73545452e-01  3.77818197e-02
  5.91772728e-01  5.54181820e-02  1.62818187e-02  3.83854546e-01
 -1.84363641e-02  4.62336365e-01 -6.88363625e-02 -1.59654543e-01
 -7.14727224e-02 -8.18181877e-03  6.48063641e-01 -2.38709090e-01
  3.20590909e-01 -1.43045458e-01  1.63936357e-01 -6.38363614e-02
 -1.52554542e-01 -9.56363640e-02 -1.24118180e-01  4.22536358e-01
  1.74990910e-01  2.22272725e-01 -1.23172727e-01  1.31018179e-01
 -1.79581815e-01  3.33027272e-01 -3.33618183e-01  7.10454570e-02
 -9.11909122e-02  7.17454564e-02  2.65654545e-01  1.82772723e-01
 -1.51254546e-01  6.54090926e-02 -1.68381823e-01 -3.32081815e-01
  1.40990908e-01 -2.87172728e-01 -9.64090952e-02  4.27390908e-01
  2.17409092e-01 -2.60909100e-02 -6.16727272e-02  2.67899998e-01
  6.60909013e-03 -1.65763637e-01  5.91454548e-02  1.54854547e-01
  2.53199998e-01 -8.90545454e-02  4.19418174e-01  1.28454543e-01
  2.28636363e-01 -1.31681816e-01  9.59272722e-02 -2.32281822e-01
  7.21272747e-02  1.10600000e-01  3.27336363e-01  5.89145457e-01
  7.34636315e-02  3.93363618e-02  1.41363638e-01 -9.01363611e-02
 -7.13636364e-02 -1.89472732e-01 -1.93636695e-03  4.16999964e-02
 -2.13490904e-01  1.18872729e-01  6.41627274e-01 -2.43354546e-01
 -7.30818236e-02 -2.18596360e+00  2.09218183e-01  1.45454549e-01
  1.28036365e-01  1.76981818e-01  1.03799997e-01  1.38345454e-01
  1.76209088e-01 -2.83781818e-01 -3.44727278e-02 -1.45054550e-01
  3.88818180e-01 -9.81999979e-02  1.84700004e-01 -6.80000019e-02
 -5.17072727e-01 -9.99999974e-02 -8.70181808e-02  2.33727288e-02
 -8.42018183e-01  6.10909075e-02  3.03245460e-01 -6.11000024e-02
  2.97690908e-01  1.39781820e-01  2.92390910e-01 -7.77827263e-01
  4.79463631e-01 -2.56345458e-01 -9.28999985e-02  4.99036368e-01
 -9.46363658e-02 -6.14727269e-01  1.56509089e-01 -7.31018175e-01
 -9.10090928e-02  1.74718183e-01  4.44636340e-02  3.16800003e-01
 -2.42745454e-01 -1.84618183e-01  3.74900001e-01 -1.84818164e-02
  5.91454557e-02 -3.77445447e-01 -5.06363629e-02 -3.94972736e-01
 -7.41545434e-02 -4.36727268e-01  1.56527275e-01 -1.35400002e-01
 -2.22081819e-01 -2.13945458e-01 -1.04509087e-01  2.57818176e-01
  3.59181794e-02  1.52681814e-01  2.76272718e-02  1.00636343e-02
 -1.72772730e-01 -2.48181828e-03  1.79818205e-02 -1.29290913e-01
  6.85909100e-02 -3.84545665e-03  3.24000008e-02 -1.37745457e-01
  2.21818364e-03 -2.29872726e-01 -2.46427275e-01 -9.51454566e-02
 -1.05090910e-01 -9.66363675e-02 -3.86736359e-01 -8.01272739e-02
 -2.15209087e-01  2.87090901e-01 -4.82390901e-01  8.04181792e-02
 -1.53363608e-02  8.30909457e-03  2.31000065e-02  2.77809095e-01]"
