aspect,aspect_vecs,cluster_main_vecs
館園,"[ 5.61100006e-01 -5.09999953e-02  1.41110003e+00  3.91200006e-01
 -1.86499998e-01 -3.52200001e-01  3.81999999e-01  1.72399998e-01
 -5.44999987e-02  5.69399953e-01 -1.39400005e-01  3.08400005e-01
 -1.33699998e-01 -2.38499999e-01 -8.38000029e-02 -2.78600007e-01
  1.62600011e-01  1.77899987e-01 -4.95800018e-01 -1.49599999e-01
  1.40200004e-01  3.32300007e-01 -3.11500013e-01  3.58999968e-02
  2.72199988e-01 -1.22700006e-01  2.31400013e-01 -4.45000082e-02
 -6.98000044e-02  2.70999998e-01  2.86799997e-01 -3.80499989e-01
 -1.91100001e-01 -8.14800024e-01 -1.73999965e-02 -9.00000334e-04
 -2.92800009e-01 -2.49000005e-02  5.14100015e-01 -7.87000060e-02
  1.27900004e-01  3.85600030e-01 -1.11000001e-01  4.63999808e-02
  1.32900000e-01  7.37699986e-01  4.81000021e-02 -2.82700002e-01
 -4.25599992e-01 -7.30999932e-02  4.98999991e-02 -1.74699992e-01
  1.06399998e-01 -5.29000163e-02  3.42999995e-01  7.06000030e-02
  6.04299963e-01 -5.54600000e-01  1.67800009e-01 -2.85499990e-01
  3.57000083e-02 -5.05499959e-01 -4.74799991e-01  1.01800010e-01
  4.36999984e-02 -2.06999987e-01  3.59999985e-02  2.08800003e-01
 -1.06300004e-01 -2.67600000e-01 -5.74999899e-02 -1.82099998e-01
 -1.61000006e-02 -6.10399961e-01  4.32999954e-02 -5.57700038e-01
  5.19999862e-03  1.05299994e-01  1.49000008e-02 -4.80700016e-01
 -3.79000008e-02  4.34599996e-01 -1.55299991e-01 -2.18000002e-02
 -1.53499991e-01 -1.18500002e-01 -3.68799984e-01 -1.59199998e-01
  6.35999963e-02 -2.54600018e-01 -1.66799992e-01  1.00000009e-01
  3.06000002e-02  1.96999982e-02  1.92999989e-02 -2.12900013e-01
 -2.68999994e-01 -2.35000014e-01 -4.44000006e-01  2.09100008e-01
 -1.55800015e-01  7.02200055e-01 -2.99300015e-01 -1.53599992e-01
  7.96999931e-02 -3.01100016e-01 -1.61100000e-01 -1.93599999e-01
 -4.20800000e-01 -1.97799996e-01 -8.92899990e-01 -3.31499994e-01
 -3.99800003e-01 -4.52600002e-01  4.97399986e-01  2.77700007e-01
 -4.02900010e-01  4.17400002e-01  7.67000020e-02 -3.42400014e-01
 -5.52999973e-02  4.87500012e-01  4.60399985e-01  1.40899986e-01
 -2.75999978e-02 -1.40100002e-01  4.98000011e-02 -2.35999972e-02
 -7.40100026e-01 -3.53000015e-02  2.17999995e-01 -4.17199969e-01
 -2.98799992e-01 -1.06999949e-02  1.86900005e-01  1.79000050e-02
  2.01999992e-02  3.65500003e-01  1.68499976e-01  1.30899996e-01
 -6.03999943e-02 -2.95300007e-01  5.68000004e-02  1.23700000e-01
  7.81199992e-01 -9.29999948e-02  6.97000027e-02  9.46000069e-02
 -3.25800002e-01  2.34699994e-01 -1.38999999e-01  8.51999968e-02
 -3.00899982e-01  1.00899994e-01  4.31500018e-01 -4.87600029e-01
 -5.50000183e-03  8.90000015e-02  9.64599967e-01 -8.08999985e-02
 -2.69199997e-01 -1.58000007e-01 -6.61000013e-02 -1.97999999e-02
  7.72999972e-02 -2.25800008e-01 -7.27000013e-02 -3.53600025e-01
  4.42999974e-02  3.77400011e-01  3.77999991e-02  1.70599997e-01
  1.35099992e-01 -2.35900000e-01  1.97600007e-01  1.37699991e-01
  2.59900004e-01  9.35999975e-02 -3.55100006e-01 -1.90499991e-01
 -4.39999998e-01 -6.68900013e-01  1.48399994e-01  4.23799992e-01
 -1.30500004e-01 -1.47999972e-02  2.77599990e-01 -3.70199978e-01
 -2.39299998e-01 -3.67200017e-01  5.97499967e-01  6.61000013e-02
  5.19899964e-01 -5.04099965e-01 -1.45400003e-01  2.56999999e-01
  3.11699986e-01 -3.44800025e-01  4.16000001e-02 -1.80800006e-01
 -3.99000011e-02  2.03500003e-01  1.57599986e-01  2.82000005e-01
 -6.21999979e-01  4.08999957e-02 -1.98799998e-01  1.02000013e-02
 -3.30799997e-01  1.81100011e-01  3.48999947e-02 -3.77800018e-01
 -1.35399997e-01  2.16099992e-01  3.52500021e-01  1.83000043e-02
  3.58199984e-01 -1.44970000e+00 -2.60700017e-01  3.00800025e-01
  2.06999984e-02  2.68900007e-01  1.30099997e-01 -4.97999936e-02
 -1.36799991e-01 -3.34899992e-01 -1.59299999e-01 -2.91999996e-01
  1.40900001e-01  2.56000012e-01  2.87200004e-01  6.85999990e-01
 -4.98099983e-01 -5.34700036e-01  1.01199999e-01  5.77000007e-02
 -9.97799993e-01  4.28099990e-01  4.58700001e-01  4.49899971e-01
 -4.09999862e-03 -1.34900004e-01  3.68900001e-01 -7.05500007e-01
  4.87000018e-01 -5.06399989e-01 -1.78700000e-01  1.75500005e-01
 -5.19199967e-01 -3.73100013e-01  8.87999982e-02 -8.18099976e-01
 -1.77500010e-01  3.07099998e-01  2.85600007e-01  5.57000041e-01
 -3.22799981e-01  6.74000084e-02  2.98999995e-01  4.87999991e-02
 -1.24500006e-01  2.49999762e-03 -1.33199990e-01 -1.59799993e-01
 -8.16900015e-01 -3.47599983e-01 -1.79998577e-03 -1.45300001e-01
 -2.45800003e-01 -2.49500006e-01 -2.89999992e-01 -1.78000033e-02
  1.88300014e-01  6.66000023e-02 -3.09700012e-01 -3.46799970e-01
 -8.55499983e-01  1.20200008e-01 -2.32400000e-01 -2.23400012e-01
 -8.00999999e-02 -9.99000072e-02  1.01099998e-01 -1.48200005e-01
 -6.94999993e-02 -9.54000056e-02 -2.71999985e-02 -9.19000059e-02
  7.46000037e-02 -2.19600022e-01 -5.76900005e-01 -1.08799994e-01
 -5.81200004e-01  1.12999998e-01 -4.29800004e-01 -2.01499999e-01
 -7.73999989e-02  4.36900020e-01  2.98700005e-01 -3.23700011e-01]","[ 2.79099998e-01  5.40333378e-02  1.44290000e+00  1.47633336e-01
 -1.15300000e-01 -3.12133328e-01  4.80133345e-01 -2.02866659e-01
  1.91166663e-01  7.02733322e-01  1.38600000e-01  3.05933336e-01
  4.43333201e-03 -3.68400004e-01 -6.63433325e-01 -3.13133338e-01
  2.58133330e-01  2.38566667e-01 -5.44099993e-01 -2.91066668e-01
  5.47166664e-01  3.96999994e-01 -3.64699995e-01  3.09000040e-02
  1.49633331e-01 -8.29333290e-02 -1.65233326e-01 -4.51800013e-01
 -2.34100004e-01 -1.16899998e-01  1.64766669e-01 -1.83399993e-01
  5.63666646e-02 -2.02466673e-01  1.41333340e-01  1.14666667e-01
 -2.05933329e-01  7.14000006e-02  1.06233339e-01  4.22333330e-02
 -3.51000056e-02  2.07333372e-02  1.93000011e-02 -1.29900006e-01
  8.07333331e-02  3.55900008e-01  1.40699998e-01 -4.06333370e-02
 -3.51433336e-01 -2.41200001e-01  2.01866662e-01 -8.24666607e-02
  1.08866667e-01  3.90000362e-03  2.99766673e-01  4.54200006e-01
  4.85666659e-01 -5.09366665e-01  1.14600005e-01  2.35866673e-01
  1.50999992e-02 -1.82199997e-01 -3.81600003e-01  3.02533329e-01
  2.25333335e-01 -5.90333287e-02 -1.88666683e-02  7.82000006e-02
 -2.64966668e-01  1.47099993e-01 -3.50499991e-01 -5.77000008e-01
  1.73366664e-01 -4.44866668e-01  1.96066669e-01 -8.72566681e-01
 -3.08633328e-01 -8.02666640e-02  6.75333372e-02 -1.10133343e-01
  2.39866668e-01  1.72233331e-01 -4.40566660e-01 -1.09300001e-01
 -1.99166669e-01 -2.50099996e-01 -6.67999880e-02 -1.37333313e-02
 -1.04833316e-01 -2.91266670e-01 -3.40399997e-01  1.39900002e-01
 -1.95333341e-01  3.32999990e-02  3.22333298e-02 -1.13200003e-01
 -3.47866671e-01 -3.13166662e-01 -1.83866662e-01  1.85766666e-01
  2.02466667e-01  1.12276668e+00 -4.31666667e-01 -2.21933336e-01
  1.32233328e-01  4.14433341e-01 -1.88566670e-01 -7.34999993e-02
 -3.28166668e-01 -2.94999983e-02 -1.00036666e+00 -2.30266669e-01
 -2.98700000e-01 -9.75000014e-02  1.89866667e-01  4.10933332e-01
 -3.61933333e-01  5.33533338e-01  6.31166666e-01 -4.93933330e-01
  2.40766662e-01  5.29200003e-01  5.05266665e-01  1.11099994e-01
  1.48499999e-01  1.22633329e-01  5.49666658e-02  1.14199997e-01
 -4.81899997e-01  4.90333224e-02 -1.05633328e-01 -1.26933326e-01
 -4.27433332e-01 -1.60766670e-01  1.34899997e-01  1.03833332e-01
  3.47333344e-02  3.27533334e-01  2.53333375e-02 -1.51633336e-01
  2.49033333e-01 -2.76866667e-01  8.73999977e-02  1.63866666e-01
  6.48266652e-01  2.58000015e-02  1.55000115e-02  4.34866666e-01
 -4.49266660e-01  2.81433335e-01  1.62433332e-01  1.75333337e-01
 -2.06599998e-01  6.42999934e-02  8.03366659e-01 -5.29533339e-01
 -6.66668639e-05  1.06366668e-01  4.34066663e-01 -2.91633335e-01
 -1.83833329e-01 -1.00133339e-01  2.17099993e-01 -3.47666675e-01
  5.91333338e-02  2.16699995e-01  2.02500003e-01 -2.72333406e-02
  1.43066668e-01  4.45399998e-01 -7.71333290e-02  6.47333277e-02
  7.37000036e-02 -5.31666672e-02  4.14533334e-01 -2.44800008e-01
  6.62899993e-01 -2.84366672e-01 -3.39366671e-01  2.33233329e-01
 -2.29366672e-01 -8.94699997e-01  2.45266660e-01  5.13733338e-01
  1.05066663e-01 -6.48666707e-02 -2.09933334e-01 -3.76999993e-02
 -1.70800001e-01 -2.00066671e-01  2.80499998e-01  1.78000011e-01
  5.41866659e-01 -2.07399995e-01  7.96666689e-02  1.53933334e-01
  2.74500001e-01  8.29999906e-02  4.09666626e-02 -3.74400006e-01
  3.87000008e-02  8.64333408e-02  1.99999989e-02  2.58000002e-01
 -3.63666662e-01  1.26666656e-02 -1.75700000e-01 -1.24333338e-01
 -5.69499992e-01  3.74333301e-02 -4.80533334e-01 -2.96133343e-01
 -3.79300010e-01  3.07900002e-01  1.22333329e-01 -1.67433335e-01
  5.45666600e-02 -2.50980004e+00  1.73666663e-02 -6.89333259e-02
  2.23966666e-01 -8.49999984e-03  1.17033331e-01 -1.92699998e-01
 -3.16833330e-01 -6.50133338e-01  9.18666739e-02 -2.70466672e-01
  4.04666669e-02  2.30000106e-03  2.03899998e-01  2.88399992e-01
 -7.45033324e-01 -3.93500003e-01  4.62000022e-02  1.90300000e-01
 -1.21343331e+00  3.88499996e-01  1.50300005e-01  2.59133328e-01
  3.17466662e-01  7.01000026e-02  3.01233327e-01 -9.91599997e-01
  3.10633334e-01 -7.33466667e-01  1.53733334e-01  2.48599994e-01
 -1.22433331e-01 -6.88966665e-01  5.57566666e-01 -8.90066672e-01
  8.25999950e-02  2.41500002e-01  2.46566670e-01  6.06500013e-01
 -1.84000041e-02  6.51333313e-02  4.67600004e-01 -1.46399992e-01
 -8.88333358e-02  5.10666703e-02  1.60666670e-02 -2.72500000e-01
 -5.10699989e-01 -4.15033332e-01  2.03466672e-01 -2.10799999e-01
 -4.21866669e-01 -1.68166663e-01 -2.47233328e-01  1.11333328e-01
  2.09700001e-01 -3.06133329e-01  1.03233327e-01 -1.41866659e-01
 -5.30833329e-01  2.68966665e-01 -2.47700003e-01 -2.42566673e-01
  2.56699993e-01  1.32499995e-01  9.26666738e-03 -3.81799997e-01
  1.64033336e-01 -1.47133334e-01  6.20333347e-02  1.33199999e-01
  2.85700001e-01 -2.75766671e-01 -2.29266673e-01 -2.37533331e-01
 -6.06566657e-01  6.06733323e-01 -5.83999983e-02 -1.58266673e-01
 -1.02199997e-01  3.14200000e-01 -1.95033333e-01 -2.79599999e-01]"
公園,"[ 0.0837 -0.1226  0.3118  0.0572 -0.1084 -0.1606 -0.0022  0.0204  0.1477
  0.2893 -0.0357 -0.0753  0.0234  0.3335 -0.2621  0.0333  0.0812  0.1922
 -0.259   0.095   0.1857  0.0424 -0.4097 -0.1711  0.0422 -0.1858  0.2866
  0.1862  0.1079 -0.0113  0.1374 -0.1015  0.015  -0.1119 -0.0461 -0.0472
  0.3274  0.1378 -0.0223 -0.1414  0.009  -0.133  -0.1628 -0.054  -0.0822
 -0.0861  0.1952 -0.1698 -0.1659  0.1035  0.1558 -0.133   0.1863  0.1471
  0.001  -0.2052  0.256  -0.0724 -0.111  -0.0224 -0.1441 -0.2458 -0.1829
  0.1125  0.0748  0.1005  0.0443  0.2409  0.2923  0.0932  0.2002 -0.1095
  0.2192  0.0989  0.1641  0.0153 -0.2029 -0.1996 -0.323   0.0022 -0.0926
  0.278  -0.0649  0.0561 -0.0649 -0.1422 -0.278  -0.2271 -0.1523 -0.2806
 -0.4955  0.1343 -0.0136  0.1924  0.2235 -0.0753 -0.2879 -0.2513 -0.2169
  0.0514  0.0281  0.3016  0.0662  0.0951 -0.1239  0.1626 -0.1693 -0.1861
 -0.0768  0.1056 -0.3421 -0.3179  0.1369 -0.1168  0.4464 -0.0353 -0.2007
  0.1408 -0.0509 -0.1339 -0.097   0.1285  0.3612 -0.1053 -0.3244  0.0285
 -0.0364 -0.0955 -0.4461  0.0381  0.105  -0.0826  0.2021 -0.0149  0.1351
  0.4973  0.0509  0.3009 -0.2424  0.163  -0.0219 -0.0874 -0.0255  0.1169
  0.5313  0.2497 -0.1349 -0.0508  0.1831  0.1111  0.2202 -0.2549  0.117
  0.13    0.4161 -0.2496  0.0748  0.1069  0.2797  0.1053 -0.0634 -0.0105
  0.2497  0.0186  0.07   -0.0049 -0.3383 -0.0492  0.1009  0.038   0.0191
  0.1353 -0.2126  0.2635  0.105  -0.0569  0.1819  0.1434  0.0802 -0.1094
 -0.1315 -0.3565 -0.113   0.2175 -0.1077  0.1994 -0.1134 -0.0964  0.0633
 -0.1301 -0.0586 -0.3154  0.3097  0.0455  0.1285  0.1483  0.1765 -0.0026
  0.0958  0.2938 -0.      0.2892  0.1671  0.1719 -0.0845 -0.1014 -0.1226
 -0.2077  0.1143  0.1427 -0.156  -0.054   0.0028  0.2529  0.2274 -0.1086
 -0.1125 -0.8108 -0.1212 -0.2151  0.2431  0.0578  0.0793  0.0115  0.0474
 -0.0792  0.0997 -0.0533  0.0864  0.326   0.0509  0.0215 -0.1992  0.0011
 -0.1267  0.0677 -0.5166  0.1797 -0.1803  0.2274 -0.2274  0.0674  0.4384
 -0.3193  0.2291 -0.0834 -0.0554  0.0356  0.0656 -0.5423  0.0172 -0.4772
  0.0647 -0.2774  0.3763  0.2659 -0.2657  0.0198  0.3014  0.0908 -0.0902
 -0.1305  0.1838  0.1704 -0.1946 -0.2212 -0.2253 -0.1451 -0.2791 -0.204
 -0.1325 -0.2212  0.1676  0.0768  0.0989  0.0812 -0.0433  0.043  -0.1225
  0.136   0.001  -0.0357 -0.0677 -0.1124  0.3187 -0.1993 -0.0144  0.1012
 -0.0261 -0.1205 -0.1982 -0.0884 -0.2975  0.3972 -0.187  -0.0464 -0.1781
  0.1581  0.0449  0.2692]","[ 1.26750000e-01 -1.63500001e-01  6.87750008e-01  3.19850006e-01
 -1.47800000e-01 -1.09500005e-01  6.47999961e-02 -3.27449994e-01
  8.43999954e-02  4.21199996e-01  1.14349998e-01 -9.70000012e-02
  2.25050001e-01  4.10100002e-01 -6.15150015e-01  1.54600004e-01
 -4.84499959e-02  3.09700007e-01 -4.18250000e-01 -7.92000070e-02
  5.77549994e-01  1.34649999e-01 -6.71400007e-01 -7.46000027e-02
  3.70499967e-02 -3.81500002e-01  2.26049994e-01  2.76499990e-01
  3.15099999e-01 -9.36000046e-02  1.84200000e-01 -1.76499977e-02
 -1.13100002e-01 -1.95900001e-01 -2.60000117e-03 -2.54999995e-02
  4.33099998e-01 -3.47000046e-02  1.97900001e-01 -3.01549996e-01
 -4.22499990e-02 -2.55000312e-03 -2.36199992e-01 -8.77000034e-02
 -2.63099993e-01 -3.69499992e-02  1.49000000e-01  6.74500056e-02
 -2.07250006e-01  1.75700000e-01  1.42800000e-01 -2.31950002e-01
  2.36949996e-01  1.50850002e-01  2.82500003e-02 -2.30300001e-01
  4.35900011e-01 -2.54500043e-02  1.73499975e-02  1.10499989e-02
 -3.79999960e-02 -4.03350002e-01 -2.88299997e-01  1.31500004e-01
  5.43999933e-02 -1.00499953e-02  2.22000003e-01  1.64249997e-01
  3.23399990e-01  3.65400003e-01  2.15400003e-01 -2.18299997e-01
  3.20250000e-01  5.73499955e-02  2.26500006e-01 -2.44549997e-01
 -2.63900007e-01 -1.73949999e-01 -3.62650017e-01  1.03999999e-01
 -2.18850000e-01  4.43349999e-01 -3.27350009e-01  2.51300000e-01
 -3.98000069e-02 -2.49299995e-01 -4.67749995e-01 -2.99100001e-01
 -1.03650002e-01 -2.07950008e-01 -7.37550003e-01  1.98699994e-01
 -1.50750000e-01  1.82649994e-01  2.66549996e-01  5.54499999e-02
 -6.16000000e-01 -4.38000007e-01 -1.64700001e-01  8.52499967e-02
 -5.41499988e-02  6.49250001e-01 -4.55999915e-02  1.69550003e-01
 -3.36449997e-01  6.90699987e-01 -1.85200006e-01 -2.05950013e-01
 -2.39100010e-01  9.76999972e-02 -4.44899996e-01 -3.76000001e-01
  8.15999955e-02 -8.48500016e-02  6.39249991e-01  6.21499978e-02
 -4.58050001e-01  2.12249998e-01 -2.33000042e-02 -3.07550004e-01
 -2.33849999e-01  2.20449995e-01  4.09750005e-01 -9.33000031e-02
 -4.94300006e-01  1.89900005e-01 -6.96000052e-02 -2.94499993e-02
 -6.36799995e-01  2.03899998e-01  6.54499969e-02 -3.26000005e-02
  4.61949998e-01 -2.89650008e-01  8.05000216e-03  1.46799993e-01
 -3.76999998e-02  4.73950010e-01 -1.92000009e-02  1.26000004e-01
  5.08500065e-02 -1.59949997e-01 -3.48000007e-02 -1.15999980e-02
  8.39200022e-01  3.28349993e-01  1.78499991e-01 -1.91750003e-01
  4.78499997e-02  1.34100001e-01  2.50100004e-01 -2.95200008e-01
  2.61099998e-01  2.24549992e-01  6.84499990e-01 -4.02949993e-01
 -2.60500014e-02  1.53500002e-01  3.18950012e-01  1.02250006e-01
 -1.47950001e-01 -9.01499968e-02  3.21199997e-01  4.09499980e-02
  2.19899999e-01 -1.01949997e-01 -5.49999988e-01 -1.36349995e-01
  2.05650002e-01  5.42500000e-02 -4.38000013e-02  2.41849996e-01
 -3.46449999e-01  2.66000006e-01 -1.58750001e-01  8.91000016e-02
  1.43749995e-01  3.33749996e-01  2.16550006e-01 -1.97549997e-01
 -2.51900007e-01 -6.77649995e-01 -9.62999957e-02  4.15449996e-01
 -1.68149995e-01  1.44399992e-01 -2.71949998e-01 -7.65000044e-02
  9.16499970e-02 -3.01299995e-01  8.85999952e-02 -4.68550000e-01
  6.17400004e-01  2.47499985e-02  9.28999921e-02  3.09700002e-01
  2.35649992e-01 -2.50950001e-01  2.66499985e-02  2.39899997e-01
  1.02599997e-01  6.36950011e-01  2.55999956e-02  2.76700004e-01
 -1.65100002e-01 -2.38500000e-01 -4.98999965e-02 -1.95499999e-01
  2.29499996e-01  2.83500031e-02 -4.85700007e-01  2.94050001e-01
 -5.62500013e-02  3.96250003e-01  3.95650004e-01 -2.71899997e-01
 -6.67499959e-02 -1.90345004e+00 -2.05150002e-01 -3.32250008e-01
  3.12950002e-01 -2.91499976e-02 -6.04500012e-02  2.08750003e-01
 -1.99699995e-01  2.76499994e-02  2.72999982e-02 -1.69949997e-01
  3.11700002e-01  3.24850009e-01  1.34399999e-01  2.37800004e-01
 -4.40800008e-01 -6.96500028e-02 -1.21799998e-01  2.45999955e-02
 -8.61650014e-01  3.32150008e-01 -1.30749998e-01  2.49150004e-01
 -1.53800008e-01 -1.90899994e-01  7.14649998e-01 -6.16499993e-01
  2.43600003e-01 -3.00000003e-01 -2.11700000e-01  2.68549994e-01
 -3.51499971e-02 -4.49049989e-01 -7.24000011e-02 -9.24649999e-01
  6.64999872e-03 -1.45999992e-01  7.55500006e-01  3.02399984e-01
 -3.46100011e-01 -1.49995612e-04  2.83400006e-01  2.84000020e-02
 -2.84949996e-01 -4.85000573e-03  4.33149999e-01 -6.08500037e-02
 -4.56600005e-01 -3.92899998e-01 -2.51350002e-01 -2.77149996e-01
 -3.42000001e-01 -4.53499999e-01 -1.27099995e-01 -2.28200006e-01
  3.77400006e-01  2.30550000e-01  5.87499971e-02 -6.57999981e-02
 -1.79999983e-02 -2.15999968e-02 -3.44499998e-01  3.08950006e-01
  7.15999998e-02 -7.14500025e-02  4.58000014e-02 -3.68250008e-01
  4.06599986e-01 -3.06649997e-01  1.59849999e-01 -8.04000022e-02
 -2.00500023e-02  5.98500031e-02 -4.48100004e-01  1.44199999e-01
 -6.04400025e-01  6.38749991e-01 -5.20450008e-01 -4.23500035e-02
 -2.59750003e-01  1.65399993e-01  1.73249999e-01  2.58449997e-01]"
近隣,"[ 3.660e-01 -1.387e-01  4.067e-01  1.830e-01  1.805e-01  6.140e-02
  3.090e-02  9.300e-03 -1.211e-01 -2.350e-02  1.430e-01  1.539e-01
  6.590e-02 -3.203e-01 -5.951e-01 -4.490e-02  1.511e-01  6.630e-02
 -1.961e-01 -6.840e-02 -1.325e-01  1.582e-01 -2.198e-01 -1.278e-01
  1.768e-01  5.430e-02 -2.199e-01  1.520e-02  2.063e-01 -1.812e-01
 -2.760e-02 -5.340e-02  4.830e-02 -3.649e-01  1.880e-02 -3.195e-01
 -5.040e-02  3.214e-01  5.320e-02 -1.980e-02 -2.580e-02 -1.321e-01
 -5.570e-02  6.420e-02 -4.550e-01  4.980e-02  5.450e-02 -1.657e-01
  2.192e-01  7.350e-02  7.560e-02  3.980e-02  2.342e-01  1.606e-01
  1.305e-01 -2.270e-02  1.088e-01 -2.730e-02 -2.939e-01 -3.510e-02
 -1.000e-03 -1.019e-01  1.677e-01  2.086e-01  1.811e-01  1.604e-01
 -9.820e-02 -7.860e-02 -3.660e-02  2.187e-01 -1.150e-02  1.790e-02
 -2.759e-01 -1.470e-02  6.790e-02 -7.830e-02 -1.880e-02 -4.030e-02
  6.690e-02 -8.480e-02 -1.410e-02  2.270e-01  2.210e-02  9.630e-02
  1.600e-03  1.813e-01 -2.909e-01  2.045e-01  2.092e-01 -1.305e-01
 -2.653e-01 -1.197e-01  1.114e-01  1.951e-01  2.602e-01 -1.720e-02
 -2.929e-01  1.999e-01 -2.460e-01 -2.020e-01  1.209e-01  2.750e-02
  2.520e-02  1.117e-01  7.520e-02  8.856e-01 -1.601e-01 -1.761e-01
 -1.848e-01  2.060e-01  1.605e-01  6.930e-02  7.060e-02 -2.753e-01
 -2.429e-01 -2.323e-01  9.190e-02  4.470e-01  2.767e-01  3.270e-02
 -1.498e-01 -2.820e-02  6.550e-02  4.505e-01 -5.900e-03  1.497e-01
 -8.360e-02 -3.100e-02  1.258e-01  1.266e-01 -5.070e-02 -1.235e-01
  2.964e-01 -7.300e-02  5.640e-02 -2.160e-01  8.560e-02 -5.500e-03
 -3.980e-02 -2.060e-01  1.690e-02  4.870e-02  2.282e-01  9.430e-02
  3.112e-01  2.622e-01  8.030e-02 -1.546e-01 -1.549e-01 -2.670e-02
 -8.900e-03 -4.000e-04  2.655e-01 -7.360e-02  2.509e-01 -2.326e-01
  8.140e-02 -8.720e-02  1.076e-01 -5.100e-02 -9.580e-02  1.710e-02
  9.700e-02  1.146e-01 -1.760e-02  1.448e-01 -3.244e-01  1.290e-01
  6.000e-04  1.310e-01 -1.449e-01  1.306e-01  1.488e-01 -9.930e-02
 -1.678e-01  6.510e-02 -1.326e-01  8.510e-02  3.890e-02 -2.400e-02
 -1.339e-01 -2.165e-01 -3.980e-01  2.086e-01  2.468e-01 -3.430e-02
  1.055e-01  2.410e-01 -5.810e-02 -3.740e-02  7.470e-02  1.477e-01
 -7.720e-02  1.480e-02  4.083e-01 -1.000e-02 -3.420e-02  8.860e-02
 -1.595e-01  2.010e-01 -4.900e-02  1.613e-01  2.771e-01 -2.955e-01
 -2.680e-02 -1.761e-01 -9.800e-03  2.863e-01  6.020e-02 -2.138e-01
 -1.191e-01  9.030e-02 -2.895e-01  2.092e-01  3.060e-02 -9.730e-02
 -1.880e-02 -7.164e-01  1.068e-01 -1.350e-02  5.280e-02  3.480e-02
 -3.699e-01 -2.879e-01  4.580e-02  9.030e-02 -9.820e-02  2.051e-01
  2.705e-01  6.530e-02  1.048e-01 -9.000e-04 -3.023e-01  9.540e-02
 -1.217e-01 -6.400e-02 -1.354e-01  1.575e-01  1.155e-01  1.804e-01
  2.780e-02 -2.577e-01  2.162e-01 -3.172e-01 -8.860e-02  8.330e-02
 -1.052e-01  6.213e-01 -2.001e-01 -2.432e-01 -6.300e-02 -3.206e-01
  1.796e-01 -4.232e-01  2.339e-01  1.301e-01 -1.890e-02 -1.119e-01
  1.954e-01  2.986e-01  2.261e-01  1.772e-01 -8.130e-02 -2.287e-01
 -1.132e-01 -1.351e-01  4.780e-02  6.670e-02 -1.625e-01 -6.940e-02
 -1.888e-01  2.241e-01 -4.150e-02 -2.843e-01 -2.150e-02  1.426e-01
 -8.600e-02  4.008e-01 -2.674e-01  1.638e-01  4.680e-01  9.740e-02
 -1.965e-01 -3.270e-02 -2.362e-01 -1.215e-01  4.840e-02 -1.410e-01
 -1.035e-01  1.838e-01  1.538e-01  1.345e-01 -7.040e-01 -1.570e-02
 -2.715e-01  2.111e-01 -2.493e-01  8.030e-02 -1.131e-01  1.215e-01]","[ 1.28324999e-01  4.08000007e-02  4.11875002e-01  1.21325000e-01
  1.14250001e-01  2.93500014e-02 -3.56250037e-02 -1.79250005e-02
 -6.28750008e-02 -6.50000758e-04  1.24725004e-01 -4.42500226e-03
 -5.07499981e-02 -1.04200003e-01 -4.54574987e-01 -4.93999984e-02
  8.84249988e-02  3.03749982e-02 -1.17349997e-01 -4.18500016e-02
 -4.04999871e-03  1.41599999e-01 -1.43800000e-01  3.09999799e-03
  8.91999975e-02  2.19500000e-02 -1.71499969e-02 -1.77500007e-02
 -2.22999994e-02 -3.18500003e-02 -5.93750012e-02 -1.73249980e-02
  1.54225004e-01 -1.60224997e-01 -7.00000022e-03 -4.21499982e-02
  1.05074997e-01  9.62249967e-02  2.12999973e-02 -5.79250026e-02
  3.66000002e-02 -8.74999911e-03 -1.10499999e-02 -5.11249993e-02
 -1.39950004e-01  8.14999966e-03  5.06000016e-02 -1.59900002e-01
  1.01375003e-01  1.05349999e-01  8.41499995e-02  3.85249997e-02
  5.43499999e-02  1.42600003e-01  2.22499985e-02  6.75000027e-02
  8.94499992e-02 -1.93624999e-01 -8.19000024e-02  5.40499995e-02
  2.83249994e-02 -1.62750003e-02  1.55449999e-01  1.05149999e-01
  2.06449999e-01  5.82000008e-02 -1.02549998e-01  5.25000039e-03
 -8.28250018e-02  1.25500002e-01 -1.06224999e-01  1.56500000e-02
 -1.48100000e-01 -9.51749992e-02 -5.09999870e-03 -1.16125003e-01
 -7.10000009e-02 -8.89999988e-02 -6.02500103e-03  5.87500073e-03
 -8.67500063e-03  7.24999700e-03 -8.63500009e-02 -4.52499837e-03
  1.70500015e-02 -6.52500056e-03 -6.84999982e-02  7.92000014e-02
  3.11750006e-02  1.10500008e-02 -5.49250012e-02 -5.27749993e-02
 -8.26499965e-02  5.11999996e-02  3.39999991e-02 -1.79249998e-02
 -2.23975001e-01  1.35725004e-01 -2.02750023e-02 -7.31250008e-02
  5.56250010e-02  2.14075002e-01  4.90000020e-02 -5.06500006e-02
 -5.67250000e-02  5.55349991e-01 -6.23499984e-02 -1.94749990e-02
 -1.17599999e-01  3.55499985e-02 -3.29999989e-02  8.19750028e-02
  8.11750013e-02 -1.44749998e-01  2.78000003e-02 -9.39999707e-03
  1.30000000e-02  9.96249993e-02  1.87774997e-01 -6.29500002e-02
 -5.18500060e-02 -2.05500009e-02  7.76249990e-02  4.10250038e-02
  6.18749992e-02 -1.29999919e-03 -2.98250001e-02 -5.48749999e-02
  1.03675004e-01 -4.61499984e-02 -6.60000008e-02 -4.02999986e-02
  1.43050004e-01  1.64750009e-02  2.88000008e-02 -3.09475001e-01
  2.39500003e-02 -2.66500013e-02  6.27499982e-03 -5.08250003e-02
 -1.49999978e-04 -2.57250005e-02  3.64750000e-02  7.15750000e-02
  4.00225006e-01  1.14225001e-01  1.82500016e-02  5.07500116e-03
 -5.90000045e-03  1.75000075e-03  5.35249976e-02  4.99250002e-02
  7.51500027e-02 -1.26550002e-01  2.14750004e-01 -1.05975000e-01
  3.34000001e-02 -1.38974997e-01 -1.82499737e-03 -1.53999999e-02
 -7.97999986e-02  3.17000014e-02  9.98999998e-02  4.83250013e-02
  3.88250016e-02  1.13375003e-01 -2.38600006e-01  6.46249992e-02
  2.46749998e-02 -5.78250019e-02 -1.03249992e-02  1.03800001e-01
 -4.97500133e-03 -4.14999994e-02 -5.73250009e-02  4.35249992e-02
 -1.03474997e-01 -5.67500154e-03 -1.89000005e-02  2.07500067e-03
 -6.53500003e-02 -1.21149996e-01 -2.85250006e-01  1.15974998e-01
  1.36050001e-01 -9.28000004e-02 -1.12250010e-02  2.23424997e-01
  3.98750016e-02 -6.96499990e-02  3.32500003e-02  2.05500006e-02
  4.84749991e-02 -1.90500023e-02  1.89575004e-01 -1.80500010e-02
  2.02000015e-02  4.28499989e-02 -9.99749992e-02  6.45750026e-02
 -7.10000098e-03  2.46500014e-02 -8.70000012e-03 -1.75525001e-01
 -1.05750002e-02 -1.22100001e-01  2.88499999e-02  6.64249994e-02
  2.38499991e-02 -3.36500008e-02 -8.59999992e-02 -4.52250000e-02
 -9.65249985e-02 -4.60000150e-03 -1.60900000e-01 -4.39499998e-02
 -7.22749983e-02 -6.34600021e-01  1.97500037e-03  6.40000010e-03
  2.19750009e-02  2.24999998e-02 -1.59199996e-01 -9.06499997e-02
 -2.80249994e-02 -1.38199998e-01  3.47499922e-03  1.74125003e-01
  7.32500011e-02  2.92750010e-02  8.70250002e-02  5.92500010e-02
 -2.69575000e-01 -3.28500010e-02 -4.26749989e-02 -1.62999993e-02
 -2.76500002e-01  6.15750002e-02  2.37500006e-02  1.36024996e-01
  3.49499998e-02  5.72499912e-03 -1.31250024e-02 -3.12449999e-01
  3.07999998e-02 -6.14999980e-02 -7.58249983e-02  3.72274995e-01
 -6.14500013e-02 -1.98250003e-01 -5.32500008e-02 -2.43524998e-01
  2.05499995e-02 -1.35925001e-01  1.15349999e-01  1.00225001e-01
 -7.20500026e-02  3.71249979e-02  3.69500013e-02 -1.48499999e-02
  6.60750028e-02 -3.12249996e-02 -1.24249991e-02 -1.70325002e-01
 -5.49000013e-02 -5.45000250e-03  7.83000011e-02  3.72749984e-02
 -7.33249988e-02 -1.46499997e-02 -1.05425002e-01  8.75499994e-02
  1.46500010e-02 -1.28674999e-01 -3.15749999e-02 -7.90000148e-03
 -5.42500038e-02  8.14499985e-02 -1.34499995e-02  6.32499903e-03
  2.67099996e-01 -1.84250008e-02 -3.89500011e-02 -1.11249983e-02
  5.44750011e-02 -2.37999987e-02 -1.05525002e-01 -8.99500009e-02
 -7.07500055e-03  1.28249992e-02  1.17499959e-02 -7.58999996e-02
 -3.34400006e-01  3.96999991e-02 -2.32949991e-01  1.25974996e-01
 -1.11374999e-01  3.24750016e-02 -1.46749999e-01  5.27249994e-02]"
跡地,"[ 5.540e-02 -3.000e-04  7.042e-01  4.420e-02  8.070e-02 -1.490e-02
 -8.240e-02 -1.163e-01 -8.200e-03 -2.120e-02  1.094e-01  1.674e-01
  1.340e-02  1.289e-01 -2.022e-01  1.261e-01  1.116e-01  3.021e-01
 -9.960e-02 -8.590e-02  1.097e-01 -7.300e-02 -1.398e-01 -7.910e-02
 -1.173e-01 -7.330e-02  5.290e-02 -2.045e-01  2.568e-01 -1.458e-01
 -7.780e-02 -1.450e-01  4.770e-02 -3.290e-01  5.000e-02  7.480e-02
  1.425e-01  2.250e-02 -1.654e-01  2.314e-01 -1.188e-01  2.176e-01
 -2.393e-01 -2.820e-02 -1.524e-01  1.919e-01  1.359e-01  2.428e-01
 -3.100e-02  1.112e-01 -3.490e-02  2.064e-01 -1.900e-03  1.531e-01
  1.421e-01 -6.920e-02  3.379e-01 -5.970e-02  8.840e-02  3.830e-02
 -1.243e-01 -2.470e-01 -2.595e-01 -1.179e-01  1.429e-01 -1.140e-01
 -1.785e-01  1.829e-01  1.741e-01  4.650e-02 -2.640e-01 -3.307e-01
  1.297e-01  1.957e-01  9.600e-03 -1.136e-01 -3.700e-02 -1.130e-02
  5.090e-02 -5.540e-02 -1.540e-01 -1.300e-03 -2.760e-02  2.617e-01
 -2.994e-01 -2.127e-01 -6.550e-02 -1.146e-01 -2.700e-02 -8.450e-02
  1.052e-01 -2.720e-01 -6.880e-02  2.574e-01  5.410e-02  1.434e-01
 -2.096e-01 -1.440e-01 -1.550e-01 -2.396e-01  2.220e-02  4.287e-01
 -1.338e-01 -1.420e-02  9.780e-02  5.260e-02 -3.820e-02 -1.870e-01
  8.780e-02  1.464e-01 -3.824e-01 -1.730e-01  1.808e-01 -1.770e-01
  1.595e-01  1.627e-01 -8.460e-02 -1.534e-01  2.694e-01  8.280e-02
  1.323e-01  8.800e-03  1.690e-01  2.856e-01 -2.506e-01  4.700e-02
  1.995e-01 -4.200e-02 -1.939e-01 -4.620e-02  4.250e-02 -7.870e-02
 -6.190e-02 -1.232e-01  1.732e-01 -1.955e-01  2.589e-01  2.192e-01
 -2.783e-01 -3.235e-01 -5.460e-02 -3.008e-01 -1.625e-01 -7.670e-02
  9.700e-02  1.229e-01  9.900e-02 -3.340e-02 -1.054e-01 -2.005e-01
  9.220e-02 -1.270e-02  1.493e-01 -2.639e-01  2.337e-01 -4.339e-01
  6.020e-02 -1.596e-01 -1.100e-03  6.660e-02  3.827e-01 -1.310e-01
  6.130e-02 -1.563e-01  1.270e-01  6.250e-02 -1.295e-01 -1.457e-01
  1.595e-01  5.510e-02  2.519e-01  1.885e-01  7.180e-02  4.520e-02
  1.540e-01 -3.400e-03  9.270e-02 -1.295e-01 -1.650e-01  1.220e-02
 -4.200e-03 -1.748e-01 -3.709e-01  3.964e-01  3.526e-01  6.680e-02
 -1.355e-01  1.738e-01  7.960e-02 -2.163e-01  1.178e-01  2.084e-01
 -3.780e-02  8.910e-02  5.620e-02  2.360e-02  2.576e-01 -6.210e-02
 -1.266e-01  3.820e-02 -1.054e-01  2.349e-01  7.040e-02 -4.362e-01
  5.690e-02  1.704e-01  1.417e-01 -5.270e-01 -5.740e-02  6.880e-02
 -3.480e-02 -2.550e-01  1.320e-01  2.376e-01  1.035e-01 -3.554e-01
  5.790e-02 -7.458e-01 -4.753e-01 -9.720e-02  2.452e-01 -9.790e-02
  3.302e-01  2.040e-02 -6.010e-02 -4.974e-01  3.340e-02 -6.950e-02
  1.800e-01  3.653e-01  3.311e-01  3.231e-01 -1.600e-01 -2.150e-02
  2.084e-01  2.142e-01 -2.745e-01  2.650e-02  5.560e-02 -2.642e-01
 -3.610e-02 -6.870e-02  1.306e-01 -4.244e-01 -4.740e-02 -4.202e-01
 -1.832e-01 -9.260e-02 -2.364e-01 -4.442e-01  1.639e-01 -2.362e-01
 -4.640e-02 -1.754e-01  2.217e-01 -1.429e-01  1.759e-01 -3.467e-01
  1.284e-01 -2.355e-01 -9.760e-02 -1.481e-01  1.550e-02  8.330e-02
 -3.136e-01 -2.070e-01  4.040e-02  6.980e-02 -3.023e-01 -2.074e-01
  1.045e-01  2.010e-02  1.346e-01 -2.835e-01  8.390e-02 -1.650e-01
  7.430e-02 -9.440e-02  2.386e-01 -1.338e-01  6.433e-01 -2.910e-02
 -2.990e-02  1.925e-01  2.682e-01 -1.810e-01 -1.030e-02  9.370e-02
  5.590e-02  2.472e-01 -3.794e-01  3.992e-01 -5.230e-01  2.385e-01
 -2.802e-01  1.400e-03 -7.690e-02  3.949e-01  2.350e-02 -1.847e-01]","[ 8.01499970e-02  2.29999998e-02  8.14250007e-01  6.12000003e-02
  3.31049990e-01  5.54499994e-02 -7.14499988e-02 -1.75100001e-01
 -1.31500003e-01 -1.82999996e-02  1.79650002e-01  8.49500000e-02
 -6.77999966e-02 -9.76999961e-02 -2.46050000e-01  1.83550008e-01
  1.47399997e-01  3.84499997e-01 -2.37149999e-01 -7.29499981e-02
  2.12400001e-01  1.96400002e-01 -3.18349997e-01 -3.00999992e-02
  1.87450003e-01 -1.54750002e-01 -9.99999959e-02 -4.88499999e-02
  2.24099996e-01 -3.31199996e-01 -1.88999996e-01 -7.93500021e-02
  1.41049998e-01 -4.81000006e-01 -4.14999924e-03  1.23150002e-01
  2.58499999e-02  5.93500007e-02 -1.82050001e-01  1.58549998e-01
 -2.71449998e-01  2.85850003e-01 -1.04699999e-01 -3.74499988e-02
 -7.49000013e-02  1.14450000e-01  1.35800000e-01  1.87900007e-01
 -7.42499996e-02  8.32499973e-02 -2.06499994e-02  2.50250001e-01
 -9.64999828e-03  1.59250000e-01  2.84000006e-01  9.25499937e-02
  2.79550008e-01  8.85499995e-02  1.86050002e-01  2.29799999e-01
 -1.39750002e-01 -2.67949995e-01 -3.50250002e-01  1.79000013e-02
  1.84349995e-01 -3.36500006e-02 -1.94349997e-01 -5.00001013e-04
  1.60999995e-01  2.47950004e-01 -2.22399999e-01 -1.79100007e-01
  2.20400006e-01 -7.64999166e-03 -2.69249990e-01 -7.56000006e-02
  4.58500013e-02 -2.46049994e-01 -2.06499975e-02 -1.85500000e-01
 -8.19000006e-02 -1.96000004e-02 -1.44500003e-01  2.46149998e-01
 -1.68750003e-01 -1.42049997e-01 -2.67999992e-02 -1.48700003e-01
  9.34000004e-02 -8.38000006e-02  1.17550001e-01 -3.25650011e-01
 -1.40250001e-01  2.16850002e-01 -4.69500013e-02  4.48500000e-01
 -3.10149997e-01 -7.72499968e-02 -1.84350001e-01 -1.79500002e-01
  5.05499989e-02  5.34349993e-01 -1.97549999e-01 -8.30499995e-02
  1.88750003e-01  2.34500008e-01  7.45499991e-02 -1.09650003e-01
  1.21700000e-01  2.61000022e-02 -4.05350000e-01 -1.74199998e-01
  2.43699999e-01 -8.57000016e-02  3.06450009e-01  1.02349997e-01
 -6.72999998e-02 -7.43499994e-02  1.44250005e-01 -1.17899999e-01
  1.94300005e-01  3.69999930e-03  2.46199999e-01  2.94450001e-01
 -2.86900003e-01  1.41599998e-01  2.21299998e-01  1.38999986e-02
 -2.10450000e-01 -1.18400000e-01  3.14000007e-02 -1.31400000e-01
  6.18999954e-02 -1.94349997e-01 -7.11000049e-02 -3.11049996e-01
  1.77099993e-01  1.57949999e-01 -4.92499992e-01 -2.05700004e-01
 -5.22499997e-02  1.76499989e-02 -3.34750004e-01 -1.10050000e-01
  2.22900003e-01  1.75499991e-02  1.72249999e-01 -1.48999989e-02
 -2.54600007e-01 -3.32850002e-01  9.85000010e-02  2.04999978e-03
  2.07349995e-01 -2.80050006e-01  2.13850002e-01 -3.61749999e-01
 -4.95499931e-02 -1.62550001e-01  6.44999929e-03  2.31300000e-01
  3.81499991e-01 -9.58499983e-02 -6.70000026e-03 -2.09699996e-01
  1.39750002e-01  1.48899999e-01 -1.33650005e-01 -8.23999979e-02
  1.15000084e-03  1.19749999e-01  2.88349990e-01  1.28900000e-01
  1.14850011e-01  2.25000270e-03  5.38999960e-02  1.60000004e-02
 -4.27500010e-02 -1.35350000e-01 -1.22200001e-01  1.96599999e-01
  5.26000021e-02 -1.41499960e-02 -4.14650001e-01  3.52200001e-01
  1.17750004e-01 -8.55500028e-02 -8.28500018e-02  1.67150004e-01
  2.25049999e-01 -1.72750000e-01  1.62750000e-01  1.04150001e-01
 -2.99999490e-04  1.83699999e-01  8.78999997e-02  1.20700000e-01
  3.28550000e-01 -1.25400001e-01 -2.12399997e-01  4.37499993e-02
 -3.49700013e-01  2.51349997e-01  7.23500014e-02 -4.54699993e-01
 -2.66999993e-02 -1.12200007e-01  1.21050000e-01 -6.05650008e-01
 -3.38500049e-02  2.86699995e-01  5.12500014e-02 -1.54399995e-01
 -1.14950001e-01  9.54499992e-02  6.45500007e-02 -2.24399997e-01
  1.09550001e-01 -1.12305000e+00 -1.70299999e-01 -1.93299998e-01
  3.03499997e-01 -1.24450002e-01  3.32649995e-01  1.63499983e-02
  4.15500026e-02 -3.07399989e-01  9.92999990e-02 -2.97500044e-02
  3.08200002e-01  2.45750001e-01  2.53449996e-01  4.74800006e-01
 -4.07899991e-01 -3.79500005e-02  6.12999946e-02 -1.45999901e-02
 -4.55800012e-01  7.04999920e-03  2.57049998e-01 -1.19850001e-01
  2.03550003e-01 -2.66499966e-02  1.20400004e-01 -4.82999995e-01
 -1.40199998e-01 -4.58400000e-01 -3.38349998e-01  2.31449991e-01
 -1.88999997e-01 -6.38400003e-01  1.15699999e-01 -4.17750001e-01
 -1.34099997e-01 -5.38500026e-02  2.47249996e-01  4.38999906e-02
  8.52999985e-02 -3.29600010e-01  1.05949997e-01 -1.81999994e-01
 -2.01399997e-01 -1.88000001e-01 -2.44999947e-02 -4.11499999e-02
 -2.86700003e-01 -9.48000029e-02 -2.21600004e-01 -2.45000049e-03
 -2.61950002e-01 -2.21249994e-01  1.13100003e-01 -2.84499996e-02
  2.17600003e-01 -1.21049993e-01 -2.05999948e-02 -1.98850002e-01
  1.67550001e-01  1.35100000e-01  2.94149995e-01 -1.56849999e-01
  7.01449990e-01  1.29500002e-01 -1.85499992e-02 -2.13150002e-01
  1.26000009e-01 -4.56999995e-01  1.24450007e-01  5.42999990e-02
  9.56499986e-02  2.12999997e-01 -5.20100009e-01  3.38349998e-01
 -4.77399997e-01  2.39049997e-01 -2.45650006e-01 -1.22549996e-01
 -1.52899999e-01  4.54149995e-01  9.16999988e-02 -2.28349995e-01]"
皇后,"[ 3.7240e-01  3.9000e-03  3.7010e-01  4.7000e-03 -1.2900e-02 -8.8600e-02
 -1.4960e-01 -5.1900e-02  1.1810e-01  4.2900e-02  2.4600e-02 -9.7800e-02
  3.5500e-02  5.8200e-02 -2.3380e-01  3.0680e-01  4.0800e-02 -2.1820e-01
 -2.8540e-01  4.4640e-01 -3.0340e-01 -1.1200e-01 -4.5740e-01  4.7460e-01
  1.6610e-01  2.1910e-01  2.2000e-02  3.6400e-02  5.1000e-02 -1.3350e-01
  7.4800e-02  4.0900e-02  8.1500e-02 -7.8500e-02 -1.5180e-01 -2.3700e-02
  3.1170e-01  1.8520e-01  2.5280e-01 -2.0900e-02  1.3590e-01 -1.8220e-01
  1.2740e-01  1.3880e-01  1.8690e-01  3.5430e-01  1.8070e-01  3.9160e-01
  1.7490e-01 -2.3330e-01 -7.4900e-02  1.0730e-01 -3.5300e-02 -1.5650e-01
  5.3600e-02  3.6740e-01  4.9900e-02 -3.4230e-01  6.2300e-02  2.2710e-01
  4.3570e-01  1.2850e-01 -2.5040e-01  1.0400e-02 -1.4430e-01  4.4370e-01
  1.4450e-01  2.1570e-01 -2.7770e-01 -1.6540e-01 -2.4110e-01 -3.3720e-01
 -2.8720e-01  2.9890e-01 -4.3730e-01  2.3000e-03 -2.2200e-02  3.1940e-01
  4.7540e-01  5.7000e-02  3.3700e-02 -6.4500e-02 -3.0500e-02  1.4490e-01
 -2.8350e-01  1.7640e-01 -2.1530e-01  1.1470e-01  1.9830e-01  7.8400e-02
  1.7200e-02  2.2080e-01  1.6300e-02 -1.9210e-01  7.1900e-02  3.8400e-02
 -3.3700e-01  1.7190e-01  8.0000e-03 -1.3610e-01 -1.1940e-01  7.9700e-02
  6.4700e-02  1.3960e-01 -2.6540e-01  1.5540e-01 -1.0130e-01 -1.2240e-01
 -1.1150e-01  3.1800e-02 -1.2780e-01  1.4120e-01  2.7180e-01  1.8940e-01
  2.9800e-02  2.7580e-01 -5.1600e-02  2.6590e-01  2.7300e-02  2.6300e-02
  8.7700e-02 -6.7000e-03 -1.0680e-01  1.2900e-01 -2.8000e-03  4.2700e-02
  1.0900e-01 -5.7000e-02 -1.9710e-01 -8.5800e-02  5.3500e-02 -7.4800e-02
  4.0190e-01 -1.1410e-01 -8.1400e-02  1.0890e-01 -1.7390e-01  1.0270e-01
 -1.4490e-01  4.5300e-02 -7.1100e-02 -6.3200e-02  6.3000e-03  1.1190e-01
  4.0230e-01 -7.7000e-02  3.2690e-01  1.2240e-01  1.2700e-02 -2.9700e-02
 -6.1500e-02 -2.0180e-01  3.5480e-01  3.9150e-01 -4.7700e-02 -2.9550e-01
  2.6200e-01  1.7960e-01 -4.3000e-03 -6.4600e-02  2.4710e-01  6.7400e-02
 -2.1220e-01  3.5140e-01  6.7790e-01  2.5320e-01  2.1300e-02 -1.2210e-01
 -1.6980e-01 -9.1100e-02  1.5740e-01  3.0090e-01  1.3540e-01 -1.6820e-01
 -8.2000e-03  2.4500e-02  7.5300e-02  1.9400e-02 -4.7280e-01 -3.1470e-01
  5.4300e-02 -3.4900e-02  1.7000e-02  1.1580e-01  9.7900e-02 -2.9840e-01
  3.5490e-01 -1.0580e-01  2.3130e-01 -3.5500e-02  2.9200e-02 -4.5140e-01
 -6.7000e-03  2.3400e-02 -1.9520e-01  2.7580e-01  4.9150e-01 -4.6910e-01
  1.8910e-01 -5.3900e-02  5.9600e-02 -1.0920e-01 -1.8130e-01 -1.7170e-01
 -5.4000e-02  1.3260e-01 -2.3560e-01 -3.5760e-01 -1.5640e-01  2.2220e-01
 -2.6360e-01  3.3440e-01 -4.8590e-01 -1.4570e-01 -7.0600e-02  1.0500e-02
  5.5310e-01 -1.0246e+00  2.4300e-02 -5.5000e-02  1.9000e-01 -9.2000e-02
 -6.7200e-02  1.1980e-01  5.8900e-02 -2.3490e-01  9.0500e-02  1.6020e-01
 -4.3950e-01  8.0100e-02 -6.0100e-02 -1.7990e-01 -5.7200e-02 -3.7360e-01
 -2.5290e-01 -4.9200e-02 -3.1640e-01  9.1600e-02  2.0600e-01 -1.6210e-01
  1.1800e-01  2.6060e-01  1.3790e-01 -4.4660e-01  3.4210e-01 -2.7060e-01
 -1.8470e-01  1.2630e-01  2.1510e-01 -1.0510e-01 -2.0450e-01 -2.5450e-01
 -1.7310e-01  1.9040e-01  2.6300e-02  1.8490e-01 -3.1250e-01 -1.6900e-02
 -1.3480e-01 -8.4300e-02  2.1910e-01  3.9620e-01  2.8720e-01 -1.4170e-01
 -1.5540e-01 -8.5000e-03  1.9090e-01  7.1000e-03 -6.7300e-02  1.7810e-01
  3.8120e-01 -1.3730e-01  8.2500e-02 -3.4370e-01  1.4230e-01 -3.2410e-01
 -8.8900e-02 -7.3900e-02  1.3060e-01  2.1110e-01 -8.3200e-02  1.6200e-01
 -8.5900e-02 -2.3830e-01  4.5800e-02  7.9800e-02  3.5430e-01 -2.8940e-01
  1.5220e-01 -1.6100e-01 -1.1480e-01  2.0330e-01  8.1500e-02 -2.3110e-01
  2.5770e-01  8.0000e-04 -2.0050e-01  3.3500e-02  3.3150e-01 -2.5680e-01]","[ 0.49189998 -0.0091      0.2436      0.0569     -0.0539     -0.1403
 -0.2289     -0.1517     -0.0099      0.0899     -0.0286     -0.2164
  0.0921      0.1399     -0.25749999  0.27230001  0.029      -0.3319
 -0.4543      0.47499999 -0.30520001  0.0226     -0.803       0.67379999
  0.31559999  0.47999999  0.1016      0.1316     -0.09640001 -0.08679999
  0.1922      0.102       0.1187     -0.1498     -0.36420001 -0.0113
  0.21249998  0.40210001  0.37759998 -0.14890001  0.16060001 -0.1858
  0.0267      0.0526      0.1973      0.54279999  0.2585      0.42940001
  0.1197     -0.1701      0.0812      0.0573     -0.1482     -0.2415
 -0.0154      0.34439999  0.1144     -0.3663      0.0345      0.216
  0.5619      0.2825     -0.30200001  0.0222     -0.1923      0.68429999
  0.1418      0.3217     -0.56999999 -0.1836     -0.2297     -0.55279998
 -0.2166      0.26830001 -0.5394      0.1101      0.0257      0.47740002
  0.5169      0.0311     -0.0472     -0.0833     -0.20269999  0.23319999
 -0.37569999  0.22620001 -0.1826      0.28789999  0.3565      0.0568
  0.1255      0.3235      0.076      -0.3451      0.0563      0.1049
 -0.52380002  0.2164     -0.0169     -0.18929999 -0.056      -0.04750001
  0.0164      0.2264     -0.31819999  0.21489999  0.0079     -0.2369
 -0.1625     -0.081      -0.1548      0.16080001  0.46340001  0.3273
 -0.0838      0.40229999 -0.2776      0.24609999 -0.12719999  0.0216
  0.1004      0.0271     -0.1279      0.04119999 -0.0626      0.0897
  0.1032     -0.0671     -0.215      -0.0616      0.1723     -0.0722
  0.65959999 -0.1412     -0.1259      0.0925     -0.18109999  0.0042
 -0.10699999  0.1626     -0.1035      0.1089      0.0352      0.0368
  0.87149999 -0.1161      0.35650001  0.0812      0.08        0.0787
 -0.0224     -0.383       0.73959997  0.5697     -0.27279999 -0.42470001
  0.3228      0.1629      0.0807     -0.1761      0.3085      0.1202
 -0.2793      0.42529999  0.72720002  0.1958      0.0701     -0.1705
 -0.1207     -0.211       0.25189999  0.27010001  0.1872     -0.2619
 -0.1655      0.1005      0.0254     -0.026      -0.64489998 -0.48290001
  0.0931     -0.2234      0.0296      0.171       0.266      -0.55810001
  0.4351     -0.1026      0.3141     -0.1179      0.0547     -0.54450001
 -0.2173      0.0565     -0.0857      0.25539999  0.57759999 -0.5986
  0.2826      0.0388     -0.0069     -0.1501     -0.2339     -0.0911
 -0.1317      0.13899999 -0.26209999 -0.61110002 -0.2507      0.1468
 -0.38399999  0.4317     -0.30770001 -0.3361      0.04669999  0.1123
  0.62589999 -1.50030002  0.0725     -0.0465      0.1509     -0.2069
 -0.0175      0.0643      0.0916     -0.2148      0.1098      0.2407
 -0.468       0.0991     -0.1352     -0.277      -0.119      -0.37440001
 -0.42380001  0.0106     -0.60299999  0.2183      0.2448     -0.1993
  0.1861      0.2847      0.20919999 -0.56059999  0.39779999 -0.06259999
 -0.3503      0.09910001  0.3083     -0.6662     -0.06550001 -0.3872
 -0.35329999  0.1997      0.0075      0.2637     -0.2806     -0.005
 -0.1436     -0.0612      0.3565      0.4686      0.4567     -0.0943
 -0.11689999 -0.0705      0.1254     -0.0829     -0.19279999  0.1935
  0.59479998 -0.00569999 -0.0277     -0.40299999  0.16219999 -0.55979998
 -0.0609     -0.0624      0.10990001  0.3106     -0.0144      0.1244
 -0.1036     -0.2502      0.0578      0.0485      0.37659999 -0.38370001
  0.1356      0.0088     -0.0628      0.1827      0.1485     -0.34149999
  0.3436      0.078      -0.1606      0.1581      0.21929999 -0.1959    ]"
屋敷,"[-0.0344 -0.1167  0.6093  0.1542  0.1866 -0.222  -0.1404  0.2545 -0.0244
  0.3443  0.0458  0.0461 -0.0655 -0.1291 -0.2351 -0.1218 -0.0639 -0.0442
 -0.1869 -0.1855  0.3099 -0.0616 -0.2557  0.2037  0.0662 -0.4381  0.1188
 -0.2622 -0.0534 -0.1836  0.0513 -0.0557  0.2048 -0.182  -0.232  -0.0921
  0.0717  0.0479  0.2511  0.0856 -0.0102 -0.0679  0.2176 -0.1929 -0.2309
  0.1833  0.1172  0.009   0.054   0.0272 -0.2991  0.2026  0.1584  0.0665
 -0.2039  0.2202  0.2284 -0.1348 -0.0239  0.1576 -0.1393  0.1384 -0.1481
  0.2682  0.0584  0.1289 -0.1175  0.139  -0.0301 -0.0524 -0.1765 -0.0268
  0.1173  0.0787  0.1193 -0.2636 -0.201  -0.1105 -0.1336 -0.0301  0.0729
  0.0296 -0.0694 -0.0873 -0.2827 -0.1266 -0.01   -0.0505 -0.0074  0.0204
 -0.011  -0.163  -0.2542 -0.178  -0.0709  0.4836 -0.1143 -0.1942 -0.0887
  0.274   0.3005  0.3593 -0.0648 -0.1859  0.0757  0.1369  0.0128 -0.1984
  0.0496  0.2001 -0.3753 -0.1531  0.2722 -0.1615  0.2997  0.0773 -0.1136
  0.1904  0.003  -0.0219  0.1157 -0.0866 -0.1427  0.1787 -0.3708 -0.2033
  0.0491 -0.315  -0.4803  0.2296 -0.0427  0.0011  0.2446 -0.381  -0.0019
  0.1197  0.1974 -0.0566 -0.2139  0.0468  0.0987 -0.1241  0.2291 -0.2202
  0.2167 -0.0675  0.4773 -0.0593  0.0473  0.182   0.363  -0.2286  0.3168
  0.0311  0.0286  0.2432 -0.0221 -0.143  -0.0197  0.0338  0.1659 -0.124
  0.0018 -0.0628  0.0296 -0.286  -0.1158 -0.3906 -0.0453  0.0326  0.0104
 -0.0297  0.1502  0.0727 -0.1478 -0.0744  0.0304  0.1783  0.252   0.1867
  0.0741 -0.4784 -0.0131  0.2624 -0.1786  0.0865 -0.2321 -0.2913  0.0526
 -0.1442  0.2537  0.21    0.3284  0.1028 -0.1633  0.0986  0.134  -0.1413
 -0.0185 -0.1858 -0.0783  0.3294 -0.0424 -0.1063  0.1408  0.1293 -0.0472
 -0.378   0.1319  0.0141 -0.2062  0.1247 -0.1444 -0.04    0.1828 -0.2535
  0.0224 -0.8115  0.051   0.263   0.1795 -0.2113  0.1645  0.0791  0.1468
 -0.3225 -0.3083 -0.1142  0.4534  0.0896  0.3491  0.2008 -0.2596  0.1992
  0.0056  0.1139 -0.4812 -0.2601  0.2477 -0.1453  0.1392 -0.3217  0.0054
 -0.4386  0.1908 -0.2611 -0.4957  0.3128  0.1375 -0.4186 -0.021  -0.3065
 -0.217   0.1075 -0.0026  0.1123 -0.2396 -0.1454 -0.034   0.173  -0.091
 -0.1633 -0.1118  0.0344 -0.3042 -0.2478  0.0151 -0.0466  0.0048 -0.3808
  0.2514 -0.0439  0.2038  0.1302  0.2326  0.1304 -0.269   0.3037 -0.1532
 -0.2911 -0.1055  0.1839  0.2081 -0.2638  0.0806 -0.1717  0.0728 -0.046
 -0.313   0.4003 -0.527   0.0835 -0.1939  0.2245 -0.2128 -0.1411 -0.0772
  0.0619  0.0202 -0.1567]","[-5.16499979e-02 -2.78287497e-01  1.70381252e+00  1.98124999e-01
  3.38599989e-01 -4.23099999e-01  1.21812498e-01  2.26412499e-01
 -1.21125004e-01  4.68700002e-01  1.90662501e-01  1.38862502e-01
 -1.80149994e-01 -3.04162500e-01 -7.32299997e-01 -1.08212493e-01
  2.91549993e-01  1.57437504e-01 -6.03462500e-01 -1.97149996e-01
  4.64687481e-01 -1.55250003e-01 -1.23388750e+00  6.33062500e-01
  3.88975003e-01 -5.24650011e-01 -5.43875075e-02 -4.49124997e-02
  1.53987506e-01 -4.49149993e-01 -9.22875003e-02 -1.48049997e-01
  3.31987500e-01 -2.63837495e-01 -1.82337498e-01 -6.31249955e-03
 -1.01187493e-01 -2.62437504e-01  3.44312502e-01  3.05700004e-01
 -3.53000025e-02 -1.46024998e-01  2.98637504e-01  3.91749974e-02
 -3.77775004e-01  8.55899990e-01  1.00012502e-01  2.25625065e-02
 -2.52249996e-02  3.11712496e-01 -3.56000140e-02  2.18887498e-01
  3.24912499e-01 -1.03687500e-01  4.35250065e-02  2.71375003e-01
  3.04025006e-01 -2.46687502e-01  4.18975007e-01  5.26162497e-01
 -1.30462501e-01 -1.13787500e-01 -3.92837508e-01  3.53100005e-01
  1.11375001e-01  1.17375003e-01 -3.26487498e-01  3.67137495e-01
 -1.56899996e-01  1.13387498e-01 -3.79112493e-01 -3.60912502e-01
  2.67125001e-01 -1.50087493e-01 -1.00612492e-01 -3.81812496e-01
 -3.01212505e-01 -4.15074993e-01 -3.40462496e-01 -4.10662499e-01
  2.26249610e-03  1.28712500e-01 -4.63425001e-01  2.15087493e-01
 -4.57425007e-01 -1.97462495e-01  2.38012498e-01 -1.76450005e-01
  2.37349997e-01  1.74162501e-01 -4.80500013e-02 -4.52000007e-01
 -3.59925010e-01  3.85999988e-02  7.39625042e-02  1.07756249e+00
 -7.09100008e-01  3.74875060e-02 -3.30312500e-01  2.33674991e-01
  2.64412501e-01  7.79974975e-01 -2.69887500e-01 -2.70799998e-01
  7.27250003e-02  8.80987499e-01  5.10374991e-02 -2.73525002e-01
 -1.01000001e-01  2.99387508e-01 -7.00950008e-01 -2.09337504e-01
  5.40387490e-01 -1.87050013e-01  1.16812499e-01  2.92050000e-01
 -4.91324997e-01  4.36075013e-01  2.11412500e-01 -1.20999999e-01
  1.84137501e-01 -2.46037498e-01 -7.90499982e-02  2.26100001e-01
 -1.00574987e-01 -1.33837499e-01  2.20974998e-01 -1.83574998e-01
 -6.85375004e-01  9.99923500e-05 -2.37649991e-01  4.88124976e-02
  3.47450003e-01 -8.57387508e-01 -1.78825003e-01 -5.47537510e-01
  3.10362503e-01  5.47624998e-02 -5.38212505e-01  1.40824996e-01
  2.55900003e-01 -1.97187501e-01 -1.52500210e-03 -2.61087503e-01
  5.79462496e-01  7.38249984e-02  7.52362504e-01 -2.54999939e-03
 -3.23500075e-02  4.52337493e-01  3.76850007e-01 -2.38262496e-01
  6.06275000e-01 -1.49600002e-01  3.59412498e-01 -1.04137500e-01
 -3.57149997e-01 -2.84887510e-01  1.15399999e-01  1.70412494e-01
  4.28575002e-01 -9.11749977e-02 -2.89300000e-01 -1.12175002e-01
  2.68912503e-01 -2.41062512e-01 -2.98462501e-01 -1.87087501e-01
 -3.36112499e-01  2.31525002e-01  2.56875004e-02 -5.30999948e-02
  1.63450005e-01 -9.22499300e-03  5.10624982e-02  3.42612502e-01
  1.54124995e-01  3.99374955e-02  3.13350005e-01  1.47162497e-01
  2.16150008e-01 -7.19937497e-01 -2.65374968e-02  7.36174995e-01
 -1.89987495e-01 -1.73175005e-01 -1.21712499e-01 -1.88362502e-01
  1.96537499e-01 -3.41662498e-01  3.30812489e-01  2.79475001e-01
  3.84224990e-01 -2.84500008e-02 -2.28749942e-02  2.82812496e-01
  2.39637495e-01 -3.34449996e-01 -3.32699998e-01 -5.96762501e-01
 -2.04337513e-01  4.66987504e-01 -2.07062503e-01 -1.15525001e-01
  2.32712500e-01  2.47925000e-01 -2.62500040e-02 -8.61549998e-01
  4.93749978e-02  6.31375002e-01 -3.20012507e-01  4.87000010e-02
 -4.79337498e-01 -3.03537499e-01  2.08399999e-01 -4.27662508e-01
  9.02500141e-03 -2.77188748e+00 -1.54487497e-01  2.65800011e-01
  3.77662501e-01 -6.36499986e-02  2.65000007e-01  3.00974995e-01
  2.87724997e-01 -4.47374989e-01 -5.19862489e-01 -1.29325000e-01
  1.13082499e+00  3.15599990e-01  4.31437501e-01  6.58325008e-01
 -6.58487516e-01  4.05287500e-01 -2.32287499e-01  2.79850000e-01
 -1.12281251e+00 -2.00775007e-01  3.46462496e-01  7.77999970e-02
  2.80987502e-01 -4.31924997e-01  1.21687501e-01 -1.17634999e+00
 -1.28749985e-02 -6.82999998e-01 -6.37187499e-01  4.07599984e-01
  1.40650002e-01 -7.08599978e-01  2.04124985e-02 -1.08666251e+00
 -3.25537492e-01 -1.58250008e-02  1.35974994e-01  2.63400001e-01
 -5.47225001e-01 -5.10562499e-01  7.50249971e-02 -5.30250061e-02
 -3.82474999e-01 -2.91099990e-01  3.56374995e-02 -4.87125026e-02
 -5.68087497e-01 -1.89649998e-01  6.17874945e-02 -3.09525000e-01
 -3.30162499e-01 -3.12937508e-01  4.08550001e-01  9.90874984e-02
  3.72424998e-01  2.39712498e-01  3.93950008e-01  2.20400007e-01
 -3.49712494e-01  5.08625010e-01 -2.60575000e-01 -2.84399999e-01
  2.83200000e-01  3.28587500e-01  2.71875033e-02 -7.08524993e-01
  1.15537502e-01 -6.51887496e-01  1.89962511e-01 -2.19437496e-01
 -5.42149994e-01  4.76587493e-01 -8.45362510e-01  2.39062499e-01
 -5.31937510e-01  2.72412497e-01 -3.80087498e-01 -1.18500006e-01
 -1.97675004e-01  2.83012499e-01  6.65749965e-02 -5.52375019e-02]"
