aspect,aspect_vecs,cluster_main_vecs
駐車場,"[-0.2285      0.07669999  0.6989      0.1576      0.11939999 -0.1911
 -0.3615      0.0327     -0.1631      0.168       0.0366      0.2116
 -0.09019999  0.14570001 -0.30040002  0.5134      0.0509     -0.25280002
 -0.2684      0.0633     -0.2028      0.2115     -0.1121      0.2291
 -0.1947      0.0514      0.0495     -0.0069      0.2601     -0.33749998
 -0.22       -0.3587     -0.1888     -0.4161      0.1198     -0.2549
  0.0108     -0.0442     -0.2324      0.1051     -0.4303      0.29689997
 -0.0115      0.3614     -0.77619994 -0.1234      0.46969998  0.3566
 -0.18        0.72       -0.3821      0.0037      0.0486      0.77400005
  0.07009999 -0.4633      0.2977     -0.3789      0.2529     -0.41979998
 -0.0801     -0.37980002 -0.38700002  0.0763      0.1561     -0.0545
  0.1204      0.1438      0.1056      0.252       0.2296      0.0439
  0.0769      0.11350001 -0.0175     -0.1929     -0.1685     -0.0898
 -0.3875     -0.08130001 -0.4019     -0.13030002 -0.2149      0.0303
 -0.36870003  0.2389     -0.3133      0.3754      0.0181     -0.29470003
 -0.34309998  0.223      -0.2201      0.5861      0.24270001 -0.0693
 -0.2824      0.0112     -0.1437      0.1114      0.187       0.767
  0.1004      0.5389      0.0462      0.1186     -0.1689      0.0951
 -0.2476      0.2105     -0.8284     -0.3539      0.48510003 -0.1929
  0.2148     -0.1367      0.11799999  0.62039995  0.3872      0.0726
 -0.0704     -0.0478     -0.0557     -0.0836     -0.3372     -0.0042
 -0.0423     -0.686      -0.0891     -0.086       0.0913     -0.3072
  0.1799     -0.1694      0.0581      0.04570001  0.1962      0.23499998
 -0.1274     -0.15370001 -0.5625      0.14029999  0.16440001 -0.2286
  0.5004      0.47190002 -0.0115      0.0431     -0.0731     -0.464
  0.1927      0.201       0.4526     -0.3353      0.73859996 -0.3229
 -0.2304      0.22670001  0.0095      0.45520002  0.2655     -0.2996
 -0.4922     -0.5071      0.1083     -0.0169     -0.1304     -0.2507
 -0.0097      0.1715      0.2633     -0.25190002 -0.19839999 -0.3725
  0.59860003  0.1289      1.0554     -0.1378     -0.05719999  0.2301
 -0.4707      0.0821     -0.1103      0.566      -0.1814      0.1076
  0.2424      0.2704      0.31620002 -0.3333     -0.3858      0.3301
  0.698       0.3685      0.0137     -0.1972      0.0322      0.1206
  0.2579      0.1493      0.0909      0.0223      0.8405     -0.6201
  0.18280001 -0.3634      0.1736      0.2263      0.0402     -0.4131
 -0.6048      0.2134      0.0239      0.05309999 -0.6244     -0.5067
  0.1173     -1.6861     -0.2975     -0.7343      0.10770001  0.0783
  0.745       0.0943      0.6228     -0.1041     -0.448      -0.1252
  0.40649998  0.0883      0.2535      0.0598     -0.5316     -0.2953
 -0.1152     -0.534      -0.6428      0.08409999  0.06550001 -0.1161
 -0.0638     -0.3332      0.388      -0.7501     -0.1504     -0.6062
 -0.4748     -0.1035      0.0346     -0.88089997 -0.20050001 -0.7305
  0.18       -0.1162     -0.0315      0.74660003 -0.0873     -0.034
  0.20470001  0.3569      0.31919998 -0.2553     -0.2572      0.1099
 -0.0933     -0.419       0.13800001 -0.262      -0.10339999 -0.1943
  0.3875     -0.1028      0.0848     -0.21339999  0.11310001 -0.3479
  0.2086      0.57809997 -0.3697      0.5028     -0.0154      0.2681
 -0.14119999  0.3359      0.5202     -0.6317     -0.7185     -0.1377
 -0.0433      0.34600002  0.5983      0.118      -0.4691      0.8512
 -0.61609995 -0.4329      0.0662      0.45700002  0.46170002  0.49670002]","[-1.55650001e-01  6.53999960e-02  8.86350006e-01  1.86650004e-01
  1.78749997e-01 -2.94799998e-01 -3.38150002e-01  6.99500032e-02
 -1.73650000e-01  1.03000000e-01  1.59399997e-01  2.33249998e-01
 -2.23499946e-02  1.91000003e-01 -4.47150007e-01  4.97300003e-01
 -5.10999989e-02 -2.68800007e-01 -2.39600014e-01  4.95999986e-02
 -1.95250005e-01  1.47900000e-01 -1.05349998e-01  2.10050004e-01
 -2.26899996e-01  2.30699994e-01  1.11450002e-01 -4.76999991e-02
  2.51200007e-01 -3.91899992e-01 -1.06550001e-01 -3.47899993e-01
 -1.49799999e-01 -3.47549997e-01  1.56499999e-01 -2.32500002e-01
  6.92499988e-02 -7.34999776e-03 -1.62300006e-01  2.41849994e-01
 -4.95799981e-01  3.90949987e-01 -9.30000022e-02  3.23850010e-01
 -8.31499968e-01 -1.89899996e-01  4.88999994e-01  1.64700001e-01
 -2.15050001e-01  8.15700002e-01 -3.53800001e-01  4.48499992e-02
  9.25000049e-02  9.50700015e-01  6.26999945e-02 -5.63250005e-01
  3.40150002e-01 -5.17250001e-01  3.06250006e-01 -4.72199999e-01
 -4.46999986e-02 -4.28700007e-01 -4.42200009e-01  1.41800001e-01
  1.97649999e-01  3.45000252e-03  4.65499982e-02  1.82500001e-01
 -1.38300004e-01  3.63399997e-01  3.02300002e-01  5.50999977e-02
 -5.02499994e-02 -1.46999899e-02 -1.14999898e-03 -1.92299995e-01
 -1.67699999e-01 -1.57300003e-01 -4.13700003e-01 -1.44200001e-01
 -3.52650009e-01 -1.23000070e-02 -2.99400002e-01  1.34149995e-01
 -3.01250011e-01  3.52800004e-01 -4.43000004e-01  3.52400007e-01
 -3.53000015e-02 -2.79550015e-01 -3.66299989e-01  2.04750005e-01
 -2.82099999e-01  5.83899997e-01  3.19050007e-01 -1.27900004e-01
 -3.95600006e-01 -3.10499966e-02 -1.13649996e-01  3.52500007e-02
  2.63350002e-01  9.13950026e-01  9.02500013e-02  7.59200007e-01
  2.42499989e-02  3.75150010e-01 -8.79499987e-02  1.18850003e-01
 -3.54850002e-01  2.00950002e-01 -8.73999987e-01 -4.48549993e-01
  6.19700015e-01 -8.74500014e-02  1.21650003e-01 -1.89350007e-01
  2.21799994e-01  6.97199985e-01  4.84600008e-01 -1.29500031e-02
 -7.93499993e-02 -2.37000016e-02  4.07500034e-02 -2.99999984e-02
 -3.69599994e-01 -4.36500050e-02  3.65000032e-02 -8.19999993e-01
  5.05500026e-02 -1.48799995e-01  8.80000032e-02 -1.24850005e-01
  1.43800002e-01 -1.41250004e-01  2.91499998e-02 -1.00549981e-01
  1.51200000e-01  2.55999992e-01 -1.19699996e-01 -1.04100006e-01
 -5.76850000e-01  1.12749994e-01  2.10450006e-01 -2.31550003e-01
  6.71500020e-01  5.71750015e-01  4.03499939e-02  8.23999979e-02
 -1.43250003e-01 -4.54250001e-01  9.31500010e-02  1.49749998e-01
  4.53800002e-01 -4.46200006e-01  8.42599973e-01 -4.07750007e-01
 -2.67699998e-01  3.43250006e-01 -3.35000269e-03  4.10150018e-01
  2.04350006e-01 -2.95600005e-01 -4.89049987e-01 -5.86649999e-01
  1.21999999e-01 -3.42499996e-02 -1.58400003e-01 -1.72599994e-01
  1.43649995e-01  2.47399993e-01  2.81899998e-01 -3.50200005e-01
 -1.12299994e-01 -4.19200003e-01  5.51100023e-01  1.26200003e-01
  1.12504999e+00 -2.43600000e-01 -6.29999922e-02  2.93850005e-01
 -4.26500011e-01  1.36450002e-01 -3.06399997e-01  6.78949982e-01
 -3.94449987e-01  1.59050005e-01  9.27000046e-02  4.35350001e-01
  3.29950003e-01 -2.51249991e-01 -3.77350004e-01  3.46999999e-01
  6.24250032e-01  4.19799995e-01 -6.63499981e-02 -1.36500001e-01
 -2.00500004e-02  1.00899996e-01  2.96299999e-01  1.99149994e-01
  2.45000012e-02  2.45500049e-02  9.94999990e-01 -7.24900007e-01
  2.18300004e-01 -4.25500005e-01  2.44200008e-01  1.78400002e-01
 -2.90000029e-02 -3.97850004e-01 -6.31799987e-01  2.30500046e-02
  3.32000023e-02 -1.54500082e-02 -6.39500005e-01 -5.41499995e-01
 -1.53050005e-01 -2.03430000e+00 -2.69299999e-01 -7.77550016e-01
  3.22999991e-02  1.42799996e-01  8.46099973e-01 -7.74499923e-02
  6.20249992e-01 -3.55000030e-02 -4.95800000e-01 -2.51900000e-01
  4.03249997e-01  2.32500024e-02  2.54300003e-01  2.44500004e-02
 -6.96899995e-01 -3.87999989e-01 -1.29500002e-01 -6.74549997e-01
 -8.12399983e-01  1.72349993e-01  2.17100007e-01 -1.35999992e-02
 -1.86350003e-01 -5.43350011e-01  3.41500003e-01 -7.61349987e-01
 -1.28500024e-02 -6.22950010e-01 -4.83500006e-01 -1.12100000e-01
 -2.21999995e-02 -9.67599974e-01 -1.61950003e-01 -8.68850008e-01
  2.63700001e-01 -3.74500044e-02 -4.29999968e-02  7.57600002e-01
 -2.81400003e-01 -4.35499987e-02  3.07050005e-01  3.12200010e-01
  4.26599994e-01 -3.03499997e-01 -3.70899994e-01  1.38400001e-01
 -9.26499989e-02 -3.52849994e-01  3.06100003e-01 -3.16450004e-01
 -1.19799992e-01 -2.33249996e-01  4.52850007e-01 -7.33999964e-02
  1.31600002e-01 -1.60499990e-01  1.95650000e-01 -3.34150011e-01
  2.31900003e-01  6.62349999e-01 -5.12250006e-01  4.34450015e-01
  1.82299994e-01  2.84899993e-01 -1.35299995e-01  4.11199994e-01
  4.75750014e-01 -7.01150000e-01 -7.94300020e-01 -9.65500018e-02
 -3.18499990e-02  3.14400002e-01  6.67650007e-01  8.72000046e-02
 -5.09699985e-01  8.58200015e-01 -6.84199981e-01 -5.37900012e-01
 -1.75000038e-02  5.78800000e-01  4.90300007e-01  4.37350020e-01]"
散策,"[-0.0797 -0.0806  0.4446  0.2277  0.2443 -0.15   -0.3048  0.0966  0.1343
  0.1795  0.056   0.376  -0.1648 -0.4171  0.2523  0.2953 -0.1767 -0.0595
 -0.2389  0.0233 -0.1142  0.1451 -0.2593 -0.1394  0.1847 -0.1179  0.0773
  0.3483  0.0404 -0.2227  0.0825 -0.1037 -0.0498 -0.0664 -0.212   0.183
 -0.214  -0.0771 -0.1512 -0.027   0.2261 -0.068  -0.1804 -0.1978 -0.0226
 -0.1593 -0.0367 -0.0813  0.0243  0.1188  0.2638 -0.1267  0.3483 -0.1247
  0.2829  0.0171  0.3208 -0.2081  0.0898  0.1991 -0.1142  0.0392 -0.1507
  0.2452  0.3034 -0.0057 -0.1824 -0.033   0.3064 -0.0873 -0.2696 -0.1384
  0.2774  0.2225  0.2819  0.0461 -0.2061  0.0156 -0.2675 -0.1382  0.1012
  0.2571 -0.0074 -0.0772 -0.114   0.1499 -0.0845  0.2136 -0.0121 -0.0128
 -0.3063 -0.1617  0.1468  0.0219  0.423  -0.1897  0.0163  0.0346 -0.0679
  0.1917 -0.0042  0.5768  0.0213 -0.0607 -0.0373 -0.0637  0.3282  0.0086
 -0.049  -0.0521 -0.0872 -0.1306  0.2935 -0.1043  0.2191  0.4522 -0.0127
  0.1387  0.4266 -0.2077 -0.087  -0.074   0.041  -0.1273 -0.2722 -0.0851
 -0.0381  0.1561 -0.0815  0.225   0.1758 -0.1948  0.182  -0.2141  0.0648
  0.816  -0.0145  0.2976 -0.1033 -0.0095 -0.0177 -0.0328  0.1568  0.0188
  0.3262  0.1153  0.1415 -0.3327  0.0535 -0.149  -0.0309 -0.0583  0.2417
  0.0297  0.6988 -0.0345  0.3064  0.2467  0.1775 -0.2763  0.0073  0.0833
 -0.1247 -0.171  -0.1013 -0.0967 -0.1312  0.183  -0.1821  0.2066  0.0285
  0.0832  0.029   0.1847 -0.1557  0.2399 -0.1145  0.1222  0.0151  0.0282
 -0.1478 -0.2726 -0.2134  0.3684 -0.1985 -0.196   0.0812  0.0457  0.0068
 -0.1994  0.1577 -0.2462  0.2811 -0.      0.1681  0.0318 -0.0183 -0.0644
  0.1088  0.399   0.1144  0.3095  0.0124  0.2115 -0.0111 -0.1135 -0.0428
 -0.1778 -0.1148  0.1415 -0.1668  0.3937 -0.0406  0.4134  0.1438 -0.4446
 -0.0401 -0.8889  0.0535  0.0869 -0.2119 -0.1347  0.1138 -0.0923  0.1625
 -0.0637  0.2907 -0.0217  0.1351  0.1456  0.0792  0.1517 -0.5192 -0.0051
  0.2337 -0.1016 -0.652   0.0618  0.2215  0.125  -0.1022  0.1414  0.547
 -0.1538  0.1038 -0.4474 -0.1971 -0.1351  0.4703  0.4617  0.0273 -0.4983
 -0.0636  0.0544  0.2125 -0.0087 -0.1408  0.028   0.3996 -0.0078 -0.291
 -0.3196  0.2094 -0.013  -0.3814  0.3197 -0.2648  0.1261 -0.2085 -0.1336
  0.0436 -0.3291  0.0636  0.3901  0.1385  0.0139 -0.1109 -0.2306  0.0371
  0.1855  0.6825  0.0354 -0.1037 -0.1681 -0.1682 -0.1704  0.1661  0.0693
 -0.0387 -0.0031 -0.1518  0.0847 -0.1656  0.4886 -0.1372 -0.2065  0.2936
  0.3142 -0.1573 -0.0395]","[ 2.05999203e-03 -2.03939997e-01  7.43219990e-01  2.78059994e-01
  2.24339994e-01  1.87600009e-02 -1.72979999e-01 -8.47199963e-02
 -3.14200053e-02  2.53240001e-01  8.68599974e-02  1.27659995e-01
 -2.32120005e-01  1.72199950e-02 -1.10820003e-01  1.47000001e-01
 -1.15479999e-01  7.75999945e-02 -3.73620003e-01  6.01000004e-02
 -6.81000046e-02  1.75880000e-01 -4.64360004e-01  5.73799998e-02
  3.79899997e-01 -1.80300001e-01 -1.03180000e-01  3.34320006e-01
  1.53880000e-01  6.29399978e-02 -8.70800011e-02 -3.61399971e-02
 -2.19760001e-01 -7.28800014e-02 -1.34220000e-01  1.08840001e-01
  1.09200002e-01 -5.79000011e-02  4.00000028e-03 -1.84999983e-02
  2.74500001e-01  4.49399970e-02 -1.30559999e-01 -8.23199973e-02
  3.04180005e-01 -1.97979998e-01 -6.45599969e-02 -1.40999973e-02
  2.61400012e-02  1.42600000e-01  2.59799972e-02  2.56000001e-02
  1.73440004e-01  3.64000052e-03  2.28880003e-01  1.16980002e-01
  1.35320003e-01 -4.69840002e-01  2.83199978e-02 -7.52000041e-02
 -6.05400020e-02 -7.47400030e-02 -1.02360000e-01  2.12599998e-01
  4.33820009e-01  1.26380001e-01 -9.64200035e-02 -9.38800003e-02
  3.13940001e-01 -1.36420004e-01 -1.55720001e-01  1.57999974e-03
  3.57739997e-01  2.52379999e-01  2.20939993e-01 -1.71920006e-01
 -2.48000001e-01  9.05199979e-02 -2.18860001e-01 -1.49779999e-01
 -1.35140003e-01  2.47279996e-01 -1.72400001e-01 -4.02399987e-02
 -1.41219998e-01 -4.39199949e-02 -2.37280003e-01  9.77999983e-02
  6.56600001e-02 -4.64000124e-03 -1.18600007e-01 -8.47799987e-02
  1.89339996e-01  1.65620002e-01  2.36980002e-01  3.74199983e-02
 -2.52719996e-01  1.30800024e-02 -2.06720002e-01  2.34839999e-01
 -2.15520000e-01  6.06760002e-01  2.65200004e-02  8.00002366e-05
  1.32799999e-01  2.39960002e-01  2.62640006e-01 -4.13599977e-02
 -1.93000001e-01 -7.02599995e-02 -1.85520001e-01 -2.21860002e-01
  1.19020000e-01 -1.00280002e-01  1.47639999e-01  1.83779998e-01
 -1.89560005e-01  2.38339999e-01  1.89260007e-01 -1.75560001e-01
 -1.82439997e-01 -7.62400001e-02  2.57820002e-01 -1.47919998e-01
 -2.85599947e-02 -1.89179998e-01 -1.35760001e-01  2.03619999e-01
 -2.16479999e-01  6.95399977e-02 -7.42000304e-03 -1.84140001e-01
  2.44159999e-01 -3.31260000e-01  2.62600008e-02  2.11079995e-01
  7.25200005e-02  8.94200012e-02 -2.70359995e-01  6.10400017e-02
 -6.46799989e-02 -2.50000022e-03 -1.53999925e-03 -6.92200005e-02
  3.15800005e-01  7.63600011e-02 -1.95739998e-01 -1.67820003e-01
  8.16600019e-02  2.10279995e-01 -2.74800016e-02 -7.95599977e-02
  2.95880000e-01 -3.08399992e-02  4.41300009e-01  1.17860001e-01
  2.72780000e-01  1.19060000e-01  2.18099996e-01 -1.76100008e-01
 -3.88200009e-02 -4.07599992e-02 -1.63400004e-01  1.79020000e-01
 -9.60400026e-02 -7.91799970e-02 -3.28919995e-01  7.30200030e-02
 -9.68600016e-02  3.52039992e-01  1.29980002e-01  1.11520003e-01
 -1.08500001e-01  1.95979997e-01 -1.01700002e-01  5.72000012e-02
 -1.64800000e-01  1.52899996e-01 -1.57860003e-01  1.28959997e-01
 -1.51939996e-01 -1.40420002e-01 -2.65220001e-01  1.70260007e-01
 -1.87360000e-01 -2.75739995e-01 -3.03599998e-02  2.68599981e-02
  1.11159999e-01  3.17600035e-02 -3.64599998e-02 -1.10319994e-01
  4.31579996e-01  3.17060001e-01  2.92739998e-01 -4.13799986e-02
  2.01100002e-01 -1.00620000e-01  3.65400024e-02  4.77779994e-01
 -1.16020002e-01  2.22600003e-01  4.39000007e-02  3.25680003e-01
 -1.46780002e-01 -5.46600044e-02  1.47900000e-01 -2.16820001e-01
  5.04399985e-02  2.00620002e-01 -4.67600063e-02  2.18000002e-01
 -2.62640007e-01  2.58259997e-01 -1.24599997e-01 -3.46759992e-01
 -2.59099996e-01 -1.45438000e+00  1.65619999e-01 -7.07800001e-02
 -6.12200010e-02 -5.91399990e-02  9.09800016e-02  4.36000265e-03
  1.20599997e-01 -1.20659998e-01  7.09599942e-02  1.92239999e-01
  2.12640007e-01  1.00400005e-01  1.80459998e-01  1.76420004e-01
 -5.78460010e-01 -7.59599997e-02  1.66600037e-02 -2.59599997e-01
 -7.88440004e-01  1.26840001e-01  3.72719996e-01 -5.74000061e-02
 -3.93480006e-01  9.90199996e-02  2.65139997e-01 -4.50619994e-01
 -8.76000151e-03 -5.65799999e-01 -5.96399937e-02 -1.62200071e-02
  8.65599976e-02  2.62279996e-01 -9.09199983e-02 -7.95679992e-01
 -3.27740007e-01  7.01999599e-03  1.42940002e-01  5.03000022e-02
 -1.72959998e-01 -2.78400011e-02 -4.34999987e-02  7.45800020e-02
 -8.22800046e-02 -6.73199961e-02  1.66399971e-02 -1.71240002e-01
 -1.53859994e-01  1.56220000e-01 -1.98160003e-01  1.07680002e-01
 -2.71479999e-01 -1.66239998e-01  1.08339999e-01 -1.60360005e-01
  1.10779999e-01  1.70300002e-01  9.39600050e-02  7.95600004e-02
  5.94200004e-02 -1.43580001e-01 -1.91259997e-01  9.49799992e-02
  7.56860007e-01  1.17420001e-01 -4.91200009e-02 -1.76279996e-01
  5.21199973e-02 -3.40799993e-01  1.78379998e-01 -1.03279994e-01
 -6.35399997e-02 -1.70399974e-02 -1.98520003e-01 -1.28179998e-01
 -2.19580001e-01 -1.87060008e-01 -2.68840000e-01 -1.89299995e-01
  2.10339997e-01  2.57500009e-01  7.44400054e-02 -1.76139998e-01]"
展望台,"[-1.51299998e-01  1.93300009e-01  6.75300002e-01  9.00000334e-04
 -2.80999988e-01 -3.29500020e-01  1.11000001e-01 -4.00400013e-01
 -1.21000007e-01  2.60999948e-02  3.86300027e-01  2.56000012e-02
 -2.70000100e-02  3.88999999e-01 -3.19599986e-01 -8.29000026e-02
 -2.36599997e-01 -4.63999957e-02 -4.03999984e-02  1.55299991e-01
 -7.61000067e-02  8.93999934e-02 -4.08999994e-02 -5.29000014e-02
 -2.22000033e-02 -2.33500004e-01 -1.14700004e-01  6.96000010e-02
 -7.35200047e-01 -5.97299993e-01  4.56000045e-02  1.18199997e-01
  2.66800016e-01  1.16099998e-01  6.26999885e-02  1.45599991e-01
 -1.02100000e-01 -2.09700003e-01  4.08800006e-01 -6.66999966e-02
 -2.86600024e-01 -1.41400009e-01  7.98999965e-02  4.47000004e-02
 -7.99199998e-01  3.48199993e-01  2.99999490e-04  2.41400003e-01
 -6.96000010e-02 -2.82999992e-01 -1.99700013e-01  2.81599998e-01
 -1.09999999e-02  4.12699997e-01 -1.42800003e-01  2.31400013e-01
  6.68200016e-01  1.77900001e-01 -1.40799999e-01 -1.55500010e-01
  3.86999995e-01 -2.21900001e-01 -2.40900010e-01  2.08600000e-01
 -3.03000003e-01  2.80499995e-01 -2.85200000e-01  4.70200002e-01
 -2.54599988e-01  1.91999972e-02  1.89199999e-01  2.48899996e-01
  5.99399984e-01  7.89999962e-03  8.79999995e-02 -3.53000015e-01
 -3.64800006e-01  1.98599994e-01 -3.40900004e-01 -5.22000015e-01
 -8.79999995e-02 -1.98100001e-01 -1.76200002e-01 -5.97999990e-01
 -3.71299982e-01  8.33000019e-02  4.54999954e-02 -1.30000040e-02
 -2.73599982e-01  1.30300000e-01 -3.30199987e-01  2.45299995e-01
 -5.16399980e-01  7.35800028e-01  6.39000013e-02 -2.38000005e-01
 -3.54200006e-01 -3.49900007e-01  3.68999913e-02 -1.81400001e-01
 -4.80100006e-01  6.27600014e-01 -4.83999997e-02  6.22399986e-01
  3.35999988e-02  4.03699994e-01  1.94299996e-01 -5.04999906e-02
 -1.80200011e-01 -3.37000005e-02 -7.56299973e-01 -3.53999995e-02
 -3.08400005e-01 -6.04499996e-01  3.19199979e-01  9.17400002e-01
 -3.07799995e-01  4.67199981e-01  3.22400004e-01 -1.46500006e-01
 -1.11199990e-01 -3.20000201e-03  3.71100008e-01 -4.62000072e-02
 -3.31200004e-01 -3.25100005e-01 -2.06999965e-02 -1.60899997e-01
  1.33300006e-01 -9.36000049e-02 -1.47200003e-01  1.38600007e-01
 -9.63899970e-01 -2.70900011e-01 -5.91600001e-01 -1.24000005e-01
 -2.03999989e-02  3.44699979e-01 -3.93000022e-02 -2.66700000e-01
 -2.55699992e-01 -2.01199993e-01 -6.12000003e-02  1.93299994e-01
  2.48600006e-01 -2.10899994e-01 -5.20399988e-01 -1.15099996e-01
  8.51999968e-02 -7.63800025e-01  2.60999985e-02  6.30000010e-02
  7.23899961e-01  1.59299999e-01  5.00599980e-01 -2.59299994e-01
 -8.43299985e-01  2.74599999e-01 -9.61999968e-02 -1.66499987e-01
  2.99499989e-01 -4.15999979e-01 -8.79000068e-01  1.16099998e-01
 -9.59999859e-03  4.13399994e-01 -4.96800005e-01  9.99999940e-02
 -6.48999959e-02 -2.83800006e-01 -1.48200005e-01 -3.30200016e-01
 -4.03999910e-02  3.32800001e-01  1.25200003e-01  1.19000003e-01
  3.79299998e-01  1.47900000e-01 -4.00099993e-01 -1.63399994e-01
 -6.48100019e-01 -1.74600005e-01  8.46999958e-02 -1.74099997e-01
 -3.79400015e-01 -1.40300006e-01  2.08900005e-01  1.49900004e-01
  1.97600007e-01 -3.51700008e-01  4.86099988e-01 -4.72999997e-02
  2.56300002e-01  6.84999973e-02  4.21000011e-02  1.33900002e-01
  1.32300004e-01 -1.07999995e-01  8.45000073e-02  2.67499983e-01
 -1.23900011e-01  2.58599997e-01 -1.79000013e-02  5.27999997e-01
  3.16600025e-01 -4.34999987e-02  1.99499995e-01  1.33000001e-01
  1.89600006e-01 -6.62699997e-01 -3.58799994e-01 -2.42899999e-01
 -5.78999966e-02  4.45699990e-01  5.74999988e-01 -3.69499981e-01
 -3.56099993e-01 -1.56710005e+00 -1.97300002e-01 -4.99800026e-01
 -2.10199997e-01  1.80500001e-01  4.78300005e-01  1.91300005e-01
  5.55000082e-02 -4.35999990e-01 -1.50000006e-01 -7.22000003e-01
 -1.01999994e-02 -1.80299997e-01 -3.94000039e-02 -2.12799996e-01
 -3.52499992e-01 -4.35800016e-01 -1.78000003e-01 -4.46399987e-01
 -7.00500011e-01  3.14899981e-01  4.47800010e-01 -3.46399993e-01
  1.94400012e-01 -2.96000000e-02 -6.94000050e-02 -8.27399969e-01
  1.05770004e+00 -2.51599997e-01 -1.88699991e-01  2.09500000e-01
  5.82700014e-01 -6.69100046e-01  1.89400002e-01 -5.22899985e-01
 -3.48100007e-01 -7.08299994e-01  2.59299994e-01  6.19400024e-01
 -2.69800007e-01  1.80999994e-01  1.23400003e-01  3.73999923e-02
  3.13400000e-01 -1.46800011e-01 -1.23300001e-01  6.41999990e-02
  3.40000018e-02  1.14200003e-01  1.15500003e-01 -2.05600023e-01
 -1.52000003e-02 -2.14000002e-01  2.12200001e-01 -3.06700021e-01
 -4.42000031e-02 -1.49999931e-03 -1.01599991e-01 -8.98000002e-02
  4.08399999e-01 -4.55999970e-02 -4.65400010e-01  1.25000030e-02
  4.53700006e-01 -7.77000040e-02 -2.07999945e-02  1.32100001e-01
  7.99000025e-01 -5.25999963e-02  2.61500001e-01  8.66999999e-02
  1.92999989e-01  8.99999961e-03  7.66200006e-01 -1.12300001e-01
 -7.17900038e-01  2.30499998e-01 -2.26300001e-01 -2.36499995e-01
 -1.85800001e-01  5.55999994e-01  1.72299996e-01  3.20199996e-01]","[-0.16715     0.1409      0.51755001 -0.01525    -0.32579999 -0.30765001
  0.10915    -0.24950001 -0.00815     0.13214999  0.27080001  0.067
 -0.10955001  0.27245    -0.22655    -0.03135    -0.20575     0.0132
 -0.06265     0.12355     0.03349999 -0.04635    -0.05255    -0.0885
  0.0744     -0.16415    -0.0143     -0.03865    -0.53645001 -0.51130001
  0.10655     0.0811      0.13335     0.07085    -0.03790001  0.22104999
  0.0058     -0.2004      0.32309999 -0.0071     -0.12960001 -0.1196
  0.08035     0.07015    -0.69240002  0.1843     -0.0098      0.1892
 -0.02355    -0.21545    -0.04270001  0.21945    -0.0136      0.20635
 -0.0825      0.20480001  0.50719999  0.1016     -0.05925    -0.04665
  0.29285    -0.19725    -0.25050001  0.13245    -0.30285001  0.2516
 -0.25150001  0.31445001 -0.20525     0.073       0.07315     0.1415
  0.51059999  0.0434      0.13945    -0.29240001 -0.31405     0.1459
 -0.29479999 -0.44825    -0.07835    -0.1298     -0.13125    -0.50295001
 -0.2881      0.06465    -0.0504      0.02055    -0.2392      0.0417
 -0.35524999  0.1368     -0.39085001  0.56945002  0.0901     -0.1957
 -0.20035001 -0.31915    -0.03730001 -0.09745    -0.3893      0.49890001
 -0.04895     0.49849999  0.04515     0.28870001  0.1315      0.04975001
 -0.19805    -0.04505    -0.57685    -0.0531     -0.28335001 -0.50164998
  0.2265      0.75960003 -0.2026      0.36304998  0.2858     -0.17910001
  0.04565001  0.02855     0.30549999 -0.08845001 -0.29604999 -0.3285
 -0.04945    -0.08345     0.0891      0.00245    -0.1244      0.09605
 -0.8149     -0.25425    -0.5122     -0.0103     -0.04085     0.2191
 -0.0064     -0.2393     -0.1776     -0.18754999 -0.0101      0.11015
  0.18285    -0.219      -0.447      -0.0846      0.02935    -0.66035002
  0.0038      0.0168      0.51394999  0.15835     0.43164998 -0.25205
 -0.7345      0.21925    -0.01365    -0.07955     0.2611     -0.28394999
 -0.61150002  0.0932     -0.07025     0.36534999 -0.41905001  0.1102
 -0.00985    -0.21259999 -0.1367     -0.23325    -0.10054999  0.19565
  0.1793      0.06665     0.31195     0.1274     -0.36424999 -0.18155
 -0.49589999 -0.12445     0.0744     -0.17275    -0.30995    -0.23855001
  0.08415     0.15785     0.19490001 -0.29050001  0.35439999  0.00445
  0.18475     0.07515     0.01225     0.0392      0.0924     -0.11335
 -0.00409999  0.26734999 -0.24525001  0.20095     0.0222      0.4162
  0.21955001 -0.03715     0.23545     0.0035      0.1112     -0.55795001
 -0.26549999 -0.094       0.0332      0.31694999  0.41364999 -0.35289999
 -0.21595    -1.22099999 -0.17035    -0.47910001 -0.13645     0.14645
  0.29185001  0.1965     -0.0323     -0.3871     -0.1135     -0.66185001
  0.0095     -0.11475    -0.06315    -0.13635    -0.30194999 -0.32175
 -0.14585    -0.3233     -0.60945001  0.2238      0.38985    -0.3449
  0.03245001 -0.0066      0.0271     -0.624       0.8496     -0.2019
 -0.10265     0.16375     0.49270001 -0.41745001  0.1414     -0.38585
 -0.23015    -0.60150001  0.1744      0.41885    -0.27275     0.1544
  0.17055    -0.04695     0.30865    -0.21145001 -0.10565     0.0376
  0.04235     0.05295     0.0827     -0.23835002 -0.03095    -0.13425
  0.1534     -0.31620002 -0.111      -0.0128     -0.19319999 -0.0595
  0.3045     -0.0782     -0.41250001 -0.0641      0.35710002 -0.0833
 -0.0671      0.09645     0.63485     0.04535     0.22665     0.1296
  0.06495     0.0316      0.58845    -0.1096     -0.4842      0.22154999
 -0.1403     -0.1123     -0.20985     0.4145      0.0671      0.2145    ]"
紅葉,"[ 0.1537  0.0457  0.1039  0.2413  0.1192  0.0468  0.0017  0.1462  0.2441
  0.1829  0.1645  0.0787 -0.1718  0.4916 -0.1416  0.2444 -0.0543  0.0638
 -0.2589  0.1419 -0.2898  0.1282 -0.3823  0.0349 -0.1117 -0.1613  0.1118
  0.3452 -0.0869 -0.0693  0.2112 -0.2084 -0.1266 -0.4301 -0.2781 -0.083
 -0.0978 -0.0422  0.0152  0.0952 -0.1233 -0.3666  0.1486  0.1967 -0.0902
 -0.105   0.0281  0.0316  0.0524 -0.014   0.3444 -0.3808 -0.0358 -0.0898
  0.4635  0.2537  0.0162  0.037  -0.0588  0.2814 -0.1164  0.0409  0.2592
  0.0511  0.0767 -0.3924 -0.1992  0.0882  0.1344  0.0952  0.2996 -0.1217
  0.2958 -0.1613  0.2792 -0.2255 -0.0922 -0.0576  0.0764  0.0767  0.1598
  0.0514 -0.1834 -0.1087  0.0624  0.3589 -0.317   0.0125  0.4022  0.0491
 -0.1591  0.3821  0.0296  0.1245  0.1438  0.1181 -0.2744 -0.3898 -0.187
 -0.1362 -0.1831  0.327   0.0892 -0.3644 -0.0074  0.3863  0.0811  0.2941
  0.0967  0.1806 -0.143   0.0583 -0.1564 -0.3856 -0.0976  0.6714 -0.389
  0.2365 -0.0065 -0.1591 -0.306   0.0188  0.0343  0.0113  0.1395 -0.265
  0.2078  0.2061 -0.0703  0.2299  0.1252 -0.1965 -0.0097 -0.1203 -0.1768
  0.2666 -0.2883  0.0521  0.1775 -0.1678  0.0888 -0.1369 -0.0459 -0.1003
  0.0121  0.2779  0.2594 -0.3001 -0.0663 -0.1889  0.1137 -0.3708  0.0394
  0.094   0.2422 -0.1232 -0.0297 -0.0207  0.1885 -0.0344 -0.1555 -0.1229
 -0.0288 -0.1035  0.0432 -0.0697 -0.0344 -0.0139  0.0962  0.0841  0.1448
 -0.0668 -0.0268 -0.0936  0.1796  0.0683 -0.0796  0.0746 -0.1239 -0.0839
 -0.2434 -0.0988  0.1656 -0.0101 -0.2515 -0.1806  0.0652 -0.0954  0.3082
 -0.2461 -0.0075 -0.2438  0.0166  0.1215  0.1143  0.1185  0.0074  0.0069
  0.1051  0.3831  0.2119  0.0878  0.1617  0.4199 -0.1309 -0.0729  0.1937
 -0.0012 -0.0664 -0.0209 -0.3868  0.1149 -0.1678 -0.0594  0.2409 -0.341
  0.0077 -0.9823  0.2669 -0.0567 -0.1078  0.1853 -0.1031 -0.1415  0.0443
  0.0125 -0.0315 -0.2626  0.318  -0.0473  0.1308 -0.2293 -0.3472  0.2079
  0.2619 -0.0572 -0.4681 -0.127   0.0486 -0.0242  0.1767  0.1412  0.3144
 -0.3137 -0.0499 -0.1206 -0.1849 -0.1504 -0.0788  0.0167  0.056  -0.6034
 -0.1752  0.0061 -0.0937  0.0615  0.0182  0.2389 -0.2246 -0.1857  0.0266
 -0.1288  0.1028  0.2633 -0.125  -0.1024  0.0492 -0.1759 -0.1021 -0.1134
 -0.2365 -0.1268  0.0777  0.0318 -0.2494 -0.1535 -0.1928 -0.1003 -0.0578
  0.1047 -0.0239 -0.0609  0.262  -0.4851 -0.0649 -0.0638 -0.0184  0.2422
 -0.0739 -0.0311 -0.0886  0.2457  0.3434  0.2199 -0.3475 -0.3965  0.1904
  0.2878 -0.1114  0.0575]","[ 2.19540002e-01  4.50400007e-02  4.04919995e-01  2.78810001e-01
  5.27199997e-02 -1.84299996e-02  1.03810002e-01  8.92500008e-02
  1.10620002e-01  9.25300017e-02  1.35929998e-01  6.51900008e-02
 -5.60700001e-02  2.30420001e-01 -2.95709997e-01  1.82039999e-01
 -9.35600016e-02  8.75899990e-02 -2.68109998e-01  6.73199983e-02
 -2.25579999e-01  1.05580001e-01 -2.26190000e-01  2.94499989e-02
  7.43999947e-03 -3.82000004e-02  5.36200004e-02  2.23220005e-01
 -9.99400003e-02 -5.69199996e-02  6.87900004e-02 -1.60330001e-01
  3.52500010e-02 -6.88799986e-02 -2.82900013e-02 -9.46900010e-02
  1.02939999e-01 -9.83799990e-02 -5.44000156e-03  9.35800010e-02
 -4.17799998e-02 -9.46499988e-02  3.96399998e-02 -6.20700008e-02
 -3.15699999e-02  9.87099980e-02  6.06399999e-02 -6.40299974e-02
  8.34699993e-02  4.49998677e-04  2.27959998e-01 -4.06600030e-02
 -3.51299998e-02 -2.06599975e-02  2.14710002e-01  2.02409998e-01
 -7.37099988e-02  4.50600006e-02 -3.00100014e-02  1.70939999e-01
 -5.04300004e-02  2.96599990e-02  5.86099993e-02  1.40570000e-01
  1.72570001e-01 -2.10920002e-01 -1.25979999e-01 -3.64399991e-02
 -2.12800019e-02  1.12839998e-01  1.48760001e-01 -1.68150001e-01
  1.26650001e-01 -4.41000233e-03  4.20099984e-02 -2.19319999e-01
 -5.14900003e-02 -4.60199984e-02 -3.17700006e-02  7.55299998e-02
  3.68999998e-02 -4.25500026e-02 -2.27980002e-01 -8.30899984e-02
  7.29799993e-02  1.97730001e-01 -2.98349997e-01 -8.06999784e-03
  1.84180002e-01  7.73299988e-02 -6.09099998e-02  2.56509996e-01
 -4.58100006e-02  9.26199994e-02  2.82300006e-02  3.84000130e-03
 -2.77200002e-01 -3.49460000e-01 -1.49739999e-01 -7.45199998e-02
 -1.17100000e-01  3.25519998e-01 -4.92600008e-02 -2.60240004e-01
 -4.56300008e-02  4.00839999e-01 -4.38400003e-02  1.51719998e-01
  7.31899996e-02 -5.04400003e-02 -1.80690000e-01  6.71800025e-02
 -2.71519998e-01 -2.73749997e-01  7.13900015e-02  3.29650002e-01
 -2.47030003e-01  2.39580001e-01  1.85200000e-02 -2.51799988e-02
 -1.32389998e-01 -2.68700004e-02 -3.79399993e-02 -8.32599979e-02
 -5.00999972e-02 -6.93499990e-02  1.37230002e-01 -4.92500002e-02
  2.82200024e-02 -5.28700016e-02 -4.01499989e-02  1.16400000e-01
  5.75800028e-02 -2.38800014e-02 -7.54399996e-02 -1.39909996e-01
 -1.72140004e-01 -2.29999924e-03  1.23789998e-01 -1.43419999e-01
  3.73199987e-02 -2.37569998e-01  5.46900021e-02 -1.78840003e-01
  2.36900001e-01  1.03420001e-01  1.41089999e-01 -7.84500010e-02
  2.88100027e-02 -1.28889998e-01  8.48799990e-02 -1.33239997e-01
 -3.23999999e-02  1.54450001e-01  7.95800010e-02 -1.39589999e-01
  1.08180002e-01 -5.72200010e-02  1.57100002e-01 -1.31140003e-01
 -2.39559999e-01 -5.09399999e-02  8.12699957e-02  4.27400008e-02
  8.26699998e-02  6.20900009e-02 -1.65150000e-01  5.65300008e-02
  1.69519994e-01  1.85690001e-01  9.96500017e-02 -9.11399982e-02
 -1.61879998e-01  9.84000061e-03  2.97600006e-02  1.44779998e-01
 -1.44089999e-01  7.08500003e-02 -4.64199990e-02 -7.16400012e-02
 -1.38380000e-01  1.74500015e-02 -7.52699992e-02  8.20800008e-02
 -8.98900017e-02 -6.57000169e-03  6.35400018e-02  1.08610001e-01
  1.24000012e-02 -7.30799969e-02 -2.15400006e-02 -2.01059999e-01
  2.91699987e-02  7.42400024e-02  1.39959998e-01 -4.93999897e-03
  4.40000088e-03  5.40400001e-02 -1.78199994e-02  3.95700009e-02
  1.54749997e-01  5.49400007e-02  6.87499993e-02  2.78559998e-01
 -1.12149998e-01 -1.06989999e-01  1.57100003e-02  3.66799999e-02
  5.23000002e-02 -2.78900021e-02 -1.12949997e-01  3.65000008e-02
 -5.09899995e-02 -2.60559999e-01  2.88370003e-01 -2.53159998e-01
  1.62899991e-02 -9.37220010e-01  9.03999998e-02 -7.81200000e-02
 -7.78300021e-02  3.21399983e-02 -9.10999998e-02 -9.65699979e-02
 -1.17999986e-03 -4.38700026e-02 -9.10999994e-03 -1.58339999e-01
  1.67179998e-01 -1.13669999e-01  2.89999998e-02 -1.99930001e-01
 -3.32420004e-01 -1.20260002e-01  3.31230004e-01 -5.99500011e-02
 -4.66480003e-01 -1.25140002e-01  6.07300001e-02  2.93200013e-02
  6.04099992e-02  1.31340002e-01  1.51109995e-01 -4.25459996e-01
  1.76500015e-02 -1.71380002e-01 -1.61349997e-01  9.32400028e-02
 -1.72000001e-01 -1.55809993e-01 -2.98999934e-03 -5.57589994e-01
 -6.73000004e-02 -4.90900014e-02  8.80699996e-02  1.04020001e-01
  5.25900008e-02  7.05100003e-02 -6.53700007e-02 -9.71200010e-02
  1.92000136e-03 -2.38000017e-02  9.62199989e-02  2.80870000e-01
 -7.95299992e-02 -1.30630000e-01  1.84099995e-02  8.11000017e-03
 -1.64180001e-01 -1.18580001e-01  4.27600018e-02  3.56200001e-02
  6.77499990e-02  1.35770003e-01 -9.09000160e-03 -2.09759998e-01
  1.98599992e-02 -1.06460002e-01  3.99199989e-02  1.83959997e-01
  1.83929995e-01 -1.86400000e-02  8.98299975e-02 -1.40199999e-01
  1.70799982e-02 -4.39499994e-02  5.37699983e-02  5.92300007e-02
  7.22699994e-02  1.16620002e-01 -1.88090003e-01  1.23399999e-01
  2.40020000e-01  1.56409999e-01 -2.76870002e-01 -4.04899972e-02
  3.96000013e-03  1.45100004e-01 -5.96900024e-02  2.44500009e-02]"
のけ,"[ 0.0702 -0.2421  0.0546  0.2507 -0.067  -0.4324 -0.0247 -0.0736 -0.2193
  0.3063  0.0666  0.1183 -0.0039 -0.369   0.2044  0.0582  0.1644 -0.0871
 -0.4349 -0.1848 -0.2056 -0.3523 -0.2686 -0.1182 -0.2659  0.2526  0.2782
  0.1105  0.041   0.0861  0.023   0.1212 -0.1232  0.3282 -0.3291 -0.0398
  0.054  -0.0862  0.6171  0.0109 -0.0493  0.2946 -0.1842  0.2267  0.1759
 -0.5064  0.0943  0.1496  0.0412 -0.134  -0.3186  0.0188 -0.0651  0.1077
 -0.0663 -0.0519  0.0945 -0.2059  0.0098  0.0158 -0.0047  0.0723  0.1115
  0.1872  0.0826 -0.1534  0.0422 -0.2582  0.0448 -0.195   0.0389 -0.1208
 -0.222   0.2419  0.0612 -0.0963 -0.0361 -0.004   0.1609 -0.1205 -0.3163
 -0.0364 -0.1298 -0.1369 -0.0335  0.0171  0.0678  0.2269 -0.0303  0.4359
 -0.1033 -0.3846 -0.1361 -0.0097 -0.0832  0.27   -0.1217 -0.158   0.2313
  0.0476  0.3981  0.0664 -0.1077 -0.3613 -0.1007  0.1421  0.305  -0.2003
 -0.2306 -0.2494  0.0197 -0.1368 -0.2389  0.1439 -0.0502  0.1288 -0.209
 -0.0103 -0.0919 -0.0561  0.0385  0.0365 -0.1037 -0.1844  0.1511 -0.2351
  0.1541 -0.1388 -0.1426 -0.0119  0.0394 -0.2385 -0.1472 -0.225   0.273
 -0.3631 -0.1533  0.1901 -0.0599  0.1346 -0.0109 -0.1211 -0.0182  0.0309
  0.3655  0.1468  0.2465  0.3926  0.1241  0.2061 -0.1166 -0.2048 -0.2677
  0.0387 -0.4763  0.0562 -0.4239 -0.2878 -0.0173  0.2221 -0.297   0.0649
 -0.2873 -0.2789  0.3929 -0.3705 -0.0849 -0.0584 -0.0117 -0.2726  0.0816
 -0.2739  0.2451  0.0109  0.2335 -0.0192 -0.1039  0.1948 -0.1061  0.1047
 -0.1859 -0.0495 -0.079  -0.1236  0.1511  0.057  -0.1993  0.1806  0.1881
  0.3254 -0.1292 -0.1352 -0.1957  0.0568 -0.0537 -0.0477  0.3918 -0.1395
 -0.0768 -0.3582 -0.2956  0.3724  0.076   0.3787  0.075   0.029  -0.2905
 -0.2841  0.1018 -0.2761 -0.2436 -0.1261 -0.0628 -0.1063  0.3058 -0.2344
  0.2326 -0.7459  0.0519 -0.2344  0.0451  0.1149  0.1809  0.2827  0.1721
 -0.0225  0.1042  0.0231 -0.0517  0.1056 -0.063  -0.3658 -0.4445  0.2415
 -0.0035  0.172  -0.4767  0.0383 -0.1623 -0.0102 -0.0075 -0.1748 -0.2799
  0.0077 -0.1185 -0.1595 -0.3011 -0.228   0.265   0.0456  0.0789 -0.2798
 -0.1325 -0.1605  0.1848 -0.136  -0.0424  0.0418 -0.084   0.0272  0.0317
  0.2352 -0.1491 -0.0568 -0.1948 -0.1904 -0.4692  0.2949  0.4113 -0.3004
  0.0324  0.213   0.3418  0.2807 -0.0213  0.1825 -0.0355 -0.0296  0.083
 -0.1312  0.329  -0.0795 -0.0144 -0.1941 -0.5084 -0.0966 -0.0797  0.1225
  0.01   -0.5852  0.0176 -0.032  -0.0089  0.1872 -0.1181  0.1434 -0.1551
 -0.0226  0.1658  0.1079]","[ 4.31000013e-02 -1.57600001e-01  6.00900002e-01  2.73100003e-01
  5.15000019e-02 -2.99049996e-01  5.70499990e-02 -4.31499984e-02
 -8.58000033e-02  3.48950006e-01  1.24949999e-01  1.50899996e-01
  3.00000887e-04 -3.23549990e-01  3.53200004e-01  2.14000000e-01
  1.57749998e-01  7.85000017e-03 -5.23850001e-01 -1.21299999e-01
 -2.25699994e-01 -5.36999980e-01 -1.34249995e-01 -9.68999984e-02
 -2.15999993e-01  2.92100005e-01  1.19200001e-01  1.62000011e-02
 -1.31800000e-01  1.42700000e-01 -2.62200003e-01  1.17650005e-01
  3.64000024e-02  3.70550008e-01 -7.55000077e-02 -1.15499999e-02
 -3.44000000e-02 -3.92999956e-02  3.71049999e-01  2.54199998e-01
 -1.07600000e-01  2.69750007e-01  7.99996662e-04  1.54099998e-01
  3.81499967e-02 -8.05549988e-01 -5.59000019e-02  8.53999979e-02
  3.50000151e-03 -5.06000039e-02 -3.19899997e-01 -1.95500010e-02
 -8.09000004e-02  1.55600000e-01 -7.57999998e-02 -6.21999982e-02
  1.56199997e-01 -2.40950000e-01  2.14999986e-02  8.34999988e-02
 -1.89500006e-02  9.22000026e-02 -5.38499989e-02  3.03599999e-01
  1.02150000e-01 -1.77750002e-01 -4.54000006e-02 -1.86049998e-01
 -3.60000180e-03  7.83500038e-02  3.40499980e-02 -4.86499963e-02
 -1.54200001e-01  1.17000000e-01  9.47000007e-02 -2.96550002e-01
 -1.11000007e-02 -4.35999972e-02  4.81999977e-02 -7.90000148e-03
 -1.64200002e-01 -4.45000082e-03 -2.23750003e-01 -8.23499965e-02
  4.97000003e-02 -1.27200003e-01  7.33500035e-02  2.71449996e-01
 -7.50999980e-02  2.83750009e-01  5.80000015e-02 -2.79400008e-01
 -1.28749999e-01  5.62499994e-02 -5.77000007e-02  2.84050007e-01
 -1.82850000e-01 -1.20450004e-01  3.64600001e-01 -7.34999962e-03
  2.27899994e-01 -5.53000025e-02 -1.12349998e-01 -2.80249999e-01
 -3.02499980e-02  2.88500041e-02  2.81000003e-01 -1.53549996e-01
 -3.07850006e-01 -2.17800002e-01 -5.10449999e-01 -2.16550007e-01
 -2.98199998e-01  3.05000024e-02 -1.48999989e-02  1.68649999e-01
 -2.26750001e-01 -6.89499979e-02  5.11499997e-02 -2.90000048e-02
  1.16149999e-01 -2.51000011e-02 -4.60000001e-02 -1.20350004e-01
 -1.55000007e-02 -4.45499998e-02  3.45000003e-02  2.11000033e-02
  1.39300000e-01  6.52500010e-02 -1.76399999e-01 -2.83649998e-01
 -1.79300004e-01 -3.02299993e-01  1.41000002e-01 -7.32849995e-01
 -1.61800003e-01  3.15450009e-01 -2.36500017e-02 -6.13499950e-02
  4.07999991e-02 -1.13250000e-01 -1.25999972e-02  1.21450002e-01
  7.68650003e-01 -1.25500009e-02  1.44549999e-01  3.36450006e-01
  1.40950003e-01  3.14850005e-01 -8.46000020e-02 -2.68499963e-02
 -2.56399995e-01 -9.41500012e-02 -4.41499997e-01  6.00000843e-04
 -1.62550001e-01 -1.41550005e-01  2.68000001e-02  3.30149998e-01
 -1.35399995e-01  1.70000019e-02 -2.47649999e-01 -4.69050005e-01
  2.67849998e-01 -1.66599999e-01 -3.91000010e-02 -1.37899999e-01
 -5.44499992e-02 -1.53000000e-01  6.60000113e-03 -1.50900001e-01
  2.64000007e-01 -1.29650002e-01  1.35050000e-01  2.04699997e-01
  3.00500011e-02  1.74800004e-01 -3.17000020e-02  2.19900002e-01
 -1.00200001e-01  5.49998600e-04 -4.34150000e-01 -8.50500014e-02
  1.27999996e-01  6.05999981e-02 -1.01300002e-01  5.34200009e-01
  6.19499981e-02  6.42999972e-02 -1.34149999e-01 -1.44899999e-01
  3.49999991e-01  1.96500011e-02  1.62200004e-01 -1.08100001e-01
  3.33349992e-01 -6.59500016e-02 -5.73500014e-02 -1.97200007e-01
 -1.99099997e-01  7.64999893e-02  2.05699997e-01  3.41049989e-01
 -1.57149995e-01 -1.26349998e-01 -1.37599992e-01 -2.71199998e-01
  1.95699998e-01 -1.77500005e-01 -1.03050000e-01  1.71399994e-01
 -1.29499999e-01 -7.99999852e-03  7.48999976e-02 -2.18850002e-01
  8.46000018e-02 -1.18560001e+00 -7.43499976e-02 -2.28450002e-01
  1.20899998e-01  6.69000028e-02  2.17549998e-01  2.76900002e-01
  4.22999943e-02 -4.03500004e-02  8.26499998e-02  1.53849998e-01
 -2.50001438e-04 -6.31500015e-02  4.03499994e-02 -1.23199996e-01
 -6.50949994e-01  1.05950003e-01 -4.61000009e-02  7.37000026e-02
 -7.36900007e-01  1.35450004e-01 -1.32750001e-01  3.26999994e-02
  3.09500038e-02 -7.53999953e-02 -2.48200006e-01 -2.36450000e-01
  1.59150000e-01 -1.42100004e-01 -2.02449993e-01 -1.08150000e-01
  1.49349994e-01 -3.51499998e-01  8.45999997e-02 -5.68499997e-01
  9.90500050e-02 -1.33650003e-01  2.26000002e-01 -2.94850007e-01
 -1.87350001e-01  5.66500018e-02  6.94500003e-02  3.36999996e-02
 -1.27399996e-01  1.01450001e-01 -9.92500032e-02  3.70499939e-02
  1.29550002e-01 -3.18700005e-01 -7.28449985e-01  9.71000019e-02
  1.91250004e-01 -1.94099996e-01  4.66499990e-02  5.66000000e-02
  1.34300005e-01  9.86499986e-02 -2.38999994e-02  2.61700000e-01
 -1.17500002e-01 -7.23500003e-02 -4.89999992e-02 -7.33500002e-02
  3.11749999e-01  5.73000028e-02 -6.41000001e-02 -1.93750001e-01
 -2.88550011e-01  1.39999669e-03 -2.79999976e-02  1.32200001e-01
  8.24500006e-02 -1.97300003e-01 -4.98499987e-02 -1.22200000e-01
 -4.02499996e-02 -1.39650016e-01  2.18250006e-01  8.52000010e-02
 -2.10999999e-01 -1.82550001e-01  6.75000018e-02  9.15499997e-02]"
もみじ,"[-1.220e-02  2.450e-02 -5.650e-02  4.470e-02 -2.600e-03  5.200e-03
  7.070e-02  1.458e-01  2.251e-01  1.026e-01  2.610e-02  3.000e-03
 -6.260e-02  8.290e-02 -5.500e-02  2.420e-02  1.460e-02  5.300e-02
 -2.395e-01 -1.970e-02  8.990e-02  3.220e-02 -2.011e-01  4.640e-02
  6.500e-03 -1.130e-02 -6.020e-02  1.915e-01 -8.000e-03 -5.040e-02
  1.557e-01  9.140e-02 -9.850e-02 -6.320e-02 -1.899e-01 -1.842e-01
 -2.050e-02 -1.218e-01  8.440e-02 -7.920e-02  3.100e-03 -7.620e-02
  5.160e-02  1.330e-01  9.690e-02  4.530e-02  5.800e-02 -1.405e-01
 -2.700e-02 -6.000e-02  2.107e-01 -1.316e-01 -1.290e-02 -6.620e-02
 -6.950e-02 -1.420e-02  2.500e-03  4.970e-02  7.460e-02  5.760e-02
 -4.280e-02  1.800e-02  7.710e-02  2.570e-02 -1.020e-02 -2.426e-01
 -2.250e-02  6.950e-02  1.208e-01 -2.120e-02  1.878e-01 -1.149e-01
  5.060e-02 -1.550e-02  7.000e-02 -7.850e-02  6.170e-02  4.740e-02
  1.310e-01 -4.190e-02 -4.450e-02 -2.650e-02  1.030e-02 -2.930e-02
 -8.940e-02  9.790e-02 -1.900e-02 -2.260e-02  1.224e-01  2.830e-02
 -8.610e-02  1.602e-01  1.080e-01  9.790e-02 -7.900e-03  1.323e-01
 -1.454e-01 -1.411e-01 -1.513e-01 -9.950e-02  1.990e-02  4.200e-03
  4.290e-02 -1.109e-01 -1.860e-02  2.322e-01  7.690e-02  6.520e-02
  7.590e-02  2.204e-01 -6.480e-02 -4.280e-02  1.840e-02  7.200e-03
  5.420e-02  1.585e-01 -2.219e-01 -1.880e-02 -1.700e-02 -1.505e-01
 -1.163e-01 -1.050e-01 -1.800e-03 -1.790e-02  3.100e-03 -1.158e-01
  9.580e-02  1.735e-01 -8.440e-02  9.310e-02  1.086e-01  2.790e-02
  1.217e-01 -1.048e-01 -1.422e-01 -8.880e-02 -1.404e-01  1.291e-01
  6.180e-02 -5.890e-02 -3.120e-02  2.040e-02  6.460e-02 -1.063e-01
  6.090e-02  4.950e-02  1.067e-01 -3.100e-02 -9.970e-02  6.370e-02
  3.700e-03 -1.810e-02  7.930e-02  3.920e-02 -4.090e-02 -1.271e-01
 -6.240e-02 -4.290e-02  8.570e-02  6.900e-02 -1.120e-01  1.680e-02
 -4.590e-02 -1.897e-01  2.900e-03 -5.600e-03  4.260e-02 -1.208e-01
  1.143e-01 -1.360e-01  6.430e-02 -8.590e-02  2.300e-03  7.290e-02
  3.040e-02 -9.000e-02  1.800e-02 -4.770e-02  1.580e-02 -1.700e-02
 -7.080e-02 -1.430e-01  1.771e-01  1.600e-03 -1.053e-01  1.164e-01
  1.101e-01 -1.252e-01  3.060e-02  6.900e-03 -4.490e-02 -1.305e-01
 -1.489e-01  4.830e-02 -4.040e-02 -1.096e-01  5.530e-02 -2.600e-02
  3.640e-02  1.562e-01 -2.800e-02  4.090e-02  1.980e-02  9.000e-04
 -1.547e-01  2.350e-02  8.710e-02 -7.920e-02 -8.550e-02 -4.390e-02
 -1.210e-02  7.700e-03  1.068e-01  1.570e-02  2.752e-01 -5.360e-02
 -1.356e-01 -4.012e-01 -5.630e-02 -4.900e-02  1.173e-01  1.627e-01
 -6.280e-02 -8.110e-02  1.840e-01  3.990e-02  1.660e-01 -5.420e-02
  7.590e-02 -1.790e-02  1.865e-01 -6.300e-02 -1.240e-01  4.700e-03
 -2.500e-02 -8.350e-02 -1.509e-01 -4.890e-02  7.230e-02 -6.210e-02
  8.290e-02 -5.070e-02  1.169e-01 -1.200e-01 -1.446e-01  2.770e-02
 -3.850e-02 -1.850e-02 -2.361e-01 -8.200e-02  7.960e-02 -3.042e-01
 -1.717e-01 -3.000e-04 -1.210e-02 -4.640e-02  1.500e-02  1.105e-01
 -1.275e-01 -9.980e-02 -2.750e-02 -3.880e-02  3.280e-02  1.842e-01
 -5.800e-03 -8.040e-02  6.330e-02 -1.680e-02 -8.010e-02 -1.245e-01
 -1.617e-01 -9.280e-02  2.970e-02  4.130e-02 -8.160e-02 -8.470e-02
 -1.490e-02 -2.090e-02 -2.740e-02  8.650e-02 -6.550e-02 -5.380e-02
  3.190e-02 -5.810e-02  4.560e-02  3.630e-02  5.700e-03 -1.680e-02
 -2.880e-02 -2.320e-02  3.870e-02  3.600e-02 -5.100e-03  3.880e-02
 -9.010e-02 -6.490e-02  5.450e-02 -4.110e-02  2.910e-02 -4.430e-02]","[ 7.15999966e-02  3.57999997e-02  1.36999991e-02  2.66000004e-02
 -4.78000011e-02  1.06000004e-02 -6.40000030e-03  8.82999972e-02
  1.52399998e-01  9.32499990e-02  6.20000018e-02 -1.75000005e-03
 -3.28500009e-02  9.65500027e-02 -1.08749997e-01 -1.05000008e-02
  3.94500005e-02  6.35000002e-02 -1.96599998e-01 -5.54000000e-02
  3.43000013e-02 -2.33500004e-02 -1.60800003e-01 -2.89500002e-02
 -3.29500018e-02  3.09999981e-02  1.68500021e-02  2.09999993e-01
 -6.33999999e-02 -2.15499999e-02  9.84999985e-02  1.06100000e-01
 -8.22999999e-02 -1.22850001e-01 -1.49400000e-01 -1.14150003e-01
  9.83499978e-02 -1.46249998e-01  1.70350000e-01 -8.29999894e-03
 -8.83500018e-02 -1.53550003e-01  9.67500024e-02  1.23649999e-01
  4.30000005e-02 -5.90499975e-02  1.98999988e-02 -3.49999964e-03
 -4.57499987e-02 -2.32999995e-02  1.03150003e-01 -6.48500037e-02
  2.17999993e-02  7.22500011e-02 -3.93499997e-02 -4.99999151e-05
  3.99999961e-04  5.79500012e-02  1.25300001e-01  3.45999994e-02
 -6.69500008e-02  1.69999998e-01  3.06000002e-02  1.10499999e-01
 -8.75000027e-03 -1.75299998e-01 -2.75999997e-02  1.93999996e-02
  1.26400001e-01  4.87499991e-02  1.14300003e-01 -8.18499997e-02
  5.37999999e-02 -1.31000001e-02  1.18049998e-01 -1.22699998e-01
  1.80000011e-02 -2.61000004e-02  2.99997628e-04  8.37999992e-02
  5.62500022e-02  3.17999991e-02 -3.96000012e-02 -9.16499998e-02
 -9.25000012e-02  1.16400003e-01 -7.71999983e-02 -2.41000000e-02
  1.32700004e-01 -2.38499986e-02 -1.12650000e-01  9.38499998e-02
  6.28500013e-02  7.37000015e-02 -1.45499995e-02  1.41500004e-01
 -1.27700001e-01 -1.46150000e-01 -1.34250000e-01 -5.16000002e-02
  8.33499981e-02  8.97000001e-02  5.64500000e-02 -5.52499999e-02
 -4.81499983e-02  2.21000001e-01  5.87499999e-02  3.22500005e-02
  8.81000012e-02  1.03800003e-01 -7.22000003e-02 -5.45000099e-03
  3.48999994e-02  2.67500007e-02  5.03500011e-02  1.09100001e-01
 -1.49100002e-01 -5.46000013e-02 -5.10999989e-02 -9.75000001e-02
 -8.20000004e-02 -1.13499984e-02  8.99999996e-03 -4.14000014e-02
 -4.99999966e-04 -9.18000005e-02  8.15499984e-02  8.85000008e-02
 -7.89999999e-02  1.22000001e-01  5.54999991e-02 -3.71500012e-02
  1.18649997e-01 -1.07600000e-01 -2.40999982e-02  2.97000036e-02
 -1.07750002e-01  1.12449996e-01  9.65500008e-02 -1.98499989e-02
 -5.84999938e-03  4.35999995e-02  1.04449999e-01 -6.95999991e-02
  6.29499983e-02  7.28999991e-02  1.50150001e-01 -1.01199998e-01
 -6.77999984e-02  1.18549999e-01  1.30949995e-01  4.66499999e-02
  3.81500006e-02  1.39599998e-01  1.64999999e-03 -1.25000004e-01
 -4.50999988e-02 -4.78000008e-02  1.27349999e-01  5.95499985e-02
 -6.47500018e-02  2.31999997e-02 -4.21500001e-02 -1.84450001e-01
  3.85000013e-02 -4.75999983e-02  1.24999881e-03 -9.12000015e-02
  4.44999989e-02 -1.20000020e-02  1.43749997e-01  5.57500012e-02
  5.05999989e-02  9.31499973e-02  9.86999981e-02  2.19999999e-03
  1.52999996e-02 -7.22499993e-02 -1.77500006e-02  3.23499981e-02
  3.40499990e-02 -5.79000032e-02  1.31600000e-01  1.58600004e-01
 -7.21000005e-02  1.59500018e-02  1.35000013e-02 -7.41500016e-02
  7.06000011e-02  1.04500002e-02 -1.05599999e-01 -1.07400000e-01
 -5.10000009e-02 -2.32500006e-02 -1.57999992e-02 -1.23050001e-01
 -9.34999995e-03  3.20999995e-02  4.63500004e-02  1.71600007e-01
 -6.85000047e-03  1.07200000e-01  2.16499995e-02  3.69499995e-02
 -7.33499979e-02  1.34999957e-03  7.24999998e-02 -6.62999991e-02
 -1.56500004e-02 -8.08000024e-02 -1.08049998e-01  1.20100001e-01
  6.38999986e-02  9.08999974e-02  2.19450004e-01 -6.52999990e-02
 -1.55249998e-01 -4.47249994e-01 -2.73999997e-02 -5.49999997e-03
  4.67499979e-02  6.19499981e-02 -3.51999989e-02 -3.97500010e-02
  5.35500012e-02  5.80000039e-03  1.48449995e-01 -6.61999993e-02
  6.06000014e-02  8.84999987e-03  9.05499989e-02 -1.63399998e-01
 -1.65299997e-01  6.99000035e-02  4.99499990e-02 -4.36499990e-02
 -1.64350003e-01 -1.12500004e-02  6.65000007e-02 -1.18800003e-01
 -9.99979675e-05 -1.90000008e-02  1.43500000e-01 -1.72149997e-01
 -4.91500013e-02 -2.27500014e-02 -6.27000015e-02  1.34500004e-02
 -1.52350001e-01 -1.22350000e-01  9.63499993e-02 -2.91349992e-01
 -1.58650003e-01  7.95000020e-03  1.05549997e-01 -2.51499997e-02
  3.89499995e-02  1.31550003e-01 -1.16999999e-01 -1.24999996e-01
 -1.11999998e-02 -3.35000008e-02  4.77500018e-02  1.64800003e-01
 -1.16799998e-01 -2.78499983e-02  9.35999975e-02 -1.83499996e-02
 -6.25500008e-02 -7.42999995e-02 -3.02999988e-02 -1.15799997e-01
  3.14499997e-02  1.01800002e-01 -5.78000024e-02 -9.46000032e-02
  4.90999999e-02 -1.78999999e-02  1.49999745e-04  1.13199998e-01
 -6.29500002e-02 -6.14000000e-02  4.54500001e-02 -9.92000028e-02
  4.11000010e-02 -4.31999993e-02 -4.67999985e-02 -4.77999998e-02
 -1.57499998e-02 -1.19999982e-03 -1.21500008e-02  9.08000022e-02
 -5.05000004e-03 -1.79999992e-02 -3.04999985e-02 -3.78500018e-02
  3.05999992e-02 -9.24999919e-03 -8.64999928e-03 -6.01000022e-02]"
トイレ,"[-2.010e-02 -8.840e-02  1.767e-01  2.420e-02 -2.190e-02 -2.430e-02
  7.320e-02 -1.100e-02 -1.172e-01  1.149e-01  6.330e-02  3.350e-02
 -6.720e-02  1.094e-01 -1.530e-01 -9.600e-03  2.470e-02  2.620e-02
 -7.850e-02  5.780e-02 -2.820e-02 -5.790e-02 -9.190e-02 -4.890e-02
 -1.190e-01  1.100e-01  1.179e-01  1.676e-01 -5.300e-03  2.970e-02
  1.850e-02 -4.160e-02  6.000e-02 -1.177e-01  9.050e-02  1.538e-01
  6.930e-02  6.720e-02 -2.000e-04  4.090e-02 -6.850e-02 -1.188e-01
  1.022e-01  1.176e-01 -3.550e-02 -1.139e-01 -1.307e-01  1.254e-01
 -4.550e-02  6.500e-03 -8.510e-02 -4.030e-02  1.156e-01 -4.310e-02
 -1.371e-01  7.700e-03 -2.400e-02  1.999e-01  3.290e-02 -3.570e-02
  3.000e-03 -1.362e-01 -1.258e-01  9.420e-02 -1.192e-01  8.800e-03
 -1.300e-03  7.590e-02  4.040e-02  6.910e-02 -1.320e-02  9.200e-02
  1.900e-03  1.215e-01 -5.920e-02 -5.310e-02  4.530e-02 -2.010e-02
 -1.804e-01 -1.560e-02  1.082e-01  2.570e-02 -5.480e-02  3.200e-02
  1.420e-02  3.490e-02  1.352e-01  9.850e-02 -5.700e-03 -9.380e-02
 -1.582e-01 -3.610e-02 -1.113e-01  7.540e-02  1.121e-01 -3.580e-02
 -9.990e-02 -8.150e-02 -6.500e-03  4.660e-02  1.320e-02  1.607e-01
 -9.580e-02  9.000e-02  7.180e-02  1.984e-01  3.440e-02 -6.990e-02
 -2.890e-02  7.220e-02 -1.170e-02  2.400e-03  3.270e-02  4.210e-02
  5.300e-03 -2.615e-01 -1.180e-02  1.521e-01  5.260e-02  7.910e-02
 -1.213e-01  9.110e-02 -1.700e-03  6.580e-02 -3.180e-02  3.060e-02
  2.400e-03 -1.710e-02 -5.300e-02 -1.740e-02  2.410e-02  1.391e-01
  1.320e-02 -2.750e-02  1.625e-01  1.488e-01 -4.080e-02  6.200e-02
 -6.850e-02  1.330e-01 -3.200e-03  2.371e-01  1.975e-01 -2.460e-02
  5.660e-02 -4.530e-02 -2.650e-02 -8.160e-02 -1.373e-01 -1.375e-01
  1.030e-02  1.642e-01  3.580e-02 -1.040e-02  2.210e-01 -1.468e-01
  1.135e-01  1.297e-01 -1.021e-01  1.486e-01  8.710e-02 -3.210e-02
 -5.700e-03 -1.153e-01  2.670e-02  9.410e-02 -1.449e-01 -1.038e-01
  1.217e-01 -2.546e-01  2.040e-02  4.290e-02  2.570e-02  7.310e-02
 -6.220e-02 -1.213e-01 -4.360e-02  1.470e-01  1.480e-02 -1.110e-02
  1.466e-01  1.860e-02 -1.320e-02  1.116e-01 -5.770e-02 -1.348e-01
  7.940e-02  4.930e-02  1.638e-01  1.355e-01  4.550e-02  1.886e-01
  1.244e-01  5.300e-02  2.186e-01  2.230e-02  8.290e-02 -1.240e-01
 -7.480e-02  4.360e-02 -6.730e-02  1.002e-01 -9.500e-02 -4.270e-02
 -8.830e-02 -1.113e-01 -1.050e-01 -1.164e-01  1.041e-01 -9.130e-02
  7.700e-03  1.590e-02 -2.750e-02 -1.403e-01  5.510e-02 -1.223e-01
  6.350e-02 -4.086e-01  1.700e-03 -1.082e-01 -2.400e-02  9.930e-02
  1.030e-01  5.030e-02  1.460e-01 -5.900e-03 -3.790e-02  2.240e-02
  1.190e-02  5.210e-02  1.143e-01  5.050e-02 -1.822e-01 -9.790e-02
  3.300e-03  7.940e-02 -1.963e-01  1.842e-01  8.250e-02 -1.385e-01
 -4.220e-02  1.258e-01  1.149e-01 -2.054e-01  8.740e-02 -1.193e-01
 -1.634e-01 -1.006e-01  3.550e-02  1.510e-02 -3.060e-02 -1.842e-01
  4.910e-02  2.800e-02  6.330e-02  8.620e-02 -1.849e-01  3.670e-02
 -6.650e-02  5.700e-02  1.897e-01 -1.070e-02 -9.890e-02 -9.150e-02
 -4.540e-02 -5.390e-02  4.990e-02 -1.346e-01  7.520e-02 -4.260e-02
 -1.430e-02 -1.770e-02  4.470e-02  3.470e-02  7.870e-02 -3.590e-02
 -4.220e-02  1.669e-01 -1.461e-01 -3.220e-02  1.170e-02  8.280e-02
 -7.040e-02  2.400e-02  2.074e-01 -1.902e-01 -2.210e-02  1.690e-02
 -6.810e-02 -4.550e-02 -4.920e-02 -2.760e-02 -1.909e-01  8.830e-02
 -1.354e-01 -4.420e-02 -1.001e-01 -5.080e-02 -1.109e-01  3.390e-02]","[-7.99999805e-04 -3.72500005e-02  1.38274999e-01  1.27499993e-03
  4.34749988e-02 -4.44000002e-02  8.51499997e-02 -2.06000004e-02
 -4.70250004e-02  7.49499995e-02  5.34250000e-02  6.40249997e-02
 -6.96249986e-02  3.94999986e-02 -9.20999991e-02  2.35250001e-02
  2.70750002e-02 -1.99000007e-02 -4.06750008e-02  2.15749997e-02
 -2.94999965e-03 -2.83750002e-02 -7.88000012e-02 -7.27500021e-03
  2.16000006e-02  4.40250000e-02  5.45000006e-02  7.84750017e-02
 -3.92999994e-02  6.05000012e-02  4.46000012e-02  7.94999927e-03
  4.64749996e-02 -2.50002369e-04  7.46249994e-02  3.61999997e-02
  2.00001406e-04  1.01749990e-02 -1.00499993e-02  2.27500002e-02
  7.72500073e-03  1.11750001e-02  1.81500009e-02  5.90999997e-02
 -1.01750010e-02 -1.29650003e-01 -2.40250017e-02  4.07000017e-02
 -2.36000000e-02 -5.95999982e-02  1.73249990e-02 -4.45000008e-02
  2.70999991e-02 -7.43999993e-02 -4.44499995e-02  8.27249987e-02
 -6.50000758e-04  7.44750008e-02 -2.19999999e-03  1.97499941e-03
  1.69999979e-03 -1.17999995e-02  1.11500006e-02  2.92500006e-02
 -1.02499954e-03  2.09500021e-02 -1.90000012e-03  3.56500009e-02
 -2.75750014e-02  5.50749999e-02  1.87500003e-02  4.53000003e-02
 -1.99999992e-02  5.98750003e-02 -2.10749999e-02 -9.55500016e-02
 -2.25249995e-02 -1.58750010e-02 -6.41999996e-02  1.94499986e-02
  7.46750000e-02  2.39500003e-02 -3.38750006e-02  4.04749999e-02
  1.62499980e-03  2.82500001e-02  4.67999992e-02  9.55750011e-02
 -1.76000000e-02 -8.19750000e-02 -4.79499989e-02 -5.47500001e-03
 -8.37499998e-03  6.03750017e-02  4.00999987e-02  9.74999974e-03
 -7.53250001e-02 -5.06500003e-02 -5.02250004e-02  2.18999991e-02
 -3.00750012e-02  1.12649998e-01 -4.24999744e-04  6.47499994e-03
 -6.77499920e-03  1.14525003e-01  5.77499985e-03 -5.19749988e-02
  1.87500007e-03  7.67250019e-02 -2.89500009e-02  9.51250029e-02
  4.97500007e-02  1.74750001e-02  1.67999995e-02 -2.00999994e-02
 -4.81750001e-02  7.62750003e-02  3.51500008e-02 -1.27250014e-02
 -4.27999990e-02  2.87249999e-02  4.58749996e-02  2.07500090e-03
  1.02499998e-02  3.50250024e-02 -1.45499988e-02  6.21499983e-02
 -2.78999998e-02 -6.25000009e-03  4.07499997e-02  3.76250000e-02
  1.57249989e-02  3.51500008e-02  4.31749984e-02  5.33749992e-02
  8.49999487e-04  6.84249997e-02  4.42499993e-03  6.13749998e-02
  1.60500000e-02  2.20000017e-02  5.91000007e-02 -6.44999999e-03
  7.40000000e-02 -3.79749997e-02  2.12250007e-02 -1.88500008e-02
 -4.44499996e-02  1.63000007e-02  1.95749991e-02  6.20499970e-02
  2.60999997e-02  1.38500000e-02  8.93250001e-02 -3.45249996e-02
  6.85500009e-02  5.69750012e-02  2.24999990e-03  5.50999986e-02
  3.18000000e-02 -4.03499994e-02 -2.48500007e-02 -2.87250001e-02
  3.20750007e-02 -7.97500066e-03 -5.26249995e-02 -7.69750001e-02
  5.10749988e-02 -2.28999963e-02  6.49999711e-04  7.74000022e-02
 -9.92500084e-03 -6.59999996e-03 -9.92499967e-03 -3.04749995e-02
 -2.85000000e-02  2.59750009e-02  1.52250001e-02 -4.10999996e-02
  2.47999984e-02 -4.95249988e-02  3.49250007e-02  2.40749991e-02
 -3.76000002e-02 -4.28500014e-02 -2.66749975e-02  2.03499999e-02
  7.28500001e-02 -2.32500024e-03 -4.67500040e-03  2.98750005e-02
  7.55500002e-02  3.00750015e-02  9.05750009e-02 -9.20000000e-03
  4.22500009e-02 -4.43250001e-02 -2.63249998e-02  6.63000029e-02
 -2.46000001e-02  5.38749984e-02  3.19999969e-03  3.25750010e-02
 -5.08249993e-02 -2.39499998e-02  3.92500077e-03 -3.43750014e-02
  4.50249992e-02 -1.61000011e-02 -2.60000071e-03 -1.83500005e-02
  5.40250000e-02 -6.72250008e-02  4.33500018e-02 -4.32500001e-02
 -2.11249986e-02 -2.90675003e-01  1.19000001e-02 -2.42499996e-02
 -4.02499987e-02  1.71750002e-02  8.51750001e-02  3.07250000e-02
 -1.29000013e-02 -3.47499992e-03 -9.30000027e-03 -1.16500000e-02
  2.27499998e-03  2.88000005e-02  5.99749992e-02  3.75749997e-02
 -1.17225000e-01 -3.05750004e-02 -4.52500035e-03 -3.43750003e-02
 -1.45074998e-01  6.87250011e-02  3.11750011e-02 -9.18000024e-02
 -6.14999980e-03  2.98250003e-02  3.14750001e-02 -1.49300002e-01
  1.26999998e-02 -9.44500007e-02 -5.75499986e-02 -5.70749999e-02
  1.69500001e-02 -2.30250000e-02 -1.26749999e-02 -1.43175000e-01
  4.19999999e-02  9.27500025e-03  3.31250005e-02 -2.61750007e-02
 -7.89750004e-02  9.69999947e-03 -1.86999999e-02  6.69999979e-03
  7.03500016e-02 -5.05000027e-03 -6.83250001e-02 -1.77749996e-02
 -2.09250003e-02  9.55000031e-03  1.61674996e-01 -5.93749997e-02
  2.45250016e-02 -4.06499995e-02  1.96500001e-02 -2.27249996e-02
 -9.47499927e-03 -1.75999992e-02  4.69249991e-02  1.59499981e-02
 -2.10500001e-02  3.15499983e-02 -9.21750008e-02 -8.35000048e-03
 -4.32500010e-03  1.02250001e-02 -3.59000004e-02  2.76499994e-02
  9.98249981e-02 -6.53249996e-02  1.90000015e-03  9.64999967e-03
  3.44000016e-02 -8.48999992e-02 -5.33499992e-02 -3.30000008e-02
 -5.66999991e-02 -5.61500024e-02 -2.89499983e-02 -1.04999994e-02
 -2.73250011e-02 -4.51250004e-02 -2.60499996e-02 -3.52750003e-02]"
子供,"[ 5.063e-01 -1.776e-01  1.734e-01  4.550e-02  2.040e-02  1.497e-01
  1.368e-01 -1.529e-01 -5.970e-02  7.700e-02  8.320e-02 -7.700e-02
 -3.060e-02  3.789e-01 -4.429e-01 -1.767e-01 -7.490e-02 -2.990e-02
 -1.005e-01  3.019e-01  5.980e-02  1.896e-01 -3.009e-01 -8.140e-02
  1.769e-01  2.900e-03  4.900e-02 -6.000e-02 -1.100e-01  2.313e-01
  1.056e-01  2.334e-01 -3.217e-01 -1.118e-01  1.208e-01 -1.300e-03
  2.168e-01  2.283e-01 -2.100e-02  7.970e-02 -1.000e-03  1.224e-01
 -7.070e-02  2.039e-01  3.230e-01 -8.670e-02  4.780e-02  2.040e-02
 -3.620e-02  6.440e-02  9.740e-02  1.229e-01 -5.640e-02  5.760e-02
  2.138e-01  9.520e-02  1.190e-02 -1.678e-01 -2.100e-03 -6.130e-02
 -1.250e-02 -1.010e-02 -2.214e-01  9.010e-02  1.405e-01 -1.042e-01
  2.790e-02 -2.130e-01 -1.107e-01  1.130e-02 -1.116e-01 -1.270e-02
  8.210e-02  2.133e-01 -1.339e-01 -2.964e-01 -1.636e-01  1.299e-01
 -1.910e-02 -7.900e-03 -3.700e-02  6.780e-02 -1.875e-01  6.260e-02
  7.780e-02 -1.748e-01 -1.360e-01 -2.780e-02  1.560e-02 -7.100e-03
  2.000e-04  2.446e-01  5.600e-03 -3.200e-03  6.260e-02  1.911e-01
 -2.969e-01  7.080e-02 -1.119e-01  7.350e-02 -1.915e-01  3.901e-01
  8.320e-02 -1.653e-01  4.250e-02  5.842e-01 -2.480e-02  5.700e-02
  1.820e-01 -1.991e-01 -3.160e-02 -3.480e-02 -1.340e-02  6.520e-02
  1.210e-02 -1.804e-01 -6.620e-02 -7.980e-02 -6.980e-02 -5.000e-02
 -3.360e-02  3.980e-02  1.452e-01 -1.418e-01 -1.001e-01  1.218e-01
 -2.872e-01 -6.260e-02 -2.131e-01  8.310e-02  4.390e-02 -1.154e-01
  1.840e-02 -2.242e-01  6.810e-02  1.780e-02  1.047e-01 -2.720e-02
 -1.690e-02  4.400e-02 -2.300e-02 -2.700e-02  4.400e-02  5.150e-02
  2.604e-01 -1.880e-02 -1.054e-01 -1.290e-02  1.355e-01  1.646e-01
 -2.250e-02 -6.410e-02  2.300e-02  5.000e-04  7.740e-02 -7.880e-02
 -1.020e-02  7.070e-02  2.935e-01 -1.074e-01 -4.410e-02 -3.020e-02
 -1.600e-02  4.293e-01 -6.150e-02 -1.056e-01 -2.399e-01 -2.901e-01
 -1.111e-01  9.700e-03  1.868e-01  2.180e-02 -4.490e-02  1.658e-01
  3.090e-02 -1.344e-01 -6.170e-02  3.550e-02  1.380e-01  1.310e-01
 -1.411e-01  2.510e-01 -6.560e-02 -8.660e-02 -5.850e-02 -8.680e-02
 -4.740e-02 -2.330e-02 -1.320e-02 -1.160e-01 -6.580e-02 -8.960e-02
  1.512e-01  1.880e-01  2.409e-01 -1.186e-01 -3.310e-02 -1.179e-01
 -6.180e-02  3.500e-03 -6.120e-02  1.164e-01 -2.410e-02  2.046e-01
 -1.418e-01 -2.454e-01  3.420e-02 -1.136e-01  2.222e-01  1.360e-01
  5.220e-02  4.010e-02 -1.433e-01  3.230e-02 -1.719e-01  2.777e-01
 -2.001e-01 -7.530e-01  1.215e-01 -8.710e-02 -2.020e-02 -1.450e-01
  4.730e-02 -1.819e-01 -5.250e-02 -2.166e-01  1.009e-01 -7.800e-03
 -3.770e-02 -5.600e-02  1.840e-02 -1.495e-01 -4.301e-01 -2.805e-01
 -7.840e-02 -1.902e-01 -2.465e-01  7.280e-02  3.487e-01  6.480e-02
 -1.856e-01 -1.255e-01  9.090e-02 -1.648e-01 -8.520e-02 -7.810e-02
 -1.446e-01  2.606e-01  1.059e-01 -4.030e-02  2.570e-02 -3.844e-01
 -5.750e-02 -8.000e-03 -3.910e-02 -9.270e-02 -9.050e-02 -1.324e-01
  1.671e-01  1.560e-01  1.117e-01  1.900e-02 -2.366e-01 -1.676e-01
  3.900e-02  4.600e-02  1.229e-01 -7.660e-02 -2.286e-01 -1.154e-01
 -1.690e-02 -9.810e-02  1.722e-01  2.491e-01  9.460e-02 -2.190e-02
  1.900e-01  1.831e-01 -1.374e-01 -3.392e-01 -1.291e-01  1.925e-01
  4.700e-03  1.710e-02  1.030e-02 -1.398e-01 -1.358e-01  3.420e-02
  1.791e-01  2.290e-02 -9.020e-02 -1.660e-01 -2.732e-01 -2.048e-01
 -1.420e-01 -2.170e-01  2.100e-02  1.403e-01  1.790e-01 -1.249e-01]","[ 2.63649986e-01 -9.36499983e-02  1.73000000e-01  5.75500000e-02
  2.58999998e-02  1.21600002e-01  1.15800004e-01  1.68000013e-02
 -7.23500010e-02  2.69999998e-02  1.28400002e-01 -3.04999948e-03
 -4.77999989e-02  2.05799995e-01 -3.96950006e-01 -4.30999994e-02
 -4.96500004e-02  2.62500010e-02 -8.53000022e-02  2.18099996e-01
 -4.52999994e-02  1.78750001e-01 -1.54900006e-01 -6.52500000e-02
  1.11199999e-01  4.62999992e-02  1.47900002e-01  4.08500005e-02
 -1.00499999e-01  2.61649996e-01 -2.74500027e-02  1.75050002e-01
 -1.94650002e-01  9.85000283e-03  1.02500003e-01  4.08000013e-02
  1.20150002e-01  1.78050004e-01 -5.13999993e-02  9.05999988e-02
  5.64999977e-03  1.08250000e-01 -1.33499987e-02  8.84999968e-02
  2.25300007e-01 -2.66999993e-02  6.69999979e-03  4.06000009e-02
  1.67999975e-02 -7.23000020e-02  9.19999927e-03  6.51500009e-02
 -2.38500005e-02  4.38999999e-02  1.07499957e-02  1.09350000e-01
  7.10000016e-03 -1.93749994e-01 -3.94999993e-03 -1.32149996e-01
  3.00499997e-02  5.25499992e-02 -5.57999946e-02  2.69999728e-03
  1.49049997e-01 -1.29999965e-03  1.22499996e-02 -7.05000013e-02
 -1.15999997e-01  1.50000025e-03 -2.53999978e-02  6.87499973e-02
  4.45999983e-02  1.82950005e-01 -6.13500010e-02 -2.58950002e-01
 -1.09749999e-01  1.09099995e-01 -1.56499995e-02 -4.77499999e-02
 -3.07499999e-02  5.81000000e-02 -9.20500000e-02  3.41000007e-02
  2.16499995e-02 -1.60650000e-01 -1.04800005e-01  2.13500010e-02
 -1.71000008e-02  4.31500007e-02  2.50000011e-03  8.41499977e-02
 -6.69000028e-02 -3.56499989e-02 -2.87499987e-02  1.21800000e-01
 -2.68300004e-01  8.67500007e-02 -6.99000005e-02  9.36999992e-02
 -4.20999974e-02  3.49999994e-01  7.31500015e-02 -2.77499966e-02
 -1.53500009e-02  4.64050010e-01  5.59999887e-03  3.72000001e-02
  1.14199998e-01 -2.31999978e-02 -1.62399992e-01 -9.11000036e-02
 -3.06499992e-02  3.03000004e-02 -2.96500009e-02 -7.10499994e-02
  9.19999927e-03 -4.81500011e-02  5.07999994e-02 -7.58500006e-02
 -2.87499996e-02  4.79999930e-03  1.07299998e-01 -1.31900001e-01
  6.06000014e-02  4.29999828e-03 -1.56450002e-01 -2.05000117e-03
 -1.69700004e-01 -1.66000016e-02  1.09999999e-03 -2.89000012e-02
 -1.23000005e-02 -1.17099998e-01  5.74999861e-03 -7.15999994e-02
  3.76999993e-02 -7.22000012e-02  6.00000005e-03  1.39650002e-01
  4.99999989e-03  7.45000038e-03  8.46500024e-02  5.10000009e-02
  2.13500001e-01 -1.13499996e-01 -9.50000025e-02 -9.15000029e-03
  8.32999991e-02  1.86149999e-01  6.46000020e-02 -8.04999843e-03
  1.30950003e-01  6.17500017e-02  5.92000000e-02  9.19999927e-03
  3.90000013e-02 -3.22000049e-02  1.45200003e-01 -2.03850001e-01
 -8.22499990e-02 -7.19500016e-02 -4.60000033e-03  4.35650006e-01
 -2.08500009e-02 -2.06499994e-02 -1.92549996e-01 -1.39900004e-01
 -4.77500018e-02 -1.49499997e-02  1.36400003e-01 -4.77999989e-02
  4.88499999e-02  1.53800003e-01 -1.65500017e-02 -8.37999973e-02
  7.14999810e-03 -4.09999862e-03  8.44499981e-02  1.59800000e-01
 -9.68000013e-02  1.57899994e-01 -1.31900001e-01  1.05499998e-02
 -1.08499993e-02 -4.78500007e-02 -1.03500010e-02  2.90000066e-03
  8.29999987e-03 -6.34999946e-03 -4.65500019e-02 -8.37499984e-02
  3.67899984e-01  3.63499969e-02  2.73950003e-01 -5.22500016e-02
 -8.51499997e-02 -2.95499992e-02 -7.34999962e-03  2.90999992e-02
  2.12000012e-02  3.88500020e-02  4.79999995e-02  1.69200003e-01
 -9.90000013e-02 -1.94249995e-01  4.26000003e-02 -1.09200001e-01
  1.24850003e-01  3.93500030e-02  3.61000001e-02  5.77000007e-02
 -9.84499976e-02 -3.05000003e-02 -1.76250003e-01  8.78500044e-02
 -6.69500008e-02 -6.85950011e-01  4.83999997e-02 -1.54699996e-01
 -1.56499995e-02 -6.31499980e-02  5.26000001e-02 -1.09099997e-01
 -2.09499993e-02 -1.54050000e-01 -1.52000003e-02  7.50000123e-04
  1.78499985e-02 -3.72500010e-02  6.48499997e-02 -1.91399999e-01
 -3.19100000e-01 -1.87849998e-01 -5.31000001e-02 -1.10100000e-01
 -2.42100000e-01  2.82000015e-02  1.58499993e-01 -3.63500006e-02
 -6.04499988e-02 -6.95499969e-02  4.27499982e-02 -2.27800004e-01
 -6.90499991e-02 -7.13500008e-02 -1.36200003e-01  2.65450001e-01
  2.18100000e-01 -3.14099992e-01  1.28999996e-02 -2.92000003e-01
 -2.12500007e-02  1.02499998e-02 -3.54999993e-02  1.11800004e-01
  3.72500047e-02 -1.11750003e-01  5.56499995e-02  1.31500002e-01
  9.35999975e-02  5.02500003e-02 -1.46649998e-01 -1.85100004e-01
  6.60999995e-02 -5.77999968e-02  1.50950003e-01 -4.60000001e-02
 -9.20999981e-02 -1.36650003e-01 -6.62999991e-02 -6.20000064e-03
  1.35249998e-01  6.24499992e-02  8.59999992e-02  5.55500006e-02
  8.83999988e-02  1.07150000e-01 -8.82500000e-02 -1.28499996e-01
 -2.90499963e-02  1.23699998e-01  3.67000003e-02 -7.30000017e-02
  3.90500003e-02 -8.31499984e-02 -5.60500016e-02  4.60000001e-02
  1.34800002e-01 -5.04500009e-02 -1.94249999e-01 -9.82999969e-02
 -3.13000008e-01 -2.65250005e-01 -1.62200004e-01 -6.08999953e-02
  4.99999151e-05  8.25500032e-02  1.25900004e-01 -2.92499997e-02]"
赤,"[-2.825e-01 -9.030e-02  5.116e-01  2.578e-01 -1.319e-01  2.023e-01
  1.385e-01 -1.824e-01 -2.487e-01  2.537e-01  9.460e-02 -1.636e-01
 -2.656e-01  3.055e-01 -3.191e-01 -1.028e-01 -1.530e-01  8.400e-02
 -1.703e-01  2.000e-03  2.315e-01  6.960e-02 -1.342e-01 -4.020e-02
 -7.260e-02 -4.107e-01 -1.905e-01  1.520e-01 -1.658e-01  2.910e-02
  2.210e-02 -2.922e-01 -1.960e-01  4.052e-01  1.170e-01 -6.900e-02
  2.520e-01 -1.760e-01  4.310e-02  2.683e-01 -1.236e-01  3.340e-02
  8.300e-02  2.872e-01  1.643e-01  1.900e-01 -1.370e-01 -4.690e-02
 -4.140e-01 -8.370e-02  3.550e-02  1.465e-01  1.437e-01  1.366e-01
  3.418e-01  9.980e-02 -1.101e-01  7.500e-02  4.610e-01  2.965e-01
 -7.020e-02  1.012e-01  2.180e-02  4.030e-02  1.734e-01 -3.700e-02
  4.800e-02  5.910e-02  6.930e-02 -1.210e-02  6.300e-02  6.810e-02
  6.400e-02  5.780e-02  5.360e-02 -6.320e-02 -1.703e-01 -2.496e-01
  3.659e-01  5.170e-02  1.694e-01  2.926e-01 -1.043e-01  1.004e-01
  1.162e-01  2.680e-01 -1.387e-01  1.269e-01  1.232e-01  1.431e-01
 -1.220e-01  2.099e-01  1.602e-01  1.041e-01 -2.136e-01  2.370e-02
 -2.276e-01  9.230e-02  4.410e-02  1.367e-01 -1.053e-01  1.489e-01
  4.540e-02 -4.010e-02 -1.038e-01  5.251e-01 -1.000e-04  6.900e-02
  2.947e-01  2.891e-01  1.112e-01  3.596e-01  3.126e-01 -8.060e-02
 -1.824e-01  1.038e-01 -2.170e-01  1.309e-01  3.100e-02  3.630e-02
  1.151e-01 -1.481e-01 -1.372e-01  2.094e-01 -1.326e-01 -5.800e-03
 -1.324e-01  1.243e-01  2.000e-03 -1.224e-01 -7.030e-02  1.730e-02
 -4.204e-01  2.036e-01 -1.959e-01 -3.313e-01 -1.203e-01  2.595e-01
 -5.490e-02 -9.780e-02  8.430e-02 -1.204e-01  1.127e-01 -1.631e-01
  2.253e-01 -9.200e-03 -7.690e-02 -7.220e-02  2.670e-02  4.370e-02
 -1.321e-01 -2.015e-01  1.315e-01  2.350e-02 -2.215e-01 -1.245e-01
 -1.670e-01 -3.048e-01  1.255e-01 -5.370e-02  5.000e-02 -9.700e-03
  1.124e-01 -5.434e-01 -9.520e-02 -1.465e-01  1.226e-01  7.600e-03
  6.700e-03  5.320e-02 -3.020e-02  8.660e-02  6.200e-03  2.591e-01
  8.710e-02 -1.345e-01 -9.100e-02 -9.820e-02 -8.290e-02 -9.560e-02
 -2.370e-02  1.578e-01  1.109e-01 -1.780e-01 -8.280e-02  9.320e-02
  3.921e-01  5.800e-03  3.450e-02  1.656e-01  1.332e-01  3.960e-02
 -1.907e-01  1.194e-01  4.010e-02  1.643e-01 -6.910e-02 -1.425e-01
  5.500e-02  1.123e-01 -6.920e-02 -1.107e-01 -2.168e-01  2.369e-01
  1.671e-01  2.720e-02 -1.236e-01 -3.740e-02  1.260e-01 -2.152e-01
 -5.700e-03 -1.145e-01 -1.261e-01 -3.933e-01  1.573e-01 -1.610e-01
  1.212e-01 -5.546e-01 -1.479e-01  1.928e-01  8.270e-02 -3.510e-02
  1.177e-01 -1.356e-01  2.367e-01 -6.600e-02  1.403e-01  1.461e-01
  6.250e-02 -4.310e-02 -7.310e-02  1.916e-01 -2.195e-01  1.369e-01
 -1.317e-01 -4.780e-02 -2.985e-01  2.565e-01  1.435e-01  7.370e-02
 -2.164e-01  7.090e-02 -3.395e-01 -3.446e-01 -1.560e-02 -1.817e-01
 -3.584e-01  2.694e-01 -5.138e-01  1.784e-01  2.363e-01 -5.175e-01
  3.147e-01 -4.020e-02 -1.844e-01  2.604e-01  8.300e-03  7.290e-02
  6.550e-02 -4.630e-02 -9.500e-03  5.000e-03  5.660e-02  2.958e-01
 -6.770e-02 -1.886e-01 -1.048e-01 -6.130e-02 -1.678e-01 -1.106e-01
 -1.894e-01  1.866e-01  5.960e-02  7.640e-02  2.019e-01  1.880e-01
  2.150e-02 -2.073e-01 -8.970e-02  4.500e-03  3.765e-01 -6.340e-02
 -8.770e-02  1.022e-01  1.137e-01 -9.540e-02  3.040e-02 -3.659e-01
  1.207e-01 -3.950e-02 -1.346e-01  2.374e-01 -1.362e-01 -1.845e-01
 -2.160e-02 -1.044e-01  3.370e-01 -1.008e-01 -2.035e-01 -2.495e-01]","[-2.82499999e-01 -9.03000012e-02  5.11600018e-01  2.57800013e-01
 -1.31899998e-01  2.02299997e-01  1.38500005e-01 -1.82400003e-01
 -2.48699993e-01  2.53699988e-01  9.45999995e-02 -1.63599998e-01
 -2.65599996e-01  3.05500001e-01 -3.19099993e-01 -1.02799997e-01
 -1.52999997e-01  8.39999989e-02 -1.70300007e-01  2.00000009e-03
  2.31500000e-01  6.96000010e-02 -1.34200007e-01 -4.01999988e-02
 -7.25999996e-02 -4.10699993e-01 -1.90500006e-01  1.51999995e-01
 -1.65800005e-01  2.91000009e-02  2.20999997e-02 -2.92199999e-01
 -1.95999995e-01  4.05200005e-01  1.16999999e-01 -6.89999983e-02
  2.52000004e-01 -1.75999999e-01  4.30999994e-02  2.68299997e-01
 -1.23599999e-01  3.33999991e-02  8.29999968e-02  2.87200004e-01
  1.64299995e-01  1.89999998e-01 -1.36999995e-01 -4.69000004e-02
 -4.14000005e-01 -8.37000012e-02  3.55000012e-02  1.46500006e-01
  1.43700004e-01  1.36600003e-01  3.41800004e-01  9.97999981e-02
 -1.10100001e-01  7.50000030e-02  4.60999995e-01  2.96499997e-01
 -7.02000037e-02  1.01199999e-01  2.18000002e-02  4.03000005e-02
  1.73400000e-01 -3.70000005e-02  4.80000004e-02  5.90999983e-02
  6.93000033e-02 -1.20999999e-02  6.30000010e-02  6.80999979e-02
  6.40000030e-02  5.77999987e-02  5.35999984e-02 -6.31999969e-02
 -1.70300007e-01 -2.49599993e-01  3.65900010e-01  5.16999997e-02
  1.69400007e-01  2.92600006e-01 -1.04300000e-01  1.00400001e-01
  1.16200000e-01  2.68000007e-01 -1.38699993e-01  1.26900002e-01
  1.23199999e-01  1.43099993e-01 -1.22000001e-01  2.09900007e-01
  1.60200000e-01  1.04099996e-01 -2.13599995e-01  2.37000007e-02
 -2.27599993e-01  9.22999978e-02  4.41000015e-02  1.36700004e-01
 -1.05300002e-01  1.48900002e-01  4.54000011e-02 -4.01000008e-02
 -1.03799999e-01  5.25099993e-01 -9.99999975e-05  6.89999983e-02
  2.94699997e-01  2.89099991e-01  1.11199997e-01  3.59600008e-01
  3.12599987e-01 -8.06000009e-02 -1.82400003e-01  1.03799999e-01
 -2.16999993e-01  1.30899996e-01  3.09999995e-02  3.62999998e-02
  1.15099996e-01 -1.48100004e-01 -1.37199998e-01  2.09399998e-01
 -1.32599995e-01 -5.79999993e-03 -1.32400006e-01  1.24300003e-01
  2.00000009e-03 -1.22400001e-01 -7.02999979e-02  1.73000004e-02
 -4.20399994e-01  2.03600004e-01 -1.95899993e-01 -3.31299990e-01
 -1.20300002e-01  2.59499997e-01 -5.49000017e-02 -9.78000015e-02
  8.42999965e-02 -1.20399997e-01  1.12700000e-01 -1.63100004e-01
  2.25299999e-01 -9.20000020e-03 -7.68999979e-02 -7.22000003e-02
  2.66999993e-02  4.36999984e-02 -1.32100001e-01 -2.01499999e-01
  1.31500006e-01  2.34999992e-02 -2.21499994e-01 -1.24499999e-01
 -1.66999996e-01 -3.04800004e-01  1.25499994e-01 -5.37000000e-02
  5.00000007e-02 -9.70000029e-03  1.12400003e-01 -5.43399990e-01
 -9.52000022e-02 -1.46500006e-01  1.22599997e-01  7.60000013e-03
  6.69999979e-03  5.31999990e-02 -3.02000009e-02  8.65999982e-02
  6.20000018e-03  2.59099990e-01  8.70999992e-02 -1.34499997e-01
 -9.09999982e-02 -9.82000008e-02 -8.29000026e-02 -9.56000015e-02
 -2.37000007e-02  1.57800004e-01  1.10900000e-01 -1.78000003e-01
 -8.28000009e-02  9.31999981e-02  3.92100006e-01  5.79999993e-03
  3.44999991e-02  1.65600002e-01  1.33200005e-01  3.95999998e-02
 -1.90699995e-01  1.19400002e-01  4.01000008e-02  1.64299995e-01
 -6.91000000e-02 -1.42499998e-01  5.49999997e-02  1.12300001e-01
 -6.92000017e-02 -1.10699996e-01 -2.16800004e-01  2.36900002e-01
  1.67099997e-01  2.72000004e-02 -1.23599999e-01 -3.73999998e-02
  1.26000002e-01 -2.15200007e-01 -5.70000010e-03 -1.14500001e-01
 -1.26100004e-01 -3.93299997e-01  1.57299995e-01 -1.60999998e-01
  1.21200003e-01 -5.54600000e-01 -1.47900000e-01  1.92800000e-01
  8.26999992e-02 -3.51000018e-02  1.17700003e-01 -1.35600001e-01
  2.36699998e-01 -6.59999996e-02  1.40300006e-01  1.46100000e-01
  6.25000000e-02 -4.30999994e-02 -7.31000006e-02  1.91599995e-01
 -2.19500005e-01  1.36899993e-01 -1.31699994e-01 -4.78000008e-02
 -2.98500001e-01  2.56500006e-01  1.43500000e-01  7.37000033e-02
 -2.16399997e-01  7.09000006e-02 -3.39500010e-01 -3.44599992e-01
 -1.55999996e-02 -1.81700006e-01 -3.58399987e-01  2.69400001e-01
 -5.13800025e-01  1.78399995e-01  2.36300007e-01 -5.17499983e-01
  3.14700007e-01 -4.01999988e-02 -1.84400007e-01  2.60399997e-01
  8.29999987e-03  7.28999972e-02  6.54999986e-02 -4.63000014e-02
 -9.49999969e-03  4.99999989e-03  5.66000007e-02  2.95800000e-01
 -6.76999986e-02 -1.88600004e-01 -1.04800001e-01 -6.12999983e-02
 -1.67799994e-01 -1.10600002e-01 -1.89400002e-01  1.86600000e-01
  5.95999993e-02  7.63999969e-02  2.01900005e-01  1.87999994e-01
  2.15000007e-02 -2.07300007e-01 -8.96999985e-02  4.49999981e-03
  3.76500010e-01 -6.34000003e-02 -8.77000019e-02  1.02200001e-01
  1.13700002e-01 -9.53999981e-02  3.04000005e-02 -3.65900010e-01
  1.20700002e-01 -3.95000018e-02 -1.34599999e-01  2.37399995e-01
 -1.36199996e-01 -1.84499994e-01 -2.16000006e-02 -1.04400001e-01
  3.37000012e-01 -1.00800000e-01 -2.03500003e-01 -2.49500006e-01]"
近辺,"[-0.0639 -0.1787  0.2679 -0.027   0.0067  0.1079 -0.0262  0.1598 -0.156
 -0.0859  0.1253  0.2769 -0.0609 -0.1361 -0.4441  0.0827  0.0902  0.1196
 -0.1023 -0.1211  0.0945  0.2228 -0.2842  0.0935  0.0729 -0.1355 -0.041
 -0.0467  0.1859 -0.1242 -0.4622 -0.3026  0.2591 -0.2833  0.0692  0.0678
 -0.1261  0.0881 -0.0529 -0.0494 -0.1849  0.0753 -0.0674  0.0289 -0.1121
 -0.0382  0.0687 -0.0726  0.0175 -0.1064  0.028   0.0405  0.2835 -0.1455
  0.1471 -0.104   0.1258 -0.1398  0.0623  0.1388 -0.0186  0.1795 -0.017
  0.0071  0.2698 -0.0035 -0.0788 -0.0177  0.1451  0.217  -0.1827  0.1462
 -0.1717 -0.0565 -0.1898  0.1305 -0.0684 -0.0126  0.0257  0.0292  0.0458
  0.0734 -0.04   -0.1488 -0.1819  0.2602 -0.2139  0.1533 -0.0051  0.0239
 -0.1495 -0.1255 -0.1792  0.2248  0.1977 -0.1165 -0.399  -0.0489  0.0701
 -0.1425 -0.035   0.4767 -0.0034 -0.016   0.0595  0.5012 -0.0027 -0.0162
  0.2448 -0.0977 -0.138   0.1292  0.1312 -0.1587  0.1057  0.0769  0.1568
  0.261   0.2933 -0.0502 -0.0768 -0.1828  0.2085  0.1647 -0.2347  0.0996
  0.034  -0.0304 -0.2659  0.0105 -0.0853 -0.127   0.3429 -0.1706  0.0521
 -0.1479 -0.1054  0.1088 -0.1663 -0.3636 -0.0912 -0.0721 -0.0899 -0.0568
  0.3804  0.107   0.0297 -0.3519  0.2009  0.045  -0.1263 -0.1678  0.3643
 -0.0439  0.3324  0.1615 -0.0213 -0.1709 -0.0016 -0.0401 -0.1651 -0.0655
 -0.0092  0.1812 -0.2177  0.1626 -0.1968 -0.1931  0.0378  0.09    0.0649
 -0.0355  0.0392  0.0132 -0.2074  0.0126 -0.166  -0.095   0.1692 -0.0159
 -0.0908 -0.3333 -0.2565 -0.0338  0.1074  0.0443 -0.1757 -0.0265  0.0909
 -0.0662 -0.0186  0.1078  0.3808 -0.0851  0.3652 -0.1465  0.0716  0.0676
 -0.0221  0.2872 -0.0396  0.2205  0.019  -0.0226  0.0887 -0.2707 -0.0223
  0.0006  0.0503 -0.1689 -0.2386  0.2025 -0.1946  0.0371  0.2482  0.0391
 -0.0331 -0.5104  0.0236 -0.2087  0.0042 -0.124   0.1682  0.2194  0.133
  0.0417  0.1429  0.0438  0.1763  0.2306  0.087  -0.0419 -0.5056  0.0688
 -0.1627 -0.1563 -0.2614 -0.0459  0.0265  0.1269  0.0938  0.0836  0.0316
 -0.1765  0.1376 -0.2339 -0.1435  0.2204 -0.2541 -0.5534 -0.1022 -0.2879
  0.0414  0.0735  0.0033  0.0241  0.0748 -0.0704  0.245   0.3238  0.0188
 -0.0991 -0.054  -0.1461 -0.2058 -0.1062 -0.2923  0.2483 -0.1945 -0.1023
 -0.0378  0.0112  0.1235 -0.075   0.0268  0.0424 -0.0915  0.1104  0.011
  0.2197  0.4442 -0.0588 -0.0649 -0.0603 -0.0647 -0.1385 -0.0158 -0.0909
 -0.0852  0.2766  0.1193  0.0237 -0.4026  0.1668 -0.2961 -0.0993  0.0096
  0.3225  0.0348  0.2757]","[ 1.50000000e-02 -5.79833301e-02  3.98549994e-01  6.38666676e-02
 -6.60166660e-02  6.41500028e-02  5.26999993e-02 -3.61333338e-02
 -1.04633332e-01 -4.91499996e-02  1.74900000e-01  4.01666574e-03
 -1.21150000e-01 -1.41116663e-01 -4.17666674e-01  1.44616667e-01
  3.95833327e-02 -4.47666656e-02 -1.53916666e-01 -1.93833315e-02
  1.75416671e-01  1.52333323e-02 -2.03550000e-01 -1.33833342e-02
  2.15666654e-02 -1.02816668e-01 -6.38000003e-02  1.66499998e-01
  6.28499988e-02 -5.64333287e-02 -1.54900000e-01 -6.83166664e-02
  5.85666647e-02 -1.17333334e-01 -4.64833354e-02  2.45666668e-02
 -5.17833351e-02  5.54333356e-02  8.76666680e-02 -4.34333331e-02
  3.72333328e-02  8.24499987e-02  1.38333326e-02  3.34833333e-02
 -1.01699999e-01  7.01499997e-02  1.16999998e-02 -3.75833334e-02
  1.11199999e-01  3.36666644e-02 -2.17833330e-02 -3.82499999e-02
  9.16999993e-02 -8.90000022e-02  5.59666676e-02 -1.30183334e-01
  8.10499997e-02 -9.79833324e-02 -2.13333281e-03  4.70333335e-02
  4.43166646e-02  8.53333349e-02  4.29500010e-02  1.34249999e-01
  1.72416665e-01  6.96000010e-02 -1.36649999e-01 -3.65000125e-03
 -5.49166648e-02  1.29416666e-01  6.58333581e-03  1.15700004e-01
 -7.39666673e-02 -3.54666679e-02 -3.55166662e-02 -8.16666676e-04
 -1.51666751e-03 -7.43833343e-02  7.85500008e-02  3.75666677e-02
  3.00000363e-04 -8.91500005e-02 -1.12733332e-01 -1.95833345e-02
 -7.44166678e-02 -1.47666662e-02  1.03833359e-02  1.16933332e-01
 -3.34499984e-02 -9.95166656e-02 -8.59999997e-02 -1.99666675e-02
  8.71000003e-02  1.85533335e-01  1.58666630e-02 -4.11166664e-02
 -2.95799995e-01 -3.96666614e-03 -4.41166653e-02 -7.26666586e-03
 -9.14999967e-03  3.04183327e-01  6.08833347e-02  5.30333333e-02
  1.38999991e-02  5.11399994e-01  2.31333332e-02 -5.85833341e-02
 -3.29666628e-02  2.76833335e-02 -2.12000004e-02  1.42899998e-01
  7.21166674e-02 -1.20100000e-01  4.90666665e-02 -1.88333367e-02
  4.51000016e-02  1.91266668e-01  9.17166652e-02 -5.12666646e-02
 -3.33833317e-02 -1.85666656e-02  1.25733333e-01  8.33499997e-02
 -1.04600001e-01  3.42666670e-02 -9.28666685e-02  1.10316669e-01
  9.16666941e-03 -8.63500014e-02 -5.29333341e-02 -1.03400003e-01
  1.61150001e-01 -5.95000014e-03  9.47833348e-02 -3.58383325e-01
  2.00333339e-02  1.20966666e-01 -1.23566668e-01 -7.15999970e-02
  2.39499987e-02  1.74333339e-02  2.55666679e-02 -3.40166666e-02
  3.08116662e-01  8.39333308e-02 -2.59999931e-03 -9.27999963e-02
 -9.68666682e-02  2.62333314e-02  3.82333330e-02 -1.03533334e-01
  2.16366663e-01 -1.54150000e-01  9.25500002e-02 -1.18316668e-01
 -6.44999991e-03 -1.40333381e-02  6.81666667e-02 -4.16666813e-03
 -1.10499980e-02 -9.58333289e-03  1.18333334e-02  1.45483330e-01
 -2.48166646e-02  5.41499994e-02 -2.35616664e-01 -6.60499974e-02
 -3.01166689e-02 -4.88166668e-02  5.07833341e-02 -1.17999998e-02
 -9.05833325e-02  8.21666668e-03 -1.19049997e-01 -1.18499994e-02
  3.30833302e-02 -3.15166650e-02  1.25049998e-01 -1.04666653e-02
 -1.00849998e-01 -8.45999997e-02 -2.41483338e-01 -2.01499984e-02
  5.99000005e-02 -1.66999989e-02 -2.50166645e-02  1.50416669e-01
  1.20000007e-02 -9.61666666e-02  8.76666730e-03  6.76666727e-03
  3.78333352e-02  2.00500010e-02  3.03599998e-01  3.26666834e-03
  6.21666660e-02  1.48383332e-01 -3.25166661e-02  1.10633336e-01
 -1.37866666e-01  1.06916669e-01  5.63166666e-02  2.49666671e-02
  6.41500005e-02 -9.54666665e-02  7.30666655e-02 -9.25000012e-03
  1.05150001e-01 -7.74666670e-02 -1.18949999e-01  4.71166677e-02
 -1.74950001e-01  5.94499985e-02  9.72500006e-02 -2.79166667e-02
  4.34499998e-02 -5.69183335e-01  2.74166682e-02 -1.86333355e-02
  7.78333315e-03 -7.90333343e-02  1.23966667e-01 -8.88166662e-02
  5.34833317e-02 -3.71499995e-02  4.33333560e-03  7.12666673e-02
  1.11366669e-01  6.95166662e-02 -3.80333327e-02 -2.88000011e-02
 -2.86599996e-01 -7.96166659e-02  2.19666682e-02 -2.10499998e-02
 -2.16766665e-01  1.70666675e-02 -2.10499997e-02  3.00000887e-04
  1.37499991e-02  1.16668642e-04  6.56666672e-02 -2.83583336e-01
 -3.07999985e-02 -1.52716665e-01 -6.61833350e-02  5.44500016e-02
 -1.39550000e-01 -2.13233329e-01  9.11666748e-03 -3.40583334e-01
 -2.78666664e-02  1.69999991e-03  1.20300001e-01  2.32216667e-01
  1.18999990e-02 -1.35000027e-03  6.81666651e-02  1.06216665e-01
  1.55999999e-02 -4.88666654e-02  3.22999991e-02 -1.21233333e-01
 -5.55666691e-02  2.44999808e-03 -5.63166713e-02  3.69499999e-02
 -6.42333327e-02  3.04333307e-02  7.78833320e-02 -3.98500015e-02
  6.96666601e-03  4.78500001e-02  1.19166655e-02 -2.67000004e-02
  2.26666654e-03  8.28999973e-02 -8.76166672e-02 -1.62500006e-02
  4.26166661e-01 -5.44333328e-02 -1.92000000e-02 -4.22833322e-02
  3.39000005e-02 -1.05733334e-01 -1.16665848e-04 -8.35833314e-02
  6.54333330e-02 -9.00000179e-03 -6.72666673e-02  7.30833318e-02
 -1.96400002e-01  1.56633331e-01 -1.83600000e-01  6.25666666e-02
 -8.73666654e-02  1.51166664e-01  3.35000024e-02  9.99333296e-02]"
廃止,"[ 2.175e-01  1.450e-02  2.513e-01  1.630e-01  4.174e-01 -1.664e-01
  6.140e-02 -5.120e-02  2.277e-01 -3.486e-01  2.326e-01 -6.640e-02
  1.700e-01  1.706e-01  1.850e-01  1.600e-02  8.850e-02 -3.449e-01
 -4.630e-02 -3.580e-02  1.829e-01 -2.970e-01 -7.990e-02  1.924e-01
 -1.761e-01  3.750e-01  1.453e-01 -1.884e-01  2.150e-02  1.373e-01
 -2.095e-01  1.670e-01 -5.710e-02 -1.454e-01  2.310e-01 -2.100e-02
  1.198e-01 -1.484e-01 -1.971e-01 -1.140e-02  1.749e-01 -3.500e-02
 -1.462e-01 -1.442e-01 -2.928e-01  1.454e-01  1.809e-01  1.923e-01
 -1.004e-01 -1.201e-01  2.018e-01  1.763e-01  1.339e-01  3.288e-01
 -4.170e-02 -1.202e-01  1.528e-01  2.562e-01 -1.000e-01  4.780e-02
 -1.268e-01 -4.720e-02  2.485e-01 -5.350e-02  1.009e-01 -1.462e-01
 -1.860e-01  3.290e-02 -3.280e-02 -9.230e-02 -3.640e-02  1.803e-01
  1.915e-01  1.120e-01 -1.847e-01 -1.556e-01 -2.340e-02 -2.931e-01
  1.519e-01 -2.200e-03 -2.790e-02  3.540e-02 -9.720e-02 -3.280e-02
 -3.210e-02 -4.440e-02 -1.040e-02 -1.663e-01 -2.460e-02 -8.160e-02
  4.800e-02  1.592e-01  1.383e-01  2.244e-01 -4.240e-02 -2.170e-02
 -3.250e-01  1.542e-01  1.027e-01 -4.920e-02 -2.570e-01  3.979e-01
  6.420e-02  1.298e-01  3.433e-01  1.330e-02  5.830e-02 -1.074e-01
 -3.600e-03 -7.440e-02  1.040e-02 -5.500e-02  2.200e-01 -1.359e-01
  1.881e-01  9.710e-02 -1.584e-01  1.100e-02  4.075e-01  5.850e-02
  1.665e-01  2.273e-01 -8.650e-02  2.847e-01  2.653e-01 -2.787e-01
  1.137e-01  6.100e-02  2.923e-01 -3.400e-02 -1.000e-04 -6.910e-02
 -9.260e-02 -4.430e-02  6.430e-02  2.025e-01 -6.560e-02  1.017e-01
  1.335e-01  6.280e-02 -2.680e-01 -3.530e-02 -2.180e-01  9.140e-02
  5.529e-01  2.580e-01 -5.400e-03  1.100e-01  1.451e-01  8.120e-02
 -1.670e-02 -4.190e-02 -6.600e-02 -1.153e-01  3.786e-01 -4.426e-01
 -1.286e-01 -5.840e-02 -2.157e-01 -1.070e-02  2.455e-01 -5.730e-02
 -7.820e-02 -3.284e-01 -2.500e-01 -1.774e-01 -3.577e-01  3.098e-01
  2.570e-02 -1.572e-01  3.780e-02  1.367e-01 -3.340e-02 -2.152e-01
 -1.390e-02 -2.052e-01 -1.119e-01  2.375e-01 -2.010e-01  9.580e-02
  1.224e-01  2.611e-01 -3.720e-01  6.430e-02  4.641e-01  2.746e-01
  1.814e-01  4.062e-01  8.240e-02  1.430e-02  1.334e-01 -6.430e-02
 -1.046e-01 -1.452e-01 -9.600e-03  1.887e-01  2.422e-01  2.599e-01
 -7.250e-02  5.550e-02 -1.948e-01  8.250e-02 -6.140e-02 -2.120e-01
 -1.838e-01  6.900e-02  8.630e-02 -3.116e-01 -9.600e-02  2.400e-03
  9.860e-02 -2.899e-01 -3.376e-01  1.460e-01 -2.290e-02 -8.270e-02
 -1.348e-01 -7.639e-01 -2.924e-01  1.484e-01  6.060e-02 -1.174e-01
 -4.490e-02  1.138e-01 -1.612e-01 -3.450e-01 -1.949e-01  7.610e-02
  8.160e-02  3.910e-02  1.488e-01  4.380e-02  2.180e-02 -2.536e-01
 -6.800e-03  1.050e-01 -2.527e-01  1.305e-01  4.670e-02  4.510e-02
 -1.158e-01  4.029e-01 -8.630e-02 -5.604e-01 -1.628e-01 -5.672e-01
 -9.570e-02 -2.126e-01 -9.290e-02  6.520e-01 -1.275e-01 -1.642e-01
  2.014e-01 -1.403e-01 -8.990e-02 -4.550e-02 -5.900e-03 -8.300e-03
 -5.300e-02 -1.249e-01  1.960e-01 -1.833e-01 -1.353e-01  1.610e-01
 -5.930e-02 -2.519e-01  9.830e-02  2.140e-01  5.700e-03 -1.239e-01
  4.034e-01  2.236e-01 -3.442e-01  1.026e-01 -9.590e-02 -3.356e-01
  3.659e-01 -1.807e-01  1.569e-01 -1.246e-01  9.467e-01  6.620e-02
  1.332e-01  2.376e-01  6.290e-02 -5.060e-02  9.570e-02 -1.395e-01
 -7.070e-02  2.530e-02 -4.200e-02  2.914e-01  1.419e-01  8.840e-02
  8.770e-02  1.589e-01 -1.722e-01  4.048e-01  4.740e-02 -9.160e-02]","[ 2.17500001e-01  1.44999996e-02  2.51300007e-01  1.63000003e-01
  4.17400002e-01 -1.66400000e-01  6.14000000e-02 -5.11999987e-02
  2.27699995e-01 -3.48600000e-01  2.32600003e-01 -6.63999990e-02
  1.70000002e-01  1.70599997e-01  1.85000002e-01  1.60000008e-02
  8.85000005e-02 -3.44900012e-01 -4.63000014e-02 -3.57999988e-02
  1.82899997e-01 -2.96999991e-01 -7.98999965e-02  1.92399994e-01
 -1.76100001e-01  3.75000000e-01  1.45300001e-01 -1.88400000e-01
  2.15000007e-02  1.37300000e-01 -2.09500000e-01  1.66999996e-01
 -5.71000017e-02 -1.45400003e-01  2.31000006e-01 -2.09999997e-02
  1.19800001e-01 -1.48399994e-01 -1.97099999e-01 -1.14000002e-02
  1.74899995e-01 -3.50000001e-02 -1.46200001e-01 -1.44199997e-01
 -2.92800009e-01  1.45400003e-01  1.80899993e-01  1.92300007e-01
 -1.00400001e-01 -1.20099999e-01  2.01800004e-01  1.76300004e-01
  1.33900002e-01  3.28799993e-01 -4.17000018e-02 -1.20200001e-01
  1.52799994e-01  2.56199986e-01 -1.00000001e-01  4.78000008e-02
 -1.26800001e-01 -4.72000018e-02  2.48500004e-01 -5.35000004e-02
  1.00900002e-01 -1.46200001e-01 -1.86000004e-01  3.29000019e-02
 -3.28000002e-02 -9.22999978e-02 -3.64000015e-02  1.80299997e-01
  1.91499993e-01  1.12000003e-01 -1.84699997e-01 -1.55599996e-01
 -2.33999994e-02 -2.93099999e-01  1.51899993e-01 -2.19999999e-03
 -2.78999992e-02  3.53999995e-02 -9.71999988e-02 -3.28000002e-02
 -3.20999995e-02 -4.43999991e-02 -1.04000000e-02 -1.66299999e-01
 -2.45999992e-02 -8.16000029e-02  4.80000004e-02  1.59199998e-01
  1.38300002e-01  2.24399999e-01 -4.23999988e-02 -2.17000004e-02
 -3.24999988e-01  1.54200003e-01  1.02700002e-01 -4.91999984e-02
 -2.56999999e-01  3.97899985e-01  6.41999990e-02  1.29800007e-01
  3.43300015e-01  1.32999998e-02  5.82999997e-02 -1.07400000e-01
 -3.59999994e-03 -7.44000003e-02  1.04000000e-02 -5.49999997e-02
  2.19999999e-01 -1.35900006e-01  1.88099995e-01  9.70999971e-02
 -1.58399999e-01  1.09999999e-02  4.07499999e-01  5.84999993e-02
  1.66500002e-01  2.27300003e-01 -8.64999965e-02  2.84700006e-01
  2.65300006e-01 -2.78699994e-01  1.13700002e-01  6.10000007e-02
  2.92299986e-01 -3.40000018e-02 -9.99999975e-05 -6.91000000e-02
 -9.26000029e-02 -4.43000011e-02  6.43000007e-02  2.02500001e-01
 -6.56000003e-02  1.01700000e-01  1.33499995e-01  6.27999976e-02
 -2.68000007e-01 -3.53000015e-02 -2.17999995e-01  9.13999975e-02
  5.52900016e-01  2.57999986e-01 -5.40000014e-03  1.09999999e-01
  1.45099998e-01  8.12000036e-02 -1.66999996e-02 -4.19000015e-02
 -6.59999996e-02 -1.15300000e-01  3.78600001e-01 -4.42600012e-01
 -1.28600001e-01 -5.84000014e-02 -2.15700001e-01 -1.07000005e-02
  2.45499998e-01 -5.73000014e-02 -7.81999975e-02 -3.28399986e-01
 -2.50000000e-01 -1.77399993e-01 -3.57699990e-01  3.09799999e-01
  2.56999992e-02 -1.57199994e-01  3.77999991e-02  1.36700004e-01
 -3.33999991e-02 -2.15200007e-01 -1.38999997e-02 -2.05200002e-01
 -1.11900002e-01  2.37499997e-01 -2.01000005e-01  9.57999974e-02
  1.22400001e-01  2.61099994e-01 -3.72000009e-01  6.43000007e-02
  4.64100003e-01  2.74599999e-01  1.81400001e-01  4.06199992e-01
  8.24000016e-02  1.42999999e-02  1.33399993e-01 -6.43000007e-02
 -1.04599997e-01 -1.45199999e-01 -9.60000046e-03  1.88700005e-01
  2.42200002e-01  2.59900004e-01 -7.24999979e-02  5.55000007e-02
 -1.94800004e-01  8.25000033e-02 -6.14000000e-02 -2.11999997e-01
 -1.83799997e-01  6.89999983e-02  8.63000005e-02 -3.11600000e-01
 -9.60000008e-02  2.40000011e-03  9.86000001e-02 -2.89900005e-01
 -3.37599993e-01  1.45999998e-01 -2.29000002e-02 -8.26999992e-02
 -1.34800002e-01 -7.63899982e-01 -2.92400002e-01  1.48399994e-01
  6.06000014e-02 -1.17399998e-01 -4.49000001e-02  1.13799997e-01
 -1.61200002e-01 -3.44999999e-01 -1.94900006e-01  7.60999992e-02
  8.16000029e-02  3.90999988e-02  1.48800001e-01  4.38000001e-02
  2.18000002e-02 -2.53600001e-01 -6.80000009e-03  1.04999997e-01
 -2.52700001e-01  1.30500004e-01  4.67000008e-02  4.50999998e-02
 -1.15800001e-01  4.02900010e-01 -8.63000005e-02 -5.60400009e-01
 -1.62799999e-01 -5.67200005e-01 -9.57000032e-02 -2.12599993e-01
 -9.29000005e-02  6.52000010e-01 -1.27499998e-01 -1.64199993e-01
  2.01399997e-01 -1.40300006e-01 -8.99000019e-02 -4.54999991e-02
 -5.90000022e-03 -8.29999987e-03 -5.29999994e-02 -1.24899998e-01
  1.95999995e-01 -1.83300003e-01 -1.35299996e-01  1.60999998e-01
 -5.93000017e-02 -2.51899987e-01  9.83000025e-02  2.14000002e-01
  5.70000010e-03 -1.23899996e-01  4.03400004e-01  2.23600000e-01
 -3.44199985e-01  1.02600001e-01 -9.58999991e-02 -3.35599989e-01
  3.65900010e-01 -1.80700004e-01  1.56900004e-01 -1.24600001e-01
  9.46699977e-01  6.62000030e-02  1.33200005e-01  2.37599999e-01
  6.28999993e-02 -5.05999997e-02  9.57000032e-02 -1.39500007e-01
 -7.06999972e-02  2.52999999e-02 -4.19999994e-02  2.91399986e-01
  1.41900003e-01  8.83999988e-02  8.77000019e-02  1.58899993e-01
 -1.72199994e-01  4.04799998e-01  4.74000014e-02 -9.16000009e-02]"
公園,"[ 0.0837 -0.1226  0.3118  0.0572 -0.1084 -0.1606 -0.0022  0.0204  0.1477
  0.2893 -0.0357 -0.0753  0.0234  0.3335 -0.2621  0.0333  0.0812  0.1922
 -0.259   0.095   0.1857  0.0424 -0.4097 -0.1711  0.0422 -0.1858  0.2866
  0.1862  0.1079 -0.0113  0.1374 -0.1015  0.015  -0.1119 -0.0461 -0.0472
  0.3274  0.1378 -0.0223 -0.1414  0.009  -0.133  -0.1628 -0.054  -0.0822
 -0.0861  0.1952 -0.1698 -0.1659  0.1035  0.1558 -0.133   0.1863  0.1471
  0.001  -0.2052  0.256  -0.0724 -0.111  -0.0224 -0.1441 -0.2458 -0.1829
  0.1125  0.0748  0.1005  0.0443  0.2409  0.2923  0.0932  0.2002 -0.1095
  0.2192  0.0989  0.1641  0.0153 -0.2029 -0.1996 -0.323   0.0022 -0.0926
  0.278  -0.0649  0.0561 -0.0649 -0.1422 -0.278  -0.2271 -0.1523 -0.2806
 -0.4955  0.1343 -0.0136  0.1924  0.2235 -0.0753 -0.2879 -0.2513 -0.2169
  0.0514  0.0281  0.3016  0.0662  0.0951 -0.1239  0.1626 -0.1693 -0.1861
 -0.0768  0.1056 -0.3421 -0.3179  0.1369 -0.1168  0.4464 -0.0353 -0.2007
  0.1408 -0.0509 -0.1339 -0.097   0.1285  0.3612 -0.1053 -0.3244  0.0285
 -0.0364 -0.0955 -0.4461  0.0381  0.105  -0.0826  0.2021 -0.0149  0.1351
  0.4973  0.0509  0.3009 -0.2424  0.163  -0.0219 -0.0874 -0.0255  0.1169
  0.5313  0.2497 -0.1349 -0.0508  0.1831  0.1111  0.2202 -0.2549  0.117
  0.13    0.4161 -0.2496  0.0748  0.1069  0.2797  0.1053 -0.0634 -0.0105
  0.2497  0.0186  0.07   -0.0049 -0.3383 -0.0492  0.1009  0.038   0.0191
  0.1353 -0.2126  0.2635  0.105  -0.0569  0.1819  0.1434  0.0802 -0.1094
 -0.1315 -0.3565 -0.113   0.2175 -0.1077  0.1994 -0.1134 -0.0964  0.0633
 -0.1301 -0.0586 -0.3154  0.3097  0.0455  0.1285  0.1483  0.1765 -0.0026
  0.0958  0.2938 -0.      0.2892  0.1671  0.1719 -0.0845 -0.1014 -0.1226
 -0.2077  0.1143  0.1427 -0.156  -0.054   0.0028  0.2529  0.2274 -0.1086
 -0.1125 -0.8108 -0.1212 -0.2151  0.2431  0.0578  0.0793  0.0115  0.0474
 -0.0792  0.0997 -0.0533  0.0864  0.326   0.0509  0.0215 -0.1992  0.0011
 -0.1267  0.0677 -0.5166  0.1797 -0.1803  0.2274 -0.2274  0.0674  0.4384
 -0.3193  0.2291 -0.0834 -0.0554  0.0356  0.0656 -0.5423  0.0172 -0.4772
  0.0647 -0.2774  0.3763  0.2659 -0.2657  0.0198  0.3014  0.0908 -0.0902
 -0.1305  0.1838  0.1704 -0.1946 -0.2212 -0.2253 -0.1451 -0.2791 -0.204
 -0.1325 -0.2212  0.1676  0.0768  0.0989  0.0812 -0.0433  0.043  -0.1225
  0.136   0.001  -0.0357 -0.0677 -0.1124  0.3187 -0.1993 -0.0144  0.1012
 -0.0261 -0.1205 -0.1982 -0.0884 -0.2975  0.3972 -0.187  -0.0464 -0.1781
  0.1581  0.0449  0.2692]","[ 5.27454546e-02 -7.77363624e-02  3.51418188e-01  9.60636362e-02
 -8.28181885e-03 -1.30809089e-01 -8.14727264e-02  1.96454558e-02
 -3.76545447e-02  2.03245456e-01  8.59090920e-02  8.40454542e-02
 -4.67999982e-02 -4.77272743e-02 -3.02009094e-01  6.77454549e-02
 -6.62727283e-02 -2.73272727e-02 -1.91827273e-01 -4.98636374e-02
 -1.77909111e-02  8.05272714e-02 -1.81000001e-01 -4.48272731e-02
 -8.46363689e-03 -8.08272723e-02  4.71909100e-02  1.70909089e-01
  1.99454540e-02 -1.14400000e-01 -3.55818170e-02 -1.56699997e-01
 -5.93090910e-02 -1.70754548e-01  9.44545497e-03 -1.12636372e-02
  4.35363649e-02 -4.64454562e-02  2.60727260e-02 -4.47454556e-02
 -5.02545453e-02 -6.70636351e-02  2.45818174e-02  5.03272722e-02
 -1.32709087e-01 -9.12181803e-02  2.19727269e-02  1.26454534e-02
  4.53545451e-02  1.04872727e-01 -1.38999996e-02  5.35909097e-02
  5.33454549e-02  1.59127273e-01  4.52454534e-02  7.02454547e-02
  1.41263640e-01 -1.96754544e-01  7.31181835e-02  9.51909075e-02
  1.60454538e-02 -7.08181828e-02 -7.55454544e-02  6.23999986e-02
  1.12727276e-02  1.17454559e-02 -1.93727267e-02  1.13036363e-01
  8.07636360e-02  2.10054544e-01  4.00908891e-03 -4.88090915e-02
  1.40099999e-01 -7.66636397e-02  1.02636364e-01 -1.69136364e-01
 -2.24972725e-01 -6.50000013e-02 -2.47927278e-01 -1.66181812e-02
  3.42454550e-02  4.77909084e-02 -4.39272735e-02  6.89454551e-02
 -7.69272728e-02  4.78181834e-02 -3.68727280e-02  4.94545512e-03
 -3.37363644e-02 -1.31181821e-01 -2.84827271e-01  1.17709093e-01
 -5.27636374e-02  1.85436360e-01  4.15454539e-02 -2.69363604e-02
 -1.62218182e-01 -2.50163634e-01 -2.60272728e-02 -1.00818199e-02
 -3.68636364e-02  3.81145456e-01 -5.25272727e-02  2.15363641e-02
  2.48181513e-03  2.37000002e-01 -9.63363647e-02  1.01727254e-02
  1.21090910e-02  2.48181818e-02 -3.61445456e-01 -1.23645454e-01
  4.11545429e-02 -4.88090915e-02  1.32645453e-01  8.26363620e-02
 -9.75909082e-02  1.18999998e-01  1.86036365e-01 -1.08863635e-01
 -1.15427273e-01  7.68545446e-02  1.38127275e-01 -6.78909110e-02
 -1.03518183e-01  1.68090913e-02 -2.89181799e-02  2.22090930e-02
 -9.19363636e-02  4.37727273e-02  3.00363641e-02 -7.18181821e-02
 -2.11090942e-02 -1.21072728e-01 -2.19545435e-02  3.31054544e-01
  3.23636476e-03  9.91181832e-02  4.96909098e-02 -9.28272729e-02
 -6.11181823e-02 -8.50000006e-02  1.90454541e-02 -1.15900000e-01
  2.28899998e-01  8.38909096e-02  6.74272720e-02 -1.03854546e-01
 -1.13881818e-01 -1.73454539e-02  1.05245456e-01 -4.05454549e-02
  1.55727255e-02  8.09999974e-02  3.59663628e-01 -2.06781820e-01
 -4.79090857e-03  8.86818177e-02  4.10818185e-02  8.43454535e-02
 -5.41363621e-02 -3.52909087e-02  1.88909073e-02 -3.35818169e-02
  8.37727253e-02 -4.20909129e-03 -2.12445453e-01 -1.49090940e-02
 -5.44636365e-02 -1.24545582e-03  7.40454547e-02  2.19909100e-02
 -1.90909160e-03  3.55545452e-02 -9.24636358e-02 -1.30363625e-02
  8.95363626e-02 -2.87090921e-02  2.06090893e-02 -3.25909091e-02
 -1.29018184e-01 -1.06745456e-01 -5.19454551e-02  2.36599998e-01
 -1.03545454e-01  1.06600000e-01 -9.76818185e-02  1.08490910e-01
  1.30490906e-01 -1.52845453e-01 -7.29363639e-02 -6.67363634e-02
  2.96318190e-01  9.01818043e-03  1.31136363e-01  9.80545496e-02
  5.16909089e-02  1.94818183e-02  1.07100000e-01  1.01581817e-01
 -7.60090900e-02  9.73909116e-02  7.46000010e-02  7.10000030e-03
  1.82636373e-02 -8.39818195e-02  7.15090916e-02  2.22454538e-02
 -2.48272744e-02 -4.81181810e-02 -1.59072731e-01  1.63472726e-01
 -4.80000192e-03  1.09345453e-01 -1.91181813e-02 -1.88727274e-01
  4.29454539e-02 -9.33018185e-01  1.08181584e-03 -1.71509091e-01
 -7.44636377e-02 -8.18183815e-05  4.16545441e-02 -1.33636196e-03
  8.40272740e-02 -3.95818178e-02  9.33363634e-02 -1.16936365e-01
  1.41836364e-01  1.05999999e-01  6.71636358e-02 -3.76636366e-02
 -3.31745451e-01  1.52454546e-02  6.80363628e-02 -1.91363621e-02
 -4.22418183e-01  9.22727256e-02  1.25463639e-01  2.85999998e-02
  2.00545434e-02  5.81818142e-03  2.78218182e-01 -3.75754549e-01
  1.44536362e-01 -1.82236366e-01 -1.27418182e-01  6.28818180e-02
  2.70272730e-02 -4.34554548e-01  2.26909085e-02 -4.34581822e-01
 -4.43727275e-02 -9.75363617e-02  1.48790908e-01  1.20918181e-01
 -1.13090912e-01  7.64636379e-02  1.00327271e-01  1.38490912e-01
  7.53636367e-02 -4.80272750e-02  3.66909104e-02  1.18336361e-01
 -6.01727281e-02 -1.27236363e-01  1.47681819e-01 -1.15909052e-02
 -1.39218181e-01  2.09909103e-02  3.83727284e-02 -1.52936364e-01
  1.18781820e-01 -3.06454558e-02  3.49181826e-02  4.51909082e-02
 -1.22272713e-02  2.53727277e-02 -7.98272699e-02  6.76909118e-02
 -1.67454540e-02  1.29636374e-02 -5.31181810e-02 -1.22572728e-01
  6.22454549e-02 -3.19636361e-01 -2.00090910e-02  1.24836364e-01
  1.12154544e-01  9.11454552e-02 -1.33654547e-01  5.56818176e-02
 -1.66663636e-01  1.81327273e-01 -1.49354545e-01 -1.67509090e-01
 -2.62181825e-02  9.98181809e-02 -5.75090915e-02 -9.99986448e-05]"
三江線,"[ 2.336e-01  1.867e-01  4.400e-03  1.330e-01  4.490e-02 -6.670e-02
 -7.000e-04 -1.200e-02 -5.410e-02  3.810e-02  3.520e-02  2.482e-01
  6.060e-02 -1.440e-02 -1.518e-01  2.949e-01  1.190e-02  5.570e-02
 -1.293e-01 -2.240e-02 -2.130e-02 -1.478e-01 -2.803e-01 -1.430e-02
  3.034e-01  3.589e-01  1.322e-01 -1.092e-01 -2.270e-02 -1.399e-01
  4.920e-02 -9.910e-02  1.110e-02 -1.835e-01  3.540e-02 -2.500e-03
  1.948e-01 -1.790e-02  8.320e-02 -9.500e-03  2.082e-01 -7.890e-02
 -7.120e-02 -4.631e-01  1.503e-01 -5.190e-02 -2.074e-01  7.210e-02
 -2.390e-02 -8.420e-02  2.431e-01  1.800e-02  6.290e-02  1.489e-01
  1.787e-01  1.186e-01 -2.621e-01 -5.360e-02  1.021e-01  1.339e-01
 -1.759e-01  1.808e-01  1.791e-01  2.222e-01 -1.725e-01 -2.908e-01
  8.500e-02  2.564e-01 -6.810e-02  2.374e-01  2.000e-04  9.800e-02
  1.959e-01 -1.766e-01 -3.383e-01 -1.610e-02 -1.492e-01  7.360e-02
  2.240e-01  4.610e-02 -3.080e-02 -6.180e-02 -1.582e-01 -2.970e-02
  1.200e-02 -1.296e-01 -2.481e-01  2.220e-02 -1.501e-01 -1.285e-01
  8.380e-02 -4.140e-02  3.090e-02  1.684e-01  2.101e-01 -1.797e-01
 -1.776e-01 -1.690e-02  6.460e-02 -1.417e-01 -3.193e-01  1.130e-02
 -6.110e-02  2.352e-01  2.820e-02  2.304e-01 -5.760e-02 -3.069e-01
  4.720e-02 -2.900e-03  9.360e-02  3.400e-03 -8.190e-02  1.922e-01
  8.540e-02 -9.540e-02 -1.845e-01  1.324e-01  5.240e-02 -2.465e-01
 -1.015e-01 -5.860e-02 -1.722e-01 -6.760e-02  1.448e-01 -1.351e-01
  1.425e-01 -1.450e-02  1.279e-01  3.376e-01  8.300e-02 -5.600e-02
 -1.464e-01 -9.470e-02  1.374e-01  3.210e-02  1.341e-01  4.700e-03
  3.113e-01 -1.197e-01  5.700e-02  2.030e-02  5.300e-03 -2.228e-01
  6.210e-02 -2.064e-01 -5.710e-02 -1.550e-02  2.123e-01  4.110e-02
  9.830e-02 -1.270e-02 -4.030e-02 -9.980e-02  2.323e-01 -3.016e-01
 -2.691e-01 -1.634e-01 -1.444e-01 -2.970e-02 -2.960e-02 -4.370e-02
 -5.660e-02  2.209e-01 -2.499e-01 -1.449e-01 -2.604e-01  1.933e-01
 -2.070e-02  1.752e-01  1.520e-02  5.500e-03  1.500e-02  1.981e-01
 -3.340e-02  2.890e-02 -1.911e-01  1.719e-01 -1.937e-01  2.009e-01
 -7.470e-02  5.320e-02  1.103e-01  1.260e-02  1.052e-01  1.372e-01
 -1.330e-02  9.110e-02  9.870e-02  2.142e-01  9.210e-02 -5.110e-02
 -4.600e-02  3.890e-02  2.600e-02  3.000e-03  9.360e-02  3.581e-01
  2.929e-01 -2.500e-02 -2.087e-01 -1.940e-02  4.380e-02  2.540e-02
 -1.854e-01  7.220e-02  5.770e-02 -2.000e-03 -2.107e-01  1.590e-02
 -6.400e-02 -5.930e-02 -1.363e-01 -3.334e-01  6.570e-02 -2.593e-01
 -1.390e-01 -7.846e-01 -1.051e-01 -1.640e-02  1.331e-01 -7.300e-02
 -4.190e-02 -2.680e-02 -1.228e-01  2.210e-02  1.163e-01 -1.360e-02
  4.409e-01 -2.720e-02 -3.260e-02 -3.530e-02  9.800e-03 -1.710e-02
 -7.830e-02 -1.131e-01 -1.452e-01 -1.141e-01  1.619e-01  2.870e-02
 -1.900e-02  8.940e-02 -3.790e-02  4.970e-02  8.860e-02 -4.270e-02
  1.565e-01  1.359e-01  2.794e-01  4.760e-02 -1.313e-01 -1.096e-01
 -1.028e-01 -2.827e-01  1.160e-02  1.440e-02  6.700e-02  1.470e-02
 -2.239e-01  3.830e-02  1.400e-02 -2.640e-02 -1.260e-02  8.180e-02
  1.820e-02 -5.450e-02  1.420e-01  1.532e-01  1.023e-01 -5.610e-02
 -1.479e-01 -1.134e-01 -1.976e-01 -4.510e-02 -2.900e-02  2.587e-01
  3.360e-02 -2.629e-01  1.810e-02 -8.360e-02 -3.833e-01  1.087e-01
 -1.486e-01  4.100e-03 -6.540e-02 -2.409e-01 -6.000e-03  5.470e-02
  1.016e-01 -2.278e-01 -7.600e-02  3.008e-01  1.002e-01 -1.376e-01
 -2.152e-01 -9.630e-02 -4.290e-02 -1.105e-01 -2.308e-01 -8.620e-02]","[ 2.08600005e-01  1.60500001e-01  3.80799994e-01  2.39700004e-01
  7.32000005e-02  3.10000032e-02 -2.05200005e-01 -1.96499994e-01
 -1.80000067e-03 -1.47399995e-01  8.48999992e-02  3.28299999e-01
 -1.77099999e-01  3.73000000e-02 -3.80300000e-01  1.65099993e-01
  2.86999997e-02  5.96000003e-02 -1.30799998e-01 -3.78999989e-02
 -4.91999984e-02 -3.51400003e-01 -7.41099983e-01 -2.25999998e-02
  3.54500011e-01  4.53500010e-01  2.56700002e-01 -7.20000267e-03
  2.39400011e-01 -2.92300001e-01  3.34899992e-01 -3.70700009e-01
 -8.18000007e-02 -3.03200006e-01  3.24600007e-01  1.08100002e-01
  3.52400005e-01  7.87999984e-02  2.29400001e-01 -2.56300005e-01
  1.81699993e-01 -1.84000000e-01 -1.08999982e-02 -4.32099987e-01
  3.75799999e-01 -1.77399993e-01 -3.64299998e-01  1.99800000e-01
  7.66000021e-02 -2.90899999e-01  4.73900005e-01  4.11999989e-02
  1.50200002e-01  5.38199991e-01  6.18900001e-01 -9.89999622e-03
 -3.06700010e-01 -2.71200001e-01  3.49999994e-01  1.40600001e-01
 -3.06400001e-01  3.42000127e-02  4.40200001e-01  1.83000006e-01
 -3.49700004e-01 -3.71100008e-01  1.48000002e-01  7.43999928e-02
 -2.56399997e-01  4.18399990e-01  1.25699994e-01 -4.64000031e-02
  1.58099994e-01 -3.76299992e-01 -3.19699990e-01  5.21300007e-01
 -1.09900009e-01 -1.92100011e-01  3.94700006e-01 -1.14400003e-01
 -6.00000005e-02 -1.57599997e-01 -3.88099998e-01 -3.51200003e-01
  8.33000001e-02 -6.40000030e-02 -2.52799998e-01  9.87999998e-02
 -2.88099989e-01 -5.25199994e-01 -1.68099985e-01 -1.38099998e-01
  2.29300005e-01  5.28300002e-01  3.34399998e-01 -2.04000026e-02
 -3.84599999e-01  4.24000025e-02  1.80000000e-01  1.92999989e-02
 -4.56499994e-01 -3.82499990e-01 -2.82999985e-02  1.87400002e-01
  9.01000015e-02  9.76500005e-01  8.66999999e-02 -2.63899993e-01
  2.05100007e-01  1.36400004e-01  3.16500001e-01  1.50099995e-01
  2.41999999e-02  3.00005078e-04  1.92900002e-01 -1.95799999e-01
 -4.61099997e-01  3.05800006e-01  3.66600014e-01 -2.43700000e-01
  5.03999963e-02 -1.14600003e-01  3.46000046e-02 -1.37699999e-01
 -9.00999904e-02  5.56999892e-02  2.50100002e-01 -4.54999991e-02
  7.11499989e-01  3.78999993e-01  1.28399998e-01 -2.53200002e-01
 -1.48900005e-01  2.60000005e-02  1.73600003e-01  3.09400000e-01
  2.72000000e-01  5.65999993e-02  3.47000010e-01 -4.91999984e-02
 -1.03500005e-01  3.27500015e-01  1.28899998e-01 -4.76300016e-01
  5.43600000e-01 -3.94900009e-01 -3.17400012e-01  7.31000025e-02
  1.59900002e-01  3.84500001e-01  3.28000039e-02 -9.09999991e-02
  2.23000012e-02 -7.57999979e-02  9.20799986e-01 -7.10900009e-01
 -8.09199989e-01 -5.63999981e-01 -1.31800001e-01 -2.33200002e-01
  9.11000017e-02 -7.79999793e-03 -5.17000007e-02  4.86999989e-01
 -3.01899999e-01  1.01100013e-01 -5.45399994e-01  8.43999907e-02
 -5.30000031e-03  2.26800002e-01 -7.70999976e-02 -1.17800001e-01
  2.76999994e-01  2.20200000e-01 -7.99999982e-02  1.68699997e-01
 -4.10500005e-01 -3.75999957e-02 -4.01700005e-01  1.84600003e-01
  1.07700005e-01 -3.63199987e-01  1.60699997e-01  3.44299997e-01
  3.66400011e-01  1.57599999e-01 -6.55999985e-02  5.72899990e-01
  2.10000053e-02  4.80900005e-01 -3.04000005e-02 -1.88299999e-01
  1.60300005e-01  1.27299998e-01  3.62400003e-01 -1.44699997e-01
  1.49999559e-03  2.45899998e-01  1.94799997e-01  1.15200004e-01
 -4.26400006e-01  7.69999996e-03  4.32000001e-02 -1.53099997e-01
 -3.67799997e-01  1.87100001e-01  1.44900002e-01  9.78999997e-02
 -4.91500020e-01 -5.81000000e-02 -7.07000028e-02 -2.07699995e-01
 -1.22899998e-01 -6.35200024e-01  2.34700002e-01 -5.14699996e-01
 -1.68399999e-01 -1.81710005e+00 -7.02999979e-02  1.65999997e-02
  2.58000001e-01 -6.34999992e-02  1.24000005e-01  2.40800001e-01
 -1.67199999e-01 -3.19500001e-01  1.01300002e-01 -9.29000014e-02
  6.40000001e-01 -1.62399994e-01  1.56000003e-01  1.39499992e-01
 -1.61799999e-01  9.68999993e-02  1.39899999e-01 -3.03699993e-01
 -9.16999988e-02  2.02999935e-02  1.40899999e-01  1.94699993e-01
  9.80000012e-03  5.50000370e-03 -3.09000006e-02 -3.79400007e-01
  3.83200012e-01  6.44999966e-02  1.71699997e-01  4.08500001e-01
  2.06599988e-01 -2.53600001e-01 -3.95099998e-01 -4.96799998e-01
 -5.25600001e-01 -4.32899997e-01  2.25099993e-01 -6.24000039e-02
  3.64500016e-01 -1.02599996e-01 -3.43500003e-01  3.07499997e-01
 -1.56999994e-02 -1.00900002e-01  2.35399996e-01  7.02999989e-02
  8.30000080e-03 -3.70999984e-02  3.86600003e-01  3.41700003e-01
  2.38300011e-01 -3.29999998e-03 -3.38300005e-01 -1.51699997e-01
  3.49999964e-03  6.20000064e-03 -1.09899998e-01  4.72000018e-01
 -1.67900000e-01 -3.93500000e-01  2.14000009e-02 -2.62400001e-01
 -2.35100001e-01  2.31600001e-01 -5.50299987e-01  3.87299990e-01
 -1.77599996e-01 -6.64499983e-01  3.15999994e-02  2.25700002e-01
 -2.49999762e-03 -1.66499998e-01  1.01900004e-01  5.03500000e-01
  2.74299994e-01 -2.84900010e-01 -5.53700000e-01 -3.73100005e-01
 -2.96000000e-02 -2.42700003e-01 -6.82000071e-02 -1.08700000e-01]"
時間帯,"[-3.24600011e-01 -3.20999995e-02  9.40799952e-01  2.38200009e-01
  3.85000035e-02  1.32900000e-01  2.68000007e-01 -1.48800001e-01
 -1.01199999e-01 -1.26800001e-01  2.35500008e-01 -1.93599999e-01
 -3.45600009e-01 -3.80600005e-01 -6.01700008e-01  3.65399987e-01
 -2.38700002e-01 -1.31300002e-01 -1.56700000e-01 -2.42100000e-01
  3.36400002e-01  6.75000027e-02  1.12000003e-01  1.37500003e-01
 -3.03799987e-01 -1.44800007e-01  1.93199992e-01  1.30000003e-02
 -2.25400001e-01  6.54999986e-02 -9.95000005e-02 -1.71800002e-01
 -1.99800000e-01  4.41200018e-01 -9.97999907e-02 -3.37099999e-01
 -3.28799993e-01  1.54500008e-01  2.37199992e-01  3.22800010e-01
 -2.49899998e-01  1.72999986e-02  1.35899991e-01  2.99999982e-01
  1.15500003e-01  2.50500023e-01 -6.03599966e-01 -1.44600004e-01
 -1.89999998e-01 -1.80000067e-03  3.37000005e-02 -1.60000101e-03
 -1.98700011e-01  1.84400007e-01 -1.43000007e-01 -2.44700000e-01
  2.52200007e-01 -5.78700006e-01 -8.04999992e-02  7.28999972e-02
 -4.11999971e-02  1.84900001e-01 -2.13799998e-01  7.86000043e-02
 -2.19999999e-02  4.63699996e-01 -1.47599995e-01 -7.25999996e-02
 -5.97500026e-01  3.23899984e-01 -1.13100000e-01  8.44600022e-01
  9.79999900e-02  3.91900003e-01 -5.88000044e-02 -3.97800028e-01
  4.45900023e-01  8.57999995e-02 -2.66900003e-01  2.64400005e-01
 -1.70000002e-01  3.62999998e-02 -1.82700008e-01 -2.73100019e-01
  1.01199999e-01  3.01899999e-01 -2.67300010e-01  9.76999998e-02
  2.19900012e-01 -3.81900012e-01  1.26199991e-01  6.27999976e-02
 -1.76100001e-01  2.14800000e-01  3.40300024e-01 -3.79899979e-01
 -3.55700016e-01  1.87999994e-01  3.65199983e-01 -1.77899987e-01
 -2.28100002e-01  6.38100028e-01 -6.26000017e-02  4.05000001e-02
 -2.48899996e-01  3.01499993e-01 -1.85000002e-01 -3.07599992e-01
  6.53999984e-01  2.40099996e-01 -7.00000048e-01  1.33300006e-01
  2.58199990e-01 -7.70000368e-03  4.23299998e-01 -1.24000005e-01
 -1.21600002e-01  3.83799970e-01  2.13699996e-01 -2.60900021e-01
  3.86900008e-01 -3.12500000e-01  2.19900012e-01  1.17600001e-01
  7.31999874e-02  1.58700004e-01 -7.10000051e-03 -1.79199994e-01
  2.76499987e-01 -3.48000005e-02 -2.22000003e-01 -3.01200002e-01
 -1.43999994e-01  1.66099995e-01  2.31999997e-02 -5.09000003e-01
 -1.19700000e-01  2.50499994e-01 -3.97100002e-01 -1.46299988e-01
 -3.88899982e-01 -1.52000003e-02 -5.33000007e-02  2.54700005e-01
  4.63000000e-01  2.03900009e-01 -3.87000024e-01 -1.94399998e-01
  2.59999990e-01  1.40000135e-03 -3.19000036e-02 -4.69900012e-01
 -6.36199951e-01  4.74000014e-02  1.90399989e-01 -3.54999989e-01
  9.39700007e-01  1.32699996e-01 -4.29499984e-01 -3.57699990e-01
  4.15099978e-01 -2.39699990e-01 -1.22500002e-01  1.99499995e-01
  3.64000015e-02  1.97400004e-01 -2.66000003e-01  4.85999994e-02
 -3.73699993e-01 -4.15899992e-01 -6.62999973e-02 -1.47900000e-01
 -4.19699997e-01  2.19400004e-01 -7.33999982e-02  6.11799955e-01
 -3.98999974e-02  4.33899999e-01  1.28100008e-01  2.30499998e-01
 -3.24499995e-01 -4.16500002e-01 -3.82600009e-01  3.74799997e-01
 -2.15000026e-02 -2.72300005e-01  3.22800010e-01  5.05599976e-01
 -2.16100007e-01 -9.47499990e-01  1.35499999e-01  1.10599995e-01
  4.90099996e-01  3.28999996e-01  1.75900012e-01  2.24500000e-01
 -1.56599998e-01  1.34399995e-01 -6.21000007e-02  1.89900011e-01
 -9.60000604e-03  2.76199996e-01 -4.53999974e-02 -7.69999921e-02
 -1.87100008e-01 -1.85799986e-01  7.97999948e-02  2.68999994e-01
  1.94599986e-01 -3.59200001e-01 -1.33599997e-01  1.70000002e-01
 -3.20699990e-01 -7.22000003e-02  1.38699993e-01 -1.47100002e-01
  3.71199995e-01 -1.40590000e+00  2.13499993e-01 -7.05000013e-02
 -3.47599983e-01 -3.30000013e-01  1.97200000e-01 -7.88699985e-01
  2.09300011e-01 -8.16999972e-02 -7.15700030e-01 -2.23399997e-01
  2.68000007e-01 -3.32199991e-01 -3.64999995e-02 -6.39899969e-01
 -5.02399981e-01  1.67300001e-01 -1.89400002e-01  5.57000004e-02
 -5.63000023e-01  6.26999959e-02  2.12000012e-02  1.99900001e-01
 -1.38999999e-01  1.78100005e-01 -2.25500003e-01 -6.02200031e-01
  4.93200004e-01 -3.13400000e-01  1.92499995e-01 -3.32800001e-01
 -6.02699995e-01 -1.12940001e+00  3.46999988e-02 -6.17499948e-01
  2.63300002e-01  1.98999979e-02  1.18199997e-01  4.28299993e-01
  4.42999974e-02 -3.13000008e-02 -2.69800007e-01  3.21699977e-01
 -5.24399996e-01 -7.00999945e-02 -1.47200003e-01  4.75900024e-01
  1.72999948e-02  8.78200054e-01  9.87000018e-02 -1.29099995e-01
 -3.40000018e-02 -7.18899965e-01  7.45999962e-02  7.69999996e-02
 -5.34000024e-02  5.87700009e-01  3.20499986e-01 -1.53000001e-02
 -1.22899994e-01  4.27000016e-01 -4.05600011e-01 -1.05499998e-01
  1.66899994e-01 -1.24100000e-01 -3.73700023e-01  1.17400005e-01
 -5.25399983e-01  4.74999994e-02 -1.60300002e-01  2.96999991e-01
 -1.08400002e-01 -5.25999963e-02  1.04199998e-01 -1.20499998e-01
 -2.25799993e-01  6.98899984e-01  1.81999989e-02 -2.05300003e-01
  3.16700011e-01  3.75300020e-01 -2.07800001e-01  3.29499990e-01]","[-3.24600004e-01 -3.20999995e-02  9.40799981e-01  2.38200001e-01
  3.85000017e-02  1.32900000e-01  2.67999997e-01 -1.48800001e-01
 -1.01200003e-01 -1.26800001e-01  2.35500000e-01 -1.93599997e-01
 -3.45600002e-01 -3.80600005e-01 -6.01699993e-01  3.65399994e-01
 -2.38699995e-01 -1.31300002e-01 -1.56700000e-01 -2.42100000e-01
  3.36400002e-01  6.75000027e-02  1.12000003e-01  1.37500003e-01
 -3.03799994e-01 -1.44800000e-01  1.93200000e-01  1.30000003e-02
 -2.25399996e-01  6.54999968e-02 -9.94999968e-02 -1.71800002e-01
 -1.99800000e-01  4.41200003e-01 -9.97999944e-02 -3.37099999e-01
 -3.28800000e-01  1.54500000e-01  2.37199996e-01  3.22800010e-01
 -2.49900000e-01  1.72999990e-02  1.35899998e-01  2.99999990e-01
  1.15500005e-01  2.50500008e-01 -6.03599980e-01 -1.44600004e-01
 -1.90000003e-01 -1.80000067e-03  3.36999996e-02 -1.60000101e-03
 -1.98700007e-01  1.84400003e-01 -1.43000005e-01 -2.44699998e-01
  2.52199993e-01 -5.78700006e-01 -8.04999983e-02  7.29000010e-02
 -4.11999971e-02  1.84900004e-01 -2.13799994e-01  7.86000043e-02
 -2.19999999e-02  4.63699982e-01 -1.47599995e-01 -7.25999977e-02
 -5.97500011e-01  3.23899999e-01 -1.13100000e-01  8.44600022e-01
  9.79999937e-02  3.91900003e-01 -5.88000044e-02 -3.97800013e-01
  4.45900008e-01  8.57999995e-02 -2.66899996e-01  2.64400005e-01
 -1.70000002e-01  3.62999998e-02 -1.82700001e-01 -2.73100004e-01
  1.01200002e-01  3.01900007e-01 -2.67300010e-01  9.76999998e-02
  2.19900005e-01 -3.81899998e-01  1.26199994e-01  6.27999976e-02
 -1.76099996e-01  2.14800000e-01  3.40300009e-01 -3.79899986e-01
 -3.55700001e-01  1.88000001e-01  3.65199998e-01 -1.77899994e-01
 -2.28100002e-01  6.38100013e-01 -6.26000017e-02  4.05000001e-02
 -2.48899996e-01  3.01499993e-01 -1.85000005e-01 -3.07599992e-01
  6.53999984e-01  2.40099996e-01 -7.00000018e-01  1.33299999e-01
  2.58199997e-01 -7.70000368e-03  4.23299998e-01 -1.24000005e-01
 -1.21599998e-01  3.83799985e-01  2.13700004e-01 -2.60900006e-01
  3.86899993e-01 -3.12499993e-01  2.19900005e-01  1.17600001e-01
  7.31999874e-02  1.58700004e-01 -7.10000040e-03 -1.79199997e-01
  2.76499990e-01 -3.47999996e-02 -2.21999999e-01 -3.01199999e-01
 -1.44000001e-01  1.66099999e-01  2.31999997e-02 -5.08999988e-01
 -1.19700000e-01  2.50500001e-01 -3.97100002e-01 -1.46299995e-01
 -3.88899997e-01 -1.52000003e-02 -5.33000007e-02  2.54700005e-01
  4.62999985e-01  2.03900006e-01 -3.87000009e-01 -1.94399994e-01
  2.59999998e-01  1.40000135e-03 -3.19000036e-02 -4.69899997e-01
 -6.36199981e-01  4.74000014e-02  1.90399996e-01 -3.54999989e-01
  9.39700007e-01  1.32700004e-01 -4.29499999e-01 -3.57699996e-01
  4.15099986e-01 -2.39699997e-01 -1.22499999e-01  1.99499995e-01
  3.64000015e-02  1.97400007e-01 -2.66000001e-01  4.86000003e-02
 -3.73700002e-01 -4.15899985e-01 -6.62999991e-02 -1.47900007e-01
 -4.19700004e-01  2.19400004e-01 -7.34000006e-02  6.11799985e-01
 -3.98999993e-02  4.33899999e-01  1.28100008e-01  2.30499998e-01
 -3.24499995e-01 -4.16500010e-01 -3.82599995e-01  3.74799997e-01
 -2.15000026e-02 -2.72299998e-01  3.22800009e-01  5.05599990e-01
 -2.16100000e-01 -9.47499990e-01  1.35499999e-01  1.10599997e-01
  4.90099996e-01  3.28999996e-01  1.75900005e-01  2.24499993e-01
 -1.56600002e-01  1.34400001e-01 -6.21000007e-02  1.89900003e-01
 -9.60000604e-03  2.76199996e-01 -4.53999983e-02 -7.69999959e-02
 -1.87100008e-01 -1.85799994e-01  7.97999967e-02  2.69000001e-01
  1.94599986e-01 -3.59200001e-01 -1.33599997e-01  1.70000002e-01
 -3.20699994e-01 -7.22000003e-02  1.38699997e-01 -1.47100004e-01
  3.71199995e-01 -1.40590000e+00  2.13499993e-01 -7.04999976e-02
 -3.47599998e-01 -3.30000006e-01  1.97199993e-01 -7.88699985e-01
  2.09300004e-01 -8.16999990e-02 -7.15700001e-01 -2.23400002e-01
  2.67999999e-01 -3.32200006e-01 -3.64999995e-02 -6.39899982e-01
 -5.02399981e-01  1.67300001e-01 -1.89400002e-01  5.57000004e-02
 -5.63000023e-01  6.26999959e-02  2.12000012e-02  1.99900001e-01
 -1.38999999e-01  1.78100005e-01 -2.25499997e-01 -6.02200001e-01
  4.93200004e-01 -3.13399993e-01  1.92500001e-01 -3.32799993e-01
 -6.02699995e-01 -1.12939999e+00  3.46999988e-02 -6.17499977e-01
  2.63300002e-01  1.98999988e-02  1.18199997e-01  4.28299993e-01
  4.42999974e-02 -3.13000015e-02 -2.69800007e-01  3.21699992e-01
 -5.24400011e-01 -7.00999983e-02 -1.47200003e-01  4.75900032e-01
  1.72999948e-02  8.78200024e-01  9.86999981e-02 -1.29099999e-01
 -3.40000018e-02 -7.18899973e-01  7.45999999e-02  7.69999977e-02
 -5.34000006e-02  5.87699994e-01  3.20499989e-01 -1.53000001e-02
 -1.22899998e-01  4.27000009e-01 -4.05600011e-01 -1.05499998e-01
  1.66899993e-01 -1.24100000e-01 -3.73700008e-01  1.17400004e-01
 -5.25399998e-01  4.75000008e-02 -1.60299998e-01  2.96999998e-01
 -1.08400000e-01 -5.25999973e-02  1.04200000e-01 -1.20500002e-01
 -2.25799996e-01  6.98899984e-01  1.81999989e-02 -2.05300003e-01
  3.16700000e-01  3.75300013e-01 -2.07800001e-01  3.29499990e-01]"
.,"[ 1.057e-01 -8.650e-02  6.560e-01 -3.933e-01 -6.250e-02  7.440e-02
 -6.090e-02  1.145e-01 -2.890e-02 -7.666e-01 -2.012e-01  8.100e-03
 -6.160e-02  1.493e-01 -4.350e-01  9.280e-02 -9.720e-02  3.570e-02
  5.700e-02  3.140e-02  1.555e-01  1.477e-01  2.286e-01 -5.080e-02
 -2.023e-01  4.840e-02  3.640e-02 -1.113e-01  5.940e-02  1.002e-01
  1.084e-01 -2.480e-02 -4.300e-02 -7.150e-02 -2.170e-02 -6.260e-02
  1.870e-02 -3.730e-02 -7.970e-02  3.440e-02 -9.790e-02 -5.000e-02
 -9.900e-03 -1.452e-01  6.150e-02  1.225e-01 -9.990e-02  4.000e-02
 -1.002e-01 -1.181e-01 -5.860e-02  2.800e-02 -8.290e-02  4.040e-02
  1.102e-01 -1.124e-01 -8.820e-02  1.202e-01  2.000e-04 -3.040e-02
 -6.000e-02  3.320e-02 -5.720e-02 -1.056e-01 -1.595e-01 -1.890e-02
 -4.000e-02  3.480e-02 -1.710e-02 -3.150e-01  6.220e-02 -1.308e-01
  3.080e-02  5.760e-02 -2.950e-02 -3.400e-02  1.620e-02  4.010e-02
 -1.300e-03  6.600e-03 -1.300e-03 -4.610e-02 -5.690e-02  4.370e-02
 -1.031e-01  2.200e-02  8.290e-02 -2.550e-02 -3.440e-02  8.880e-02
  8.600e-02  1.377e-01  9.570e-02 -1.510e-02 -1.134e-01 -9.100e-02
 -2.755e-01  1.570e-02  3.770e-02  3.832e-01  1.037e-01 -2.881e-01
 -6.480e-02  7.460e-02  6.070e-02  1.070e-01 -2.849e-01 -2.340e-02
 -2.086e-01 -8.700e-03 -1.437e-01  3.341e-01  4.860e-02  9.430e-02
  2.960e-02  1.866e-01  1.340e-01  1.342e-01  4.100e-02 -9.560e-02
  2.130e-02  6.860e-02  2.300e-03  3.780e-02 -2.949e-01  6.600e-02
  1.191e-01 -5.220e-02  6.896e-01  6.890e-02 -1.019e-01  5.240e-02
  2.089e-01 -1.355e-01  3.280e-02 -5.980e-01  1.330e-02  7.040e-02
  9.000e-02 -2.930e-02 -1.660e-02 -7.190e-02 -7.690e-02 -1.700e-02
  7.732e-01  2.690e-02 -1.062e-01 -2.720e-02 -6.980e-02  1.560e-01
 -3.570e-02 -7.010e-02  3.240e-01 -1.870e-02 -1.568e-01  1.329e-01
 -9.750e-02 -3.515e-01 -9.060e-02  1.124e-01  4.590e-02  1.776e-01
  5.800e-03 -1.150e-01 -3.170e-02 -1.690e-02 -1.796e-01 -3.030e-02
 -6.070e-02  1.321e-01 -1.605e-01  6.100e-03  1.940e-02  4.270e-02
 -7.450e-02 -1.366e-01  6.010e-02 -1.510e-01  9.530e-02 -2.090e-02
  2.810e-02 -1.675e-01 -2.351e-01 -4.790e-02  2.900e-03  2.300e-02
  1.814e-01  1.888e-01 -1.360e-02  2.760e-02  8.650e-02  1.040e-01
  7.973e-01 -6.000e-04 -6.343e-01 -1.458e-01 -1.089e-01  1.128e-01
  6.270e-02  3.120e-02 -1.989e-01  6.160e-02  9.950e-02  4.460e-02
  7.060e-02 -5.160e-02  3.430e-02  2.194e-01 -1.100e-03 -4.110e-02
 -1.270e-02  2.286e-01  1.014e-01  6.580e-02  1.624e-01 -1.780e-02
 -1.216e-01 -4.994e-01 -6.100e-03  7.000e-02  5.460e-02  1.000e-01
  1.407e-01 -1.880e-01 -2.910e-02 -7.790e-02 -5.000e-02 -1.526e-01
  4.750e-02 -7.940e-02 -1.370e-02 -1.810e-02 -2.000e-02  1.800e-02
  4.550e-02  1.700e-03  2.450e-01  3.200e-02 -3.460e-02  1.046e-01
  2.440e-02  4.090e-02 -1.720e-01 -3.431e-01 -6.940e-02 -1.396e-01
  1.141e-01 -2.473e-01 -1.858e-01  8.600e-02 -1.341e-01 -2.392e-01
 -9.270e-02  1.090e-02 -1.220e-02  2.198e-01  1.476e-01  4.700e-03
 -1.700e-02  1.302e-01 -5.060e-02  3.860e-02 -2.570e-02 -2.434e-01
  1.670e-02  9.030e-02  2.580e-01 -7.060e-02  4.630e-02 -1.211e-01
  6.920e-02 -9.250e-02 -3.000e-03 -2.970e-02 -7.300e-03 -1.088e-01
 -1.457e-01 -8.780e-02  1.120e-01  8.350e-02  1.815e-01 -1.990e-02
  6.690e-02  8.110e-02  3.910e-02 -5.930e-02 -1.470e-02 -3.660e-02
  1.661e-01 -8.150e-02 -1.028e-01 -3.780e-02 -2.430e-02 -3.546e-01
 -7.210e-02  1.933e-01 -1.055e-01  3.202e-01 -1.110e-02  2.847e-01]","[ 9.76700008e-01 -1.46899987e-01  4.42680001e+00 -9.21199981e-01
  3.03800009e-01  2.79100005e-01 -2.11699995e-01  4.53000066e-02
 -2.60500001e-01 -3.33080000e+00 -8.60199977e-01  3.00900000e-01
 -5.09000000e-01  6.71999978e-01 -2.42450008e+00  5.91800001e-01
 -5.44799996e-01  1.89700003e-01 -1.09499998e-01  8.39999504e-03
  3.94299986e-01  2.81099990e-01  5.51899994e-01 -2.57999997e-01
 -5.30099984e-01  9.83900003e-01  1.91700006e-01 -5.85000000e-01
  2.16999995e-01  6.44699983e-01  8.85900021e-01  3.79999960e-03
 -1.18000004e-01 -1.61000017e-01 -4.07000054e-02 -1.70200003e-01
  4.24700008e-01  1.09999441e-03  7.44000077e-02  1.04800003e-01
 -1.09500019e-01 -3.14000009e-01 -4.47699998e-01 -1.10469999e+00
  6.32000025e-02  7.23000020e-01 -4.83299995e-01  3.07099994e-01
 -5.40199993e-01 -4.45400011e-01 -8.53000022e-02  9.52000013e-02
 -4.58800009e-01  2.66099999e-01  2.67700005e-01 -1.28800009e-01
 -6.24300027e-01  6.46400004e-01 -7.00000387e-03  1.18999998e-02
 -3.62499993e-01  4.12400011e-01 -2.83399988e-01 -4.57299993e-01
 -3.96300014e-01 -6.21000023e-02 -2.44099993e-01  4.29399991e-01
 -3.87799999e-01 -1.55209999e+00  1.01999992e-01 -3.14299984e-01
  2.07799996e-01 -7.54999984e-02 -5.81999990e-01 -1.77600004e-01
  2.93200001e-01  1.96700007e-01  1.29000005e-01  2.70200007e-01
 -2.71100004e-01 -2.12800007e-01 -5.70699990e-01  8.75999965e-02
 -2.73400001e-01 -1.10799998e-01 -2.25799993e-01 -2.00499998e-01
 -2.26299996e-01  1.02099992e-01  6.53700009e-01  2.71100011e-01
  3.72900009e-01  2.71400006e-01 -4.30599992e-01 -4.95999994e-01
 -1.65350000e+00  2.63799999e-01  8.17999989e-02  1.11909996e+00
 -5.42000057e-02 -1.44120003e+00 -1.98200002e-01  5.05000020e-01
  2.12999983e-02  1.70589998e+00 -1.44120003e+00 -7.69799998e-01
 -3.17000000e-01 -6.33000026e-02 -1.98200012e-01  1.73920003e+00
  1.27100002e-01  4.87700011e-01  5.16000036e-02  1.00929999e+00
  1.90700006e-01  6.01400027e-01  6.25800006e-01 -7.27600006e-01
 -2.52099998e-01  2.51299996e-01 -3.99199998e-01  1.44600001e-01
 -8.89599998e-01  9.57999928e-02  5.42599989e-01 -1.14500007e-01
  3.97459996e+00  5.36799984e-01 -4.56099985e-01 -9.97000043e-02
  4.12600012e-01 -5.83899995e-01  1.49600003e-01 -3.11119997e+00
  9.20000114e-03  3.75099995e-01  8.51900017e-01 -1.02600001e-01
 -6.00000843e-04 -3.75600003e-01 -2.15299992e-01 -1.32600002e-01
  5.59199988e+00 -1.66500005e-01 -4.82000008e-01  1.97199997e-01
  2.88800005e-01  4.08500008e-01 -2.08699998e-01 -3.16600000e-01
  1.02490001e+00 -1.94400001e-01 -1.82900000e-01 -9.34000071e-02
 -2.23799993e-01 -1.34070001e+00 -5.92699997e-01  5.12200009e-01
  1.91099999e-01  8.28700000e-01 -3.33000004e-02  1.62199996e-01
 -2.80199997e-01 -4.57999986e-02 -1.38100000e+00  3.37999929e-02
 -3.25299997e-01  3.98499999e-01 -5.67400014e-01 -3.22000002e-01
 -3.13699999e-01  2.55600000e-01 -1.40000002e-01 -3.06400005e-01
 -3.06300003e-01 -3.27499978e-01  2.16399981e-01  1.89900002e-01
  1.62800005e-01 -5.20200022e-01 -2.64969999e+00  3.27599999e-01
 -1.17499994e-01  2.84500000e-01  6.97500009e-01  2.35530000e+00
  1.30800005e-01  3.74500001e-01  6.36499982e-01  3.51400007e-01
  2.09869993e+00 -1.75000032e-02 -2.43550000e+00 -5.68399987e-01
 -3.50900009e-01  7.11800001e-01  3.94400004e-01  2.94999992e-02
 -1.17110000e+00 -9.00005922e-04  2.64100003e-01  4.31099990e-01
 -6.89999857e-02 -2.15400008e-01  3.85799998e-01  1.26420001e+00
 -1.92100003e-01 -2.95199998e-01 -3.56000001e-02  1.96399983e-01
  8.31000070e-02 -3.17799995e-01  1.37070005e+00 -9.39699973e-01
 -6.50200000e-01 -3.92320001e+00 -5.56099999e-01  3.24399999e-01
  2.93600004e-01  3.11700007e-01  3.44599992e-01 -8.92999977e-01
 -3.21600004e-01 -4.21500001e-01 -1.77199997e-01 -6.22000014e-01
  5.83399996e-01 -2.69000012e-01  7.84999998e-02 -6.08700000e-01
 -2.68000029e-02 -3.13399995e-01 -6.79999981e-02 -1.83300003e-01
  2.16300006e-01  2.55399998e-01  8.77999971e-02  4.61499995e-01
  7.31000001e-02  6.08299993e-01 -8.43500018e-01 -2.13750003e+00
 -1.24199991e-01 -9.06999990e-01  2.50300001e-01 -6.05799994e-01
 -4.96400010e-01  8.30499995e-01 -6.67800017e-01 -9.69999988e-01
 -2.02699988e-01 -3.63500006e-01  2.30900002e-01  1.14279997e+00
  8.02899990e-01 -2.10899993e-01 -2.57700011e-01  5.39299993e-01
 -2.15699999e-01  3.54800008e-01 -1.00599998e-01 -6.43799976e-01
  3.46499996e-01  3.51700008e-01  1.03369997e+00 -1.34500010e-01
  2.62000007e-01 -1.61999986e-02  1.16100004e-01 -5.05300004e-01
 -2.05200006e-01 -4.76699989e-01 -1.55999982e-02  2.83100002e-01
 -5.12999978e-01 -5.97900007e-01  4.44500010e-01  1.84499996e-01
  5.24999995e-01  3.00299998e-01  2.89500004e-01  4.61300010e-01
  2.61200007e-01 -5.95900000e-01  1.62699997e-01 -9.23000006e-02
  1.17429999e+00 -6.37899994e-01 -4.13899990e-01  3.29100000e-01
 -1.14599990e-01 -1.54180005e+00 -1.12510002e+00  5.43499983e-01
 -4.01099995e-01  7.27999978e-01 -6.82000029e-02  9.72600028e-01]"
