aspect,whichfrom,senti_score,count,count_percentage,embeddings
アトラクション,fromCluster,0.2504,107.0,5.0831,"[-0.029752733, -0.039212074, 0.005220639, -0.011325023, -0.02008064, 0.026708724, -0.029114474, 0.041765112, -0.024532095, -0.003976851, -0.027837954, 0.05092987, 0.01291249, -0.041863307, 0.015375519, -0.0016917981, -0.015269143, -0.031978462, -0.0052656448, 0.0013900566, 0.046380226, -0.0065912614, 0.007781862, 0.008624692, -0.02530128, -0.0026614622, 0.041339606, 0.034891546, -0.023828372, 0.006685364, 0.007405452, 0.007597748, 0.02608683, 0.012159671, -0.0078964215, 0.02301009, 0.042223353, 0.033811413, 0.012716102, 0.008039621, -0.041535996, -0.048475027, -0.022911897, 0.009688459, 0.007614114, 0.013902611, -0.024433902, -0.048475027, 0.0027248792, -0.014753625, -0.01067858, -0.005028343, -0.010474009, 0.019376919, -0.025023064, 0.016840244, 0.034400575, -0.0037600058, -0.0006152458, 0.02698694, 0.0007226453, -0.01616107, -0.0080928095, 0.016341092, 0.008178729, 0.009197489, 0.0054456666, 0.0090174675, 0.015326422, 0.028819893, 0.0123806065, 0.008117357, -0.009238404, -0.0388193, -0.006415331, 0.025481302, 0.053450182, 0.03137293, 0.018722292, -0.015645552, -0.0045537394, 0.032780375, -0.008665606, 0.026185025, -0.015228228, 0.008444671, 0.0043246206, -0.07122327, -0.0135998465, 0.010555838, 0.0033447277, -2.1064368e-05, -0.03070194, 0.011005893, 0.025055796, 0.0008100992, 0.029605443, 0.00945934, 0.0228628, 0.029458152, 0.018689562, -0.054104805, -0.027330618, -0.048867803, 0.033680487, 0.019147798, 0.010907699, 0.05852353, -0.030800134, -0.005789345, -0.012724285, -0.0024753031, 0.008943822, -0.014295387, -0.020227931, -0.0022154986, -0.029523615, 0.009271136, -0.003363139, -0.026217755, -0.034105994, -0.03485881, -0.016398372, -0.03636445, 0.03479335, -0.005318833, 0.008493767, 0.042877976, -0.015154582, 0.017036632, 0.008510133, 0.033124056, 0.021144407, 0.011406851, 0.022813702, -0.0111613665, -0.001463702, 0.007593657, -0.014630882, 0.0019444426, -0.029212667, -0.026299583, -0.0019106885, -0.011472314, -0.016717501, -0.018787755, -0.0037129547, -0.0212426, -0.040423132, -0.007773679, 0.05881811, -0.014704527, -0.027527006, 0.03816467, -0.009565717, -0.009483889, -0.042026963, 0.030129144, -0.006611719, 0.021946324, -0.017134825, -0.012405155, -0.0076386626, 0.02289553, 0.041863307, -0.03502247, 0.060127363, -0.039473925, -0.029261764, 0.025055796, -0.025759518, -0.034662426, -0.018329516, -0.044580005, -0.04114322, 0.012536081, 0.0136980405, -0.031503856, -0.009369329, 0.013157975, -0.017838547, 0.03307496, 0.015661918, -0.019426014, -0.006746735, 0.0043819, 0.0033795047, -0.018902315, 0.0002626174, -0.0025469027, 0.002483486, -0.031291105, 0.039768506, -0.003598395, -0.012372424, 0.0036924975, 0.0005840488, -0.03261672, 0.04988247, -0.03728093, 0.0086819725, -0.05603595, 0.006611719, -0.016971169, -0.012945222, -0.00914021, 0.0049751545, -0.041994233, -0.029900024, 0.017838547, -0.013378911, 0.017625794, 0.0079946155, 0.00051372766, -0.0127733825, 0.02901628, 0.0005492718, 0.013100695, 0.009385695, -0.026479606, 0.010760409, 0.014442678, 0.012879759, 0.03456423, -0.026675994, 0.007884148, -0.0067221867, 0.005146994, -0.008264648, -0.016316542, -0.03989943, 0.009099296, -0.017036632, 0.017805817, -0.012028745, -0.03790282, -0.0060552866, 0.0013828966, 0.020784363, -0.0032424424, -0.03728093, 0.011668702, -0.023713812, 0.0152118625, 0.023730177, -0.016079241, -0.006186212, 0.07534741, 0.013076146, 0.020800728, -0.007867781, 0.0018953457, -0.009050199, -0.003211757, -0.005290193, 0.03235487, 0.015743745, 0.010498558, -0.00998304, -0.035677094, -0.02526855, 0.024450267, 0.007033134, 0.01120228, 0.021717204, -0.025104892, -0.002087642, -0.027281523, -0.009262952, -0.003003095, 0.022519121, -0.04605291, 0.024990333, -0.028050708, 0.026332315, 0.06546256, 0.021537183, -0.013738954, -0.023599254, -0.010662215, 0.026479606, -0.01563737, 0.005887539, 0.026250487, -0.015768295, 0.041797847, 0.003911388, 0.02571042, 0.014434495, 0.024646655, -0.0017286207, -0.04114322, -0.0057320655, -0.019131433, 5.9740978e-05, 0.035251588, -0.004512825, -0.036659032, 0.012233316, -0.05606868, -0.012716102, 0.004332803, -0.0116523355, -0.032273043, 0.011775078, 0.012102391, 0.014712711, 0.019278724, 0.00021914615, 0.008215551, 0.0659208, 0.0003117143, -0.01996608, 0.004827864, 0.009942126, -0.026365045, -0.017740354, -0.03255126, 0.00073133956, -0.052599166, -0.016169252, -0.020064274, -0.02057161, 0.0033529105, -0.007785953, 0.069979474, 0.023468329, -0.048671413, 0.01285521, 0.027166963, -0.026675994, -0.036724497, 0.005220639, 0.0061698463, -0.0001683871, -0.014655431, 0.020653438, 0.01201238, 0.009426609, -0.0053761126, -0.014843635, -0.005707517, 0.011856906, -0.0009313072, -0.03302586, -0.0078064105, 0.017625794, -0.0659208, 0.017593063, -0.012077843, 0.0006229172, -0.0008863017, -0.019376919, -0.008248283, 0.043859914, -0.0018370431, 0.035218857, 0.00038126827, 0.023337403, 0.0019495569, -0.009262952, -0.0050488, 0.02173357, 0.0048237722, -0.0012857256, -0.008096901, -0.00035160556, 0.016668404, 0.019622402, 0.014377215, -0.049424235, 0.014598151, -0.05803256, 0.017331213, -0.025661323, 0.005797528, -0.015277325, -0.043074366, -0.00507744, 0.02379564, 0.000970687, -0.041634187, -0.015866488, 0.026512338, -0.017036632, 0.033909608, 0.026479606, -0.049424235, 0.00887836, 0.033909608, 0.009974858, -0.020375222, -0.024384804, -0.03251853, 0.0038397883, -0.0016969123, 0.011415034, -0.009058381, -0.006538073, -0.045234628, -0.024892138, -0.0076059313, 0.020522512, -0.004230518, 0.005646146, -0.0021929957, -0.025743151, 0.0345315, 0.015588272, 0.03426965, -0.008960188, -0.04968608, -0.020931654, -0.0012519715, 0.041732382, 0.00012760086, 0.019900618, 0.0021725388, -0.0457256, -0.026430508, 0.000500942, 0.057377934, -0.012143305, 0.024973966, -0.059440006, 0.00043062092, -0.0060348297, -0.009344781, 0.014066268, -0.046805732, 0.022093615, 0.0024650746, -0.029736368, -0.01111227, 0.008608326, 0.0007374767, 0.0008279991, 0.0058261678, 0.0130679635, -0.0034572415, 0.0049015093, 0.009467523, -0.030390993, -0.010441278, 0.01317434, -0.0038847937, 0.021668108, -0.015972864, 0.02481031, 0.012061477, 0.0046437504, -0.02042432, -0.016709318, -0.027199693, -0.018558636, 0.0066444497, -0.011603239, 0.004308255, -0.014532688, -0.0130679635, 0.060421944, 0.03153659, 0.029785465, -0.04549648, 0.020342492, -0.016128339, -0.019802425, 0.07626388, 0.024859408, 0.010400364, 0.0051879077, -0.03307496, 0.017920377, 0.038655642, -0.034400575, -0.017625794, -0.06081472, 0.003009232, -0.023926565, 0.006456245, 0.008575595, -0.012871576, 0.00093591004, -0.028999913, -0.0051347194, 0.01627563, 0.025383107, -0.013321631, -0.029850928, 0.0091156615, 0.033353176, -0.008133723, 0.011963283, -0.009598448, -0.0007814593, -0.074496396, 0.0019106885, 0.021700839, -0.00833011, 0.029458152, 0.0037150003, -0.0033835962, 0.027314253, -0.015882853, -0.04749309, 0.004377809, -0.026234122, -0.0023750635, 0.0060020983, 0.011570508, 0.000911873, -0.010375815, 0.0067303693, 0.024728483, 0.011766896, -0.0014033536, 0.013018867, 0.0011773033, -0.019131433, 0.0039482107, -0.0047051217, 0.0029662722, -0.023026455, 0.007802319, 0.01105499, -0.008927457, -0.0063007716, 0.030063681, 0.013935342, 0.00080242776, 0.018591367, 0.0114314, -0.0027494275, -0.012298779, -0.018755024, 0.0036924975, 0.009467523, 0.02289553, 0.005617506, -0.019507842, -0.019949716, 0.013035232, -0.047362164, 0.01520368, 0.02965454, -0.033811413, 0.006280314, -0.008698338, -0.033549562, 0.021586278, 0.003461333, 0.015375519, -0.00380092, -0.006403057, 0.011316841, 0.019835155, -0.015801026, -0.0034551958, -0.002939678, 0.0403904, -0.00027386876, -0.011709616, 0.040324938, -0.011406851, 0.016611125, -0.025661323, 0.029441787, 0.0026737365, 0.0027514733, 0.018525904, 0.007593657, -0.013117061, -0.017494868, 0.022339098, 0.019049605, 0.003211757, -0.026266852, -0.016431103, -0.00070679106, -0.00010970093, 0.003958439, -0.028394386, 0.0042182435, 0.011128635, -0.0082891965, 0.0050160685, -0.0041793752, -0.029867293, -0.03317315, 0.0062884972, -0.016095607, 0.029556345, 0.057377934, 0.0061739376, -0.017936742, -0.004328712, 0.0138944285, -0.023681082, 0.011226829, -0.04369626, 0.018542271, -0.0061412062, 0.004750127, -0.0036393092, -0.00255304, 0.017429406, 0.064316966, 0.012216951, -0.018034935, 0.03937573, -0.020948019, 0.034433305, 0.003412236, 0.0123806065, 0.0024384803, 0.030947426, -0.008096901, 0.04703485, 0.0035758924, -0.030309165, 0.044841852, -0.022486389, 0.022535486, -0.031847537, 0.026430508, -0.030898329, 0.036495376, -0.0045087337, -0.025661323, 0.006407148, 0.005196091, 0.024204781, -0.008186911, -0.03790282, 0.031798437, 0.013337997, -0.003078786, 0.002150036, 0.029065376, 0.013828966, 0.01157869, -0.03989943, 0.0043573515, -8.086928e-05, 0.0048524123, -0.036724497, 0.012511532, -0.0302928, 0.026185025, 0.046805732, -0.02057161, 0.013190706, -0.0031687971, 0.027625201, 0.01828042, -0.013689858, 0.0055152206, -0.0037620515, -0.009762105, 0.010490376, -0.014221741, -0.029065376, 0.0029846837, 0.023190113, 0.00013309869, 0.026217755, -0.023288306, -0.045921985, -0.00023461679, -0.016922072, -0.0027473818, -0.032371238, -0.027477909, 0.045103703, 0.0085837785, -0.010850419, -0.0040586786, 0.0048442297, -0.034989737, -0.012077843, -0.014639065, -0.012904307, 0.0036597662, -0.0006367257, 0.025644958, -0.015064572, 0.027199693, 0.020784363, -0.0006469542, -0.035349783, -0.033304077, -0.029049011, 0.015923768, -0.02544857, -0.005294285, -0.006914483, 0.009197489, 0.01895141, -0.018885948, -0.0137962345, -0.0067180954, -0.013820783, -0.022699144, -0.018264055, 0.021062579, 0.014066268, -0.010228525, 0.0028946726, -0.011766896, -0.0073399898, 0.021717204, 0.033467732, 0.008145997, 0.0067303693, 0.0021009392, 0.009860299, 0.008526498, 0.021929957, -0.020489782, 0.019491477, 0.0046560247, -0.0053556557, -0.019426014, -0.029834561, 0.013387093, 0.01715119, 0.0115541415, 0.011169549, -0.0001518936, -0.0013685767, -0.003363139, -0.0007052568, 0.003571801, 0.02800161, 0.0015690557, 0.034073263, 0.0030317348, 0.009909395, -0.0028292101, -0.041568726, 0.038917493, 0.00346747, -0.025694055, 0.006026647, -0.023730177, 0.037248198, -0.009598448, -0.0034388301, 0.011038625, 0.03235487, 0.014221741, -0.022960993, 0.003766143, -0.005695243, 0.0016733867, 0.016463835, -0.02593954, 0.022322733, 0.0034142816, 0.0196715, -0.018214958, 0.011300474, -0.0047746757, 0.008436487, -0.025743151, -0.009622997, 0.0036311264, -0.019540574, 0.00011276949, -0.0070781396, -0.0049301493, 0.012781565, -0.02301009, -0.008371025, -0.03258399, 0.014950012, 0.00719679, -0.0020866191, -0.029359959, 0.039506655, -0.0019945623, 0.020129737, -0.031978462, -0.019376919, 0.02008064, 0.0055234036, -0.046151105, 0.00015905357, 0.0032567624, 0.017478503, 0.050209783, 0.020653438, 0.038557447, 0.02402476, -0.0025366743, -0.0033140422, 0.03652811, 0.004942423, 0.004418723, -0.008186911, 0.009688459, 0.009958492, -0.016242897, -0.0060634697, 0.034596965, 0.0040484504, 0.010089417, -0.007581383, -0.023451962, 0.023468329, -0.023091918, 0.02297736, 0.026250487, -0.01021216, -0.016406555, -0.006705821, -0.031847537, -0.06114203, 0.003696589, -0.012986136, 0.024008393, -0.003432693, 0.01401717, 0.013092512, 0.0071190535, -0.0024712116, 0.0123806065, 0.033091325, 0.0066976384, -8.067749e-05, 0.005241096, -0.017969472, -0.004259158, 0.027396081, 0.002753519, 0.011676884, -0.012683371, 0.01651293, -0.014573603, 0.016414737, -0.020440685, -0.003702726, -0.019196896, -0.010523107, -0.0007328738, 0.014311752, 0.021537183, -0.019835155, 0.019082336, 0.020244297, -0.01711846, 0.024941236, 0.029589077, 0.0012386744, -0.023386499, 0.0058016195, 0.024499362, 0.01813313, 0.017854914, -0.006394874, 0.025644958, 0.023484694, 0.0010729723, -0.036789957, 0.026512338, 0.022519121, -0.019229626, -0.03570983, -0.026234122, 0.014213558, -0.012765199, 0.012306961, -0.040815905, 0.031389296, 0.026921477, 0.04425269, 0.015923768, -0.012781565, 0.01578466, -0.038917493, -0.048278637, 0.016889341, 0.0027617018, 0.0122824125, -0.02661053, -0.005101988, -0.0031667515, 0.021668108, -0.014238107, -0.021782666, 0.009123844, -0.03757551, 0.007740948, -0.030865597, 0.0039216164, 0.010465827, -0.03340227, -0.0027166964, -0.026119562, 0.019884253, 0.011815992, -0.008338294, -0.0133625455, -0.0027453362, 0.011644153, 0.011586873, 0.0046232934, 0.013190706, 0.011022259, 0.0074668233, -0.0138944285, -0.01831315, 0.02222454, -0.040292207, 0.010809505, -0.037935555, 0.012290596, -0.012781565, -0.005457941, -0.004167101, -0.015801026, -0.0124788005, 0.011676884, -0.005138811, -0.010351268, 0.0044760024, 0.005179725, -0.014221741, 0.015571906, -0.0016652038, 0.0033160879, 0.007086322, -0.020244297, 0.011660518, 0.03914661, 0.012356059, -0.014270838, 0.01790401, 0.008600144, 0.015121851, 0.023746544, -0.03931027, 0.009933944, 0.01621835, -0.025317645, -0.018984143, -0.015711015, 0.020129737, 0.0010791094, -0.00027693732, -0.037215464, -0.013280717, -0.045169167, -0.014491774, 0.036953617, -0.0025407656, -0.0089192735, -0.012167853, 0.0035247498, 0.021308063, 0.0123806065, 0.01906597, -0.040357668, 0.0007517966, 0.0115541415, -0.018902315, -0.008428304, 0.0012662914, 0.024155686, 0.012560628, -0.045660134, 0.0054702153, 0.036397185, 0.019720597, 0.018394979, -0.008477402, 0.012986136, -0.007106779, -0.00861651, 0.0025898626, 0.044678196, -0.0024323433, 0.040128548, -0.0110631725, -0.0034367845, -0.015743745, 0.005953002, -0.008309654, 0.021308063, 0.027428813, 0.022731874, -0.011865089, -0.0063212286, -0.05322106, -0.0047746757, 0.013624395, -0.008199186, 0.008403757, 0.0068081063, 0.005867082, -0.004471911, -0.059178155, -0.034629695, 0.054857627, -0.014614517, -0.0067671924, -0.03502247, 0.0041036843, 0.013624395, 0.0016498611, 0.0058711735, 0.07541287, -0.0063212286, -0.00040453818, 0.03970304, 0.0014534735, 0.029458152, 0.016521113, -0.012609726, 0.059145425, 0.0016846381, -0.027281523, 0.013828966, -0.028525311, 0.009852115, 0.004709213, -0.014041719, 0.0068817516, -0.029310862, -0.0067794663, -0.020211566, 0.032338504, 0.019458747, 0.0025366743, -0.0094102435, -0.0046273847, -0.031765707, 0.0053802044, -0.004300072, 0.009532985, 0.0120451115, -0.0073072584, -0.018853217, -0.0023280124, -0.004909692, 0.0061289323, -0.012126939, 0.019311456, 0.010269439, 0.007475006, 0.01349347, -0.047067583, -0.0010259211, 0.0063171373, -0.0069063003, 0.022519121, -0.013820783, -0.022290003, 0.03174934, 0.004721487, -0.0059202705, 0.009508437, -0.003798874, 0.003923662, 0.013518019, -0.020244297, -0.00020827835, -0.00818282, -0.0072336127, -0.025399473, -0.0042182435, 0.01563737, 0.009238404, -0.00600619, 0.0028537584, 0.018247688, -0.018525904, -0.0026819194, -0.0029908207, 0.009336597, -0.04215789, -0.016210167, -0.017576698, 0.008215551, -0.0059939157, -0.020817094, -0.0022789154, -0.005171542, -0.029523615, 0.0044841855, -0.014483592, 0.017020267, 0.008060078, -0.006345777, -0.037477314, -0.0056052315, -0.01993335, 0.02150445, 0.01865683, -0.012257865, 0.008145997, -0.009442974, 0.013640761, -0.0003976339, -0.0035554352, 0.0057729795, 0.01004032, -0.026430508, 0.0366263, -0.011423217, -0.0052738274, -0.009033834, -0.019229626, 0.0077041253, 0.010654031, -0.006885843, -0.022682777, -0.0085837785, 0.0077982275, -0.007393178, -0.017036632, 0.00998304, -0.005208365, 0.006472611, -0.010539472, -0.0027596562, 0.0027678388, 0.018967777, 0.012356059, 0.007912787, 0.0054620323, -0.02161901, 0.01067858, 0.032747645, 0.013288899, -0.0067180954, -0.00221959, 0.021046214, 0.0013849423, -0.010007589, -0.0109649785, -0.02327194, -0.02492487, 0.013207071, -0.0144263115, -0.012904307, 0.012601543, 0.0049751545, -0.00044852082, 0.0132643515, -0.0064807935, 0.015130035, 0.017478503, 0.019311456, 0.0073195323, 0.0026901022, -0.003598395, -0.0032649452, -0.0077573135, -0.012511532, -0.024352072, 0.013771686, 0.009066565, 0.00029355867, -0.03093106, -0.0011046807, 0.006746735, -0.0051224455, 0.032534894, 0.021226235, 0.012053294, 0.0038847937, 0.0038377426, 0.008861994, -0.021193504, 0.0130106835, -0.0049465145, -0.0024671203, 0.017331213, -0.0034654243, 0.018329516, -0.0089192735, -0.009557534, -0.012429704, -0.0064807935, -0.010130331, 0.02132443, -0.005126537, 0.0350552, -0.0212426, -0.013002501, 0.0054824892, 0.008690155, 0.01578466, -0.006636267, 0.018149495, -0.03374595, 0.030980157, -0.026888747, 0.023730177, -0.0055029467, 0.037150003, -0.00507744, -0.01798584, 0.009033834, 0.019835155, -0.0025612228, -0.038950223, -0.0154082505, 0.0019260313, 0.0042468836, -0.0048851436, -0.019753328, 0.0086819725, 0.0073522637, 0.0054620323, 0.040357668, -0.012495167, -0.018264055, 0.015130035, 0.0038295598, -0.018738657, 0.036233526, 0.010768591, -0.014336301, 0.0062434915, 0.03597168, -0.01291249, 0.0016140613, -0.00870652, -0.007646845, -0.011325023, 0.0014606334, 0.018869583, -0.0041834665, 0.002080482, -0.0032690365, -0.009917578, 0.013125244, 0.004680573, -0.005294285, 0.017249385, -0.0021029848, 0.015792843, 0.011308657, -0.013444373, -0.0034736071, -0.0031319745, -0.016709318, -0.015432798, 0.040128548, -0.0029253582, -0.022879165, 0.030816501, -0.0107276775, -0.01201238, 0.010400364, -0.003072649, -0.031209275, -0.01067858, -0.008600144, 0.0034163273, 0.005727974, -0.004819681, 0.012847028, 0.0026880563, -0.014810904, 0.013730772, -0.026414143, 0.011742347, 0.014238107, -0.014336301, -0.012658822, 0.002364835, 0.015956499, 0.0017859004, -0.010228525, 0.017396675, -0.00076100224, -0.014279021, 0.022502756, 0.009074748, 0.011824175, -0.023222843, 0.021373525, -0.0017286207, 0.014336301, -0.01148868, -0.010203976, 0.0036249892, 0.055577714, -0.0039502564, -0.0054047527, -0.0050488, -0.033680487, 0.02634868, 0.009492071, -0.013657127, -0.0006229172, 0.026757821, 0.018935045, 0.020015178, -0.007581383, -7.7481076e-05, -0.004070953, 0.0135998465, -0.02530128, 0.0064603365, 7.6841796e-05, 0.022060882, -0.005854808, -0.007724582, -0.013853515, 0.007614114, 0.008608326, -0.01558009, 0.03485881, 0.008150089, 0.019344186, 0.0039502564, -0.00087965315, -0.02364835, -0.015121851, -0.015228228, -0.019949716, -0.01970423, 0.015269143, -0.014434495, -0.013149791, 0.014761807, -0.0026062282, -0.0055438606, -0.010007589, 0.01880412, -0.014360849, -0.00028128445, -0.012716102, 0.008252374, 0.0034490586, 0.0061984863, -0.013313448, -0.028459849, -0.00031120286, -0.027985245, -0.028852623, -0.014761807, 0.0053638387, 0.011627788, -0.023173746, 0.024041126, -0.0026185024, 0.0041384613, 0.0547267, 0.020097006, -0.025775883, -0.005756614, -0.0040177647, 0.013526201, -0.0058752648, -0.00413437, -0.0053065587, -0.025775883, -0.0068367464, 0.013943525, -0.028296191, 0.038491987, -0.0016897523, 0.0031033345, -0.012977953, -0.0075363773, -0.034989737, 0.00084385334, -0.015424616, -0.006165755, 0.0035943037, -0.009099296, 0.0048360466, 0.0010167154, 0.046871193, 0.048736878, 0.0031565228, 0.030849231, -0.01790401, 0.0027780675, 0.014606333, 0.003667949, 0.008317837, -0.021078944, 0.00699222, -0.0031647056, 0.018460441, -0.010514923, 0.00221959, -0.046412956, 0.025955906, -0.016872974, -0.022731874, 0.009917578, -0.004848321, 0.03261672, 0.020015178, -0.0424852, -0.005245188, 0.015138217, 0.021029847, 0.008551047, 0.031176545, -0.008518316, 0.0014330164, -0.012658822, 0.003003095, -0.00124788, 0.03127474, 0.008272831, 0.0028169358, -8.917995e-05, 0.01906597, 0.021831764, 0.014950012, -0.029049011, 0.0043409863, -0.0107276775, 0.020260662, -0.004480094, -0.021029847, -0.008403757, -0.022699144, -0.010850419, 0.009500254, 0.012396973, 0.029605443, -0.010195794, 0.019720597, 0.00017580278, -0.004451454, -0.028999913, -0.0041077756, -0.04327075, -0.028296191, -0.009893029, -0.01764216, 0.0007957792, -0.02120987, -0.019655135, -0.02161901, 0.021488085, -0.032142118, -0.0099994065, 0.0072827097, 0.004418723, 0.011472314, -0.023091918, -0.017560331, 0.032420333, -0.029850928, 0.007916878, 0.0329113, -0.0035390698, 0.00255304, -0.011218647, 0.0061248406, -0.04965335, -0.0040873187, 0.012118757, -0.04628203, 0.015097303, -0.005130628, -0.01317434, 0.020882556, -0.018002205, -0.022060882, -0.007024951, -0.0069022086, -0.020031543, 0.022960993, -0.035415243, 0.027379716, 0.0029662722, 0.025334012, -0.028852623, -0.011734164, -0.022846434, -0.008608326, 0.007880055, -0.012241499, 0.010048503, 0.029376324, 0.020964384, 0.013845332, -0.034989737, 0.000731851, -0.026806919, -0.0015414387, -0.009483889, -0.012757016, 0.0005830259, 0.028590774, 0.012527898, -0.0066935467, -0.003870474, 0.01715119, -0.02083346, 0.013108877, 0.00095023, -0.010752225, -0.010883151, 0.016758416, 0.026299583, -0.0032526709, -0.024368439, 0.01642292, 0.00998304, -0.005527495, 0.022633681, -0.009164758, 0.013182523, -0.003551344, -0.01476999, -0.01488455, 0.025366742, -0.0015434844, -0.0049301493, 0.00095790136, 0.00574434, -0.028623505, 0.0037845543, 0.0065217074, 0.029572712, -0.011177733, -0.036135335, 0.01816586, -0.0028333014, -0.015048206, 0.004042313, 0.016128339, -0.023992028, -0.013035232, -0.022159077, -0.021275332, -0.009230221, -0.010858602, 0.00074514805, -0.0054333927, -0.0069022086, -0.014172644, 0.02736335, 0.014851819, -0.008055986, -0.014336301, -0.016807513, 0.0110631725, -0.009164758, -0.017020267, -0.0042427923, -0.0047869496, -0.01775672, 0.023321036, 0.0016457697, -0.0011537776, 0.012315144, 0.016193802, 0.01233151, 0.0003196414, -0.002454846, -0.02379564, 0.013509836, 0.00020584906, 0.021651741, -0.01233151, -0.001518936, -0.011562325, 0.011873272, 0.0037109088, -0.010637666, 0.009565717, 0.028950818, 0.004611019, -0.001747032, -0.033778682, -0.002003768, -0.02980183, -0.02837802, 0.022306368, 0.014369032, 0.015571906, -0.039997626, 0.009680276, -0.001116955, 0.008943822, 0.0019884254, 0.017331213, 0.0043450776, -0.0107276775, 0.00061115436, 0.00406277, 0.01790401, 0.014000805, 0.036691766, 0.0068081063, 0.013828966, 0.02454846, 0.013256169, -0.010874968, -0.0120451115, 0.0039032053, 0.0026041826, -0.013779869, -0.0065830788, 0.015359153, 0.0018575002, 0.030489188, 0.027756125, 0.016447468, -0.007822776, 0.0075609256, 0.0024384803, -0.016152887, -0.021144407, 0.0075486517, -0.0067631006, 0.007033134, 0.0041282326, 0.005830259, -0.0067794663, 0.0027269248, 0.040423132, 0.019327821, 0.01058857, -0.006263949, 0.002906947, 0.010752225, 0.009860299, 0.003876611, 0.0020968476, 0.0020886648, -0.013788052, -0.0022625497, 0.011333206, 0.016987534, 0.0062025776, 0.0069472142, 0.0015567815, -0.016054694, 0.015809208, -0.0073399898, -0.0060552866, -0.010163062, 0.0061534806, 0.0040873187, -0.006415331, 0.011406851, 0.027314253, 0.010277622, 0.016954804, -0.014319935, -0.0027985245, 0.009058381, -0.012192402, 0.018460441, -0.0021275333, 0.001823746, -0.011284109, -0.0028660328, -0.004488277, -0.013910794, -0.012249681, 0.011742347, 0.00443918, -0.016300177, 0.0057729795, -0.02541584, 0.01741304, -0.002988775, -0.022388196, -0.01157869, 0.015162766, -0.012667006, -0.014753625, 0.011824175, -0.0017869234, 0.004443271, -0.008166455, 0.0018002205, 0.010670397, 0.00022656182, 0.0077982275, 0.011390486, 0.018116763, 0.009254769, -0.009933944, -0.016062876, 0.009557534, -0.01642292, -0.01520368, -0.010744043, 0.0080928095, 0.027445178, -0.009123844, -0.0006617856, -0.01642292, -0.020031543, 0.008804714, 0.02950725, -0.019687865, -0.0036495377, 0.0063416855, -0.009467523, 0.02721606, -0.022208173, -0.013076146, 0.0024528003, 0.020637073, 0.02042432, 0.009713007, -0.0035472524, -0.007123145, 0.003635218, -0.0058466247, 0.0008591961, -0.0022645954, 0.0021275333, -0.0059816414, 0.0067017297, 0.028247096, 0.011464131, -0.0073481724, 0.012732468, 0.004230518, 0.009721191, 0.010220342, 0.006456245, -0.004085273, -0.015498261, 0.0017593063, -0.0012601543, 0.0012570857, -0.01764216, -0.0151136685, 0.00536793, 0.0023014182, -0.0018124946, -0.011382302, 0.005527495, -0.008731069, 0.0025898626, -0.026708724, 0.005637963, -0.011120453, -0.019638767, 0.0025141714, 0.004214152, 0.02008064, -0.001352211, 0.015809208, 0.009042016, 0.003009232, -0.024204781, -0.009508437, -0.03420419, 0.0068081063, 0.0022891439, 0.013215254, -0.006165755, -0.00696358, 0.0067017297, 0.0033958703, -0.015277325, 0.010834054, -0.0064889765, -0.010539472, -0.01981879, 0.006853112, -0.004750127, -0.010130331, -0.015678283, 0.006476702, -0.004070953, -0.0035063385, -0.024875773, 0.011840541, 0.03281311, 0.0117505295, -0.009762105, -0.00568706, 0.016840244, -0.008362842, -0.015440982, -0.020735266, -0.0024875773, -0.023697447, -0.0023218752, 0.0031217458, -0.04880234, -0.03137293, -0.0017664663, 0.025579495, 0.004549648, 0.020031543, -0.0014524505, 0.007192699, -0.0010811551, 0.013616213, -0.002364835, 0.00096301566, 0.0026082739, -0.012356059, 0.023713812, 0.018607732, 0.026528703, -0.01584194, -0.012503349, -0.007691851, -8.361819e-05, 0.009672093, -0.011496862, -0.022960993, 0.0037006803, 0.018869583, -0.020555245, -0.03417146, -0.011824175, 0.009492071, 0.0040116278, -0.0066812728, 0.017740354, -0.0140908165, -0.0062230346, 0.012748834, -0.005650237, -0.0018094261, -0.020391587, -3.973143e-05, 0.005089714, 0.0082605565, 0.00035186126, -0.013477105, -0.020653438, 0.020702535, -0.008170546, 0.008354659, -0.01152141, -0.009729373, 0.0047460357, -0.0036106694, -0.012757016, -0.021193504, 0.001928077, 0.01741304, 0.0066689984, -0.012994318, -0.013959891, 0.04602018, -0.0016600896, -0.0032710824, 0.0034306473, 0.009361146, -0.027428813, 0.02222454, -0.011226829, -0.003037872, 0.014352666, 0.008354659, -0.009361146, -0.012724285, -0.010383999, -0.0011016121, 0.009680276, -0.002018088, 0.011325023, -0.011464131, -0.0092138555, -0.016259264, -0.018460441, -0.0054456666, 0.02301009, -0.008526498, -0.0018012433, 0.01424629, 0.018722292, 0.004586471, -0.02207725, -0.040357668, 0.0036884062, 0.015228228, 0.0055193123, 0.012020563, -0.0119551, 0.008526498, 0.037150003, 0.02117714, 0.014737259, -0.023255575, -0.014172644, 0.015882853, -0.014279021, -0.01120228, 0.017838547, -0.016021961, 0.014221741, 0.0037497773, -0.009508437, -0.009909395, 0.019540574, 0.003516567, -0.024335707, -0.0005768888, -0.0013286854, -0.0004556808, -0.0025816797, -0.0040525417, 0.008927457, 0.0133625455, 0.010891333, 0.0010832008, 0.011513228, 0.004418723, 0.015031841, -0.0059652757, 0.003412236, 0.00091647584, -0.005637963, -0.012740651, 0.023353769, -0.010261256, 0.005887539, 0.0068367464, -0.0036577205, 0.027723394, -0.0020201337, 0.014066268, -0.016643856, 0.0026307767, -0.0049137836, -0.004001399, 0.006329411, 0.0045946534, 0.01398444, -0.026741456, 0.007978249, -0.011194098, -0.017347578, -0.020767998, 0.0027801131, 0.024204781, 0.016619308, 0.008886542, -0.005294285, 0.01708573, 0.0024323433, -0.019311456, -0.024712117, -0.015645552, 0.0005768888, 0.028705332, -0.021275332, -0.009377512, 0.003154477, 0.0008162363, 0.03246943, 0.03266582, 0.0013133426, 0.014630882, 0.024155686, 0.008411939, -0.004373717, 0.034629695, 0.009565717, -0.018100398, -0.011226829, -0.01386988, 0.00722543, 0.008960188, -0.0077777705, 0.019998813, 0.018853217, -0.010474009, 0.0027698847, -0.00032270997, 0.011644153, 0.019655135, 0.00940206, 0.022175442, 0.0051633595, 0.016111972, 0.010564021, 0.0005318833, -0.0006628084, -0.033680487, -0.0031360658, -0.019720597, 0.0028823984, 0.0023259665, -0.009843932, -0.01572738, -0.013485287, 0.006595353, 0.012143305, -0.029720003, -0.004500551, 0.0003211757, 0.0126751885, 0.013378911, -0.015604638, 0.015899219, -0.017298482, 0.018607732, 0.007781862, -0.006939031, 0.017658526, -0.014696345, 0.0042264266, -0.013812601, 0.00821146, 0.0036393092, 0.0043941746, -0.007200882, -0.0009369329, 0.017854914, -0.011783261, -0.011300474, 0.013297083, 0.0068081063, 0.006746735, 0.023484694, -0.009721191, -0.0083587505, 0.02289553, -0.00014869719, -0.00091647584, -0.010408547, 0.006284406, -0.0032751737, -0.0052738274, -0.021831764, 0.013624395, 0.009434791, -0.019998813, 0.018853217, 0.00042601806, -0.005936636, -0.009933944, -0.013918977, 0.00908293, 0.002906947, 0.00951662, -0.008006889, -0.01726575, -0.020473415, -0.019589672, 0.0033160879, -0.0031810713, 0.026381413, -0.010874968, 0.0027473818, 0.014950012, 0.019229626, 0.0022359556, 0.021979054, 0.01445086, -0.0077286735, -0.0032792652, 0.0114314, -0.018362248, -0.0032526709, 0.0041098213, -0.018542271, 0.0034838356, -0.010465827, -0.00095023, 0.02109531, 0.0054824892, 0.0007635594, 0.022355465, 0.0047624013, -0.0098030185, 0.016447468, -0.016152887, 0.0066444497, 0.0041834665, 0.00066689984, 0.009254769, 0.003459287, 0.0014892733, 0.010654031, 0.02454846, 0.018525904, -0.015882853, 0.0016795238, -0.026021367, 0.0109649785, 0.012495167, -0.0026328224, 0.002953998, -0.0001948534, 0.008035529, 0.02135716, -0.0059407274, -0.025890443, 0.010915882, -0.015735563, -0.007871873, -0.00040658386, -0.010163062, -0.0033590477, -0.0065585305, 0.016856609, 0.0033999616, -0.016193802, -0.022682777, -0.020211566, -0.007192699, 0.0047624013, -0.011087721, -0.010318536, -0.010956796, -0.011030441, 0.0006469542, 0.008927457, -0.0061002923, 0.00052881474, -0.00018692629, -0.0084855845, 0.0011558234, -0.007663211, 0.018755024, 0.01030217, -0.004036176, -0.028361654, 0.02518672, 0.005011977, -0.0027698847, 0.02304282, -0.0033529105, -0.0061002923, 0.013714407, -0.0047051217, 0.027134232, 0.00010401131, -0.035840753, -0.015359153, -0.0024384803, -0.010547655, 0.034105994, -0.005646146, -0.011423217, 0.012642457, 0.010523107, -0.0077491305, 0.0138944285, -0.01323162, -0.023402866, 0.00255304, -0.017740354, -0.010940431, -0.024564825, -0.010064868, -0.012036928, 0.017805817, 0.002565314, 0.009132028, 0.029523615, 0.0062721316, 0.012961587, 0.018378614, -0.010490376, -0.0025121258, -0.0069022086, 0.03246943, 0.0106294835, 0.0073768124, -0.003682269, 0.010163062, 0.0201952, -0.0053842957, -0.0013777823, 0.010064868, -0.008342385, -0.024073856, 0.012658822, 0.01152141, -0.029376324, 0.0022134527, 0.008039621, 0.0040668617, -0.00055182894, -0.020964384, 0.030112777, 0.0041630096, 0.016111972, 0.016905706, 0.004709213, 0.0043859915, 0.012486983, -0.010392182, -0.007053591, -0.024466632, -0.00629668, 0.008861994, 0.005883448, 0.012298779, 0.007937335, -0.0015516672, 0.01798584, -0.0024793944, -0.030374628, 0.0046069277, 0.020555245, -0.013313448, -0.021373525, 0.0065339818, 0.0072990754, -0.0010371724, 0.017854914, 0.026626896, 0.00435326, -0.018738657, -0.0048646866, 0.016602943, 0.004921966, 0.003107426, 0.008845628, -0.017216653, 0.026103197, 0.005318833, 0.002156173, -0.013681675, -0.026070464, 0.0051429025, -0.0059325444, 0.004377809, 0.013976256, -0.021537183, 0.009524803, 0.002878307, -0.010032137, 0.026152292, -0.013002501, 0.023779275, 0.02454846, 0.0043819, 0.033549562, 0.0017306665, -0.009009285, -0.017282115, -0.0017490778, -0.012437887, 0.027772492, -0.017462138, -0.0022911895, 0.00031120286, -0.019491477, 0.0020569563, 0.0053556557, -0.0019597854, -0.014614517, -0.030129144, -0.008346477, 0.006734461, 0.013583481, -0.036135335, 0.01723302, 0.0086819725, -0.0065339818, 0.011775078, 0.004987429, -0.01625108, 1.6701264e-06, -0.020686168, -0.011758712, 6.993754e-05, 0.026037734, 0.0015751929, -0.009843932, -0.026741456, -0.021799034, 0.009246587, -0.0030481005, 0.004566014, -0.0023750635, 0.0032854022, -0.022470023, -0.012920673, 0.0037906915, 0.0059407274, -0.015981048, 0.010784957, -0.014475409, -0.008145997, 0.014295387, 0.0010484238, 0.0072581614, -0.010122148, -0.007724582, -0.0044269054, -0.0007773679, -0.0032056198, 0.014696345, -0.020980751, 0.0084855845, 0.0057320655, 0.021569913, 0.032944035, 0.0018707972, 0.007716399, -0.014835453, -0.010564021, 0.014761807, -0.0011916232, 0.0037620515, -0.0011701433, 0.005249279, -0.01163597, 0.011971465, -0.0060430127, 0.002080482, 0.0049137836, -0.0072090644, 0.0018084032, -0.019245993, -0.005568409, -0.005691151, 0.027657932, -0.0025755425, -0.017200287, 0.013918977, -0.010719494, 8.43214e-05, 0.019786058, -0.0073481724, -0.008886542, -0.00021147476, -0.01877139, 0.022453658, -0.022437293, 0.023713812, 0.014008988, -0.0060798354, -0.00089908735, -0.0302928, 0.015440982, 0.012765199, 0.009876664, 0.0007712308, -0.015375519, 0.015007292, 0.003905251, -0.030341897, 0.031798437, -0.016938437, 0.0011251378, 0.01105499, 0.009361146, -0.008861994, -0.01152141, 0.015040023, -0.0010361496, 0.0038581996, 0.028279826, 0.018640464, 0.019589672, -0.020898923, 0.0021664016, 0.007933244, -0.0062434915, -0.00693494, 0.005507038, -0.025677688, 0.011537776, 0.0056829685, 0.0011312749, 0.0057157, -0.003577938, -0.0072786184, -0.013215254, 0.0032056198, -0.0064889765, 0.004373717, 0.0031790256, -0.0005569432, -0.0144263115, -0.008379208, -0.015940133, 0.031700246, 0.0036945431, 0.028541677, 0.014033536, -0.0149172805, -0.0024159777, -0.009811201, 0.010474009, 0.011365937, 0.0022216355, -0.012053294, 0.01880412, 0.004175284, 0.0052656448, 0.030734671, -0.0074013607, -0.009475705, -0.01891868, 0.01392716, 0.0097457385, -0.020244297, -0.0107276775, 0.016619308, 0.022944627, 0.008649241, -0.005085623, -0.0010259211, -0.0051879077, 0.008829263, 0.0061698463, -0.01546553, -0.020686168, 0.0133625455, -0.0018411345, 0.020407952, 0.01636564, 0.017216653, 0.008477402, 0.01630836, -0.006853112, 0.021291697, -0.0028476215, 0.026643261, 0.01668477, -0.0028619412, 0.014565419, -0.008477402, -0.0072581614, -0.002898764, 0.023419231, -0.0046928474, 0.03093106, 0.0044596368, 0.02770703, -0.01715119, 0.016889341, -0.0100976, 0.00882108, 0.00042192667, 0.0073481724, -0.018231323, 0.00446782, 0.00025379527, 0.0021889044, -0.013779869, 0.018378614, 0.056166876, 0.0022625497, -0.007593657, -0.00025174956, 0.014549054, 0.0007983364, 0.008186911, -0.010760409, -0.009958492, 0.0103349015, 0.0045741964, -0.0050528916, -0.031209275, 0.0011906003, -0.010768591, -0.012257865, 0.008960188, -0.02060434, 0.0053556557, -0.014418129, -0.03305859, -0.02405749, 0.010383999, -0.005318833, 0.00661581, -0.00053444045, 0.040128548, 0.00024318318, 0.0009676185, 0.012945222, 0.013518019, 0.005740248, -0.009172942, 0.0037150003, 0.009663911, -0.0027146505, 0.018493174, 0.00377228, 0.0017726034, 0.008428304, -0.038459253, 0.021258967, -0.00033063706, 0.0196715, -0.007335898, -0.017953107, -0.00020278052, -0.0023586978, -0.009107479, -0.0046682986, -0.00658717, -0.031798437, 0.015596455, -0.016504748, -0.026332315, -0.011496862, 0.0053556557, -0.0067508267, 0.01798584, -0.0042427923, 0.0018687515, -0.015481896, -0.01918053, 0.011644153, 0.002460983, 0.0078064105, -0.019311456, 0.019982446, -0.02173357, -0.017723989, -0.012536081, 0.00045107797, -0.030014584, 0.0038581996, 0.012961587, 0.005740248, -0.0011343434, -0.0006254743, 0.03145476, 0.010686763, -0.0092138555, 0.00022681754, 0.040521324, -0.011087721, -0.007650937, 0.016210167, 0.015563724, -0.0020354765, -0.0113577545, 0.00725407, -0.009868481, 0.021438988, -0.0030071863, -0.009770287, -0.0023566522, 0.017396675, 0.0038152398, -0.013861697, -0.0014319936, 0.010048503, 0.0047255787, -0.011938735, 0.0020477506, -0.0047951327, -0.016545663, 0.017658526, 0.0034981556, 0.0027964788, -0.021373525, 0.007867781, -0.0152118625, -0.0063007716, 0.005224731, -0.010637666, 0.0016631582, -0.006726278, -0.005576592, 0.009393877, -0.019982446, -0.0012499258, 0.017102094, -0.0054538497, -0.0086819725, 0.009786652, 0.011709616, -0.0059161787, -0.007184516, -0.00083669333, 0.016717501, -0.0047746757, 0.013313448, -0.0050242515, -0.0006929826, -0.003917525, -0.012585177, -0.0052370047, -0.018231323, -0.016439285, 0.023713812, 0.004958789, -0.016652038, -0.0003953325, -0.01407445, -0.002164356, -0.012126939, 0.026414143, 0.0045782877, -0.0075486517, 0.029932756, 0.01816586, 0.01285521, 0.0046151103, -0.002565314, -0.003612715, 0.0022134527, 0.0120451115, -0.0021786757, 0.0022707325, -0.017887644, -0.02075163, -0.0031667515, 0.030521918, 0.021717204, -0.0015700785, -0.00068428833, 0.0065789875, 0.0035595268, -0.025219452, -0.019867888, -0.010400364, 0.015629187, -0.027690664, 0.0010811551, 0.015694648, -0.01801857, 0.0016754324, 0.00833011, -0.0011732118, 0.028345289, 0.00821146, -0.004966972, -0.0019147799, -0.005269736, -0.021046214, -0.0044841855, 0.015154582, 0.015244594, -0.005175634, -0.0069513055, -0.0036434007, 0.009385695, 0.0024712116, -0.02721606, -0.013509836, 0.0345315, 0.009467523, 0.01831315, 0.01813313, 0.011979649, 0.006566713, -0.011930551, -0.02661053, -0.012257865, -0.014868184, -0.001747032, -0.018984143, 0.006415331, 0.025481302, 0.024352072, 0.0032854022, -0.01711846, 0.026250487, -0.020948019, -0.020047909, 0.013812601, -0.021913592, 0.014279021, 0.0052329134, -0.020669803, -0.019327821, 0.034400575, -0.005666603, 0.004778767, 0.012437887, -0.002315738, -0.012937038, -0.010007589, -0.021340795, 0.016692953, 0.0064521534, 0.017576698, 0.020800728, 0.004390083, -0.011275926, 0.01111227, -0.017494868, -0.020113371, -0.0052820104, 0.008567412, 0.00035544124, 0.017052997, 0.02646324, -0.0064398795, 0.00015496215, -0.011275926, -0.0011476405, 0.022617314, -0.012536081, 0.002863987, -0.01355075, 0.024335707, 0.009328415, -0.008019163, 9.749063e-05, 0.009565717, 0.0042550666, 0.0061780293, 0.007675485, 0.001782832, 0.013051598, 0.015801026, -0.008551047, 0.022339098, 0.02364835, 0.02526855, 0.008845628, 0.009762105, 0.006308954, -0.007462732, 0.020506147, -0.004234609, -0.010310354, -0.0071640587, 0.0019423969, 0.037411854, -0.0025550856, -0.003905251, 0.01741304, 0.00080600777, 0.0013389139, -0.0113577545, -0.001484159, 0.010793139, 0.004561922, 0.012560628, 0.003847971, 0.016349275, 0.006423514, -0.019131433, -0.0062230346, 0.0120451115, -0.00065309135, -0.0040811817, 0.0031728884, 0.0018135175, -0.012176036, 0.003209711, -0.012306961, -0.026872382, -0.020146104, -0.026528703, -0.014786356, -0.023861103, -0.0006060401, 0.0062925885, 0.012462435, 9.40385e-05, 0.003807057, -0.015056388, -0.00026926593, 0.005617506, -0.033189517, -0.004349169, 0.006435788, -0.01099771, -0.0030501462, -0.01578466, -0.005110171, 0.010343084, -0.0042059696, 0.02484304, -0.012757016, -0.015768295, 0.01004032, 0.005228822, -0.013297083, -0.00224823, 0.0060348297, 0.018444076, -0.000790665, -0.0054047527, -0.0020988933, -0.028590774, 0.002225727, 0.028983548, -0.001623267, -0.014990927, 0.02620139, -0.026446875, 0.0078268675, 0.017773084, -0.016856609, 0.0140908165, -0.00815418, 0.0026860107, -0.014434495, -0.030800134, -0.02196269, -0.010293988, 0.004549648, -0.021373525, 0.010269439, -0.00945934, 0.008591961, -0.0033876875, -0.026561433, 0.010375815, -0.020784363, 0.004036176, 0.005318833, 0.0059652757, -0.009361146, -0.0019802426, 0.004966972, -0.024973966, 0.0032485796, 2.0177363e-06, 0.008043712, -0.021668108, -0.002878307, 0.0051142625, 0.0056788772, 0.0075895656, -0.0017306665, -0.010784957, -0.0042877975, -0.014557237, -0.0029703637, -0.0037129547, 0.0005252348, 0.002906947, 0.00016173856, -0.0020702535, 0.0024241605, 0.015220045, 0.0050938055, -0.0051879077, -0.0055438606, -0.0057320655, 0.016635673, -0.018378614, 0.0016682724, -0.0054743066, -0.015326422, 0.014671796, -0.00080907636, -0.013812601, 0.0024016576, 0.0019290998, 0.0014268792, 0.015056388, -0.004639659, -0.014557237, 0.0061289323, -0.016406555, -0.025399473, 0.0060511953, -0.02075163, -0.0029601352, -0.011308657, -0.01625108, -0.0008326019, -0.021586278, -0.0041773296, -0.003937982, -0.0069513055, 0.0031360658, 0.005768888, 0.003841834, -0.008861994, 0.040521324, 0.031389296, -0.006497159, 0.010760409, 0.00042115952, 0.003946165, 0.0038663824, 0.025988637, -0.022175442, -0.0175276, 0.022437293, 0.018885948, 0.0031912997, 0.028656235, -0.024335707, 0.010662215, -0.006865386, -0.012110573, 0.006869477, 0.012585177, 0.018722292, -0.007790045, -0.0010228525, -0.022993725, 0.0012437886, -0.00380092, -0.02649597, 0.015170949, -0.0054456666, -0.0055888663, -0.0007390109, -0.0017153237, 0.02060434, -0.006165755, 0.022453658, 0.023517424, -0.014360849, -0.0035492983, -0.009704825, -0.00253872, 0.0012918627, -0.0074504577, 0.009974858, 0.00014256006, 0.011145001, -0.003960485, -0.0052861017, -0.015539175, -0.012159671, 0.0060921097, -0.0006766169, -0.0051674508, 0.0087638, 0.010081234, -0.010858602, -0.007671394, 0.010768591, 0.00066383125, -0.005507038, 0.0004694893, -0.0068817516, -0.0077982275, -0.00049940776, 0.0003296142, -0.016144704, 0.005719791, -0.010400364, -0.012077843, -0.015244594, 0.03269855, 0.0123806065, 0.011824175, -0.016692953, 0.02376291, -0.00040019106, 0.018034935, -0.022126345, 0.012028745, 0.0044555455, -0.022731874, -0.009557534, 0.014491774, -0.0029171754, -0.013951709, -0.02376291, 0.0035881666, -0.012740651, -0.002530537, -0.022453658, 0.004027993, -0.00041783525, 0.0028967182, -0.0034367845, 0.010408547, 0.022600949, -0.01041673, 0.0042550666, -0.015792843, 0.003751823, -0.006943123, 0.015850123, 0.0005390433, -0.020489782, 0.008624692, 0.009672093, -0.0074463664, -0.0010484238, -0.029932756, -0.016709318, -0.023059187, 0.003993216, 0.015170949, -0.013436191, 0.0026614622, -0.024908504, -0.00087760744, 0.0034183732, -0.00029713864, 0.010654031, -0.017102094, 0.010269439, 0.014712711, -0.006259857, -0.010441278, -0.041241415, -0.01430357, 0.013043415, 0.017887644, -0.027036037, 0.011725981, 0.014344484, -0.022388196, -0.0028210273, -0.0041486896, -0.012339693, -0.027805222, -0.0030071863, 0.010948613, 0.008722886, 0.0047664926, 0.004897418, -0.01265064, 0.015072755, 0.0020907104, -0.014409946, -0.003142203, 4.7690497e-05, -0.006804015, 0.0030358261, 0.007761405, 0.010474009, 0.02721606, -0.00026798734, -0.0038643368, -0.005998007, 0.016267447, -0.0012294687, 0.014974561, 0.003072649, -0.010834054, 0.015326422, 0.0090174675, 0.03836106, 0.0034776984, -0.012413338, -0.00016237784, -0.012863393, 0.010874968, 0.0043450776, 0.021831764, 0.012503349, 0.0045741964, 0.024646655, -0.0014371078, 0.008755618, -0.017625794, -0.00023730178, 0.0073113497, -0.0053842957, -0.010482192, -0.010269439, 0.021455355, -0.009320232, 0.01903324, -0.031978462, -0.019916983, 0.004827864, -0.020064274, -0.011595056, 0.0025264458, -0.024008393, 0.0046682986, 0.0009967698, 0.007614114, 0.0035002013, 0.018755024, -0.019245993, 0.029621808, 0.011177733, 0.018542271, 0.022306368, -0.0049260575, -0.0015291645, -0.0018339745]"
遊園地,fromCluster,0.6106,66.0,3.1354,"[-0.004293843, 0.01108772, -0.0025900772, -0.0023923344, -0.0028178345, 0.038531594, -0.05500074, 0.023474893, -0.0047670132, -0.009053794, -0.028150097, 0.03827735, -0.018036965, -0.019477664, -0.021963572, -0.021723457, -0.027881732, -0.02885632, -0.003052654, -0.023150029, 0.014456409, -0.03748638, -0.015494559, 0.038983576, 0.010833479, 0.016850509, 0.0066702873, -0.0022969942, -0.019647157, 0.011751571, 0.028107723, -0.0027789923, 0.045565587, 0.035706695, 0.01225299, 0.04867297, 0.037684124, 0.0028478492, -0.00091367756, 0.0021910605, -0.009548151, -0.02586193, 0.01956241, 0.049124956, 0.0069916197, 0.020282758, -0.017740352, -0.03892708, -0.03892708, -0.025494693, -0.030763127, -0.010727545, 0.04000054, 0.047204025, -0.0053531793, 0.04437913, 0.0059040342, 0.017330742, -0.018446576, 0.025339324, 0.0031321044, 0.0048199804, -0.059209835, 0.011490268, 0.038164355, 0.026511656, 0.012867405, 0.039322563, -0.019181048, -0.00040828585, 0.04686504, -0.003386345, -0.011801006, 0.02110198, 0.03093262, 0.019520037, -0.022316685, 0.05008542, -0.0038912953, 0.013665439, -0.025409946, -0.035282962, -0.009661147, -0.019957896, -0.043475162, 0.030706627, 0.023545515, -0.045198347, -0.0013956756, -0.001217354, 0.0042479387, -0.033023044, -0.031384602, -0.005077752, 0.040961005, 0.019986145, -0.006652632, 0.0028478492, 0.0120693715, 0.029576669, 0.00019520478, -0.029943906, 0.020395754, -0.044972356, 0.019209297, 0.02898344, -0.0067267856, 0.027274378, -0.007945023, -0.07305183, 0.003080903, -0.0065502296, 0.036525916, 0.009880076, -0.034096505, 0.015551057, 0.0065219803, -0.05200635, 0.03994404, 0.0041985027, -0.016723389, -0.06423815, -0.015861796, -0.049718183, 0.024011623, -0.01874319, 0.039237816, 0.04680854, -0.00038687844, 0.003125042, -0.0076907817, 0.016073663, 0.030593632, -0.022274312, 0.0027224943, -0.0009984245, -0.032627556, 0.0032044924, 0.020960733, -0.022104817, -0.023602013, -0.015325065, -0.01792397, -0.004611644, -0.0062394906, 0.003153291, -0.017726228, 0.013510069, -0.014548219, -0.00046345964, 0.016384402, 0.024901465, -0.0030314673, 0.018969182, 0.00992245, -0.016426776, -0.054068524, 0.028432585, -0.050311413, -0.013079273, 0.007930898, -0.009442218, 0.0043009054, -0.016553896, 0.008933736, -0.03423775, 0.02381388, -0.046130564, 0.02519808, 0.01143377, -0.059831314, -0.029717915, 0.008714806, 0.0025300481, 0.01162445, 0.022443805, 0.014986077, 0.017245995, 0.0045374907, 0.023884503, 0.00024188179, 0.013841994, 0.03915307, -0.004759951, 0.013954991, -0.015028451, 0.009689396, -0.037090894, 0.0095764, -0.009484591, -0.0225568, 0.016596269, 0.013736061, -0.036554165, -0.020748867, -0.04621531, 0.0043609343, 0.00085717964, 0.030960869, 0.003061482, 0.015240318, -0.012373048, -0.021299722, -0.01382787, -0.014067986, 0.010649861, 0.009131479, -0.001044329, -0.020635871, -0.0057663205, 0.03062188, 0.018446576, 0.004880009, -0.015070824, -0.014004426, 0.020551125, -0.03341853, 0.018955057, 0.028008852, 0.010445056, 0.0020657058, -0.0053002127, -0.005974657, 0.0032468657, -0.013510069, -0.024435358, 0.02983091, 0.04550909, -0.026087921, -0.005314337, -0.025268702, -0.014604717, -0.021991821, 0.027076636, 0.003430484, -0.0023905688, -0.0031356355, -0.04573508, 0.01615841, -0.0075707235, -0.030198148, 0.004904727, -0.022076568, -0.007288234, 0.0072211423, -0.015494559, -0.018969182, 0.00951284, 0.025254577, -0.0050989385, -0.0041667228, 0.017020004, -0.022909913, 0.0048235115, 0.006327769, 0.022570925, -0.009322159, 0.01792397, -0.05175211, -0.020198012, -0.022796918, 0.016017165, -0.019138675, -0.03065013, 0.028022977, -0.0076907817, -0.02258505, 0.024986211, -0.054661755, -0.023376022, 0.015579306, -0.030960869, 0.015635803, -0.0075636613, 0.06271271, 0.03581969, 0.013587753, -0.0047352333, 0.015113198, -0.010233189, 0.0004149067, -0.016073663, -0.02954842, -0.0031833055, -0.027839357, 0.033305533, 0.019887274, -0.007217611, 0.015678177, -0.024124619, -0.036299925, -0.047514763, -0.006250084, 0.019265797, 0.014562343, 0.05418152, -0.042768937, -0.015409812, -0.0071081463, -0.000608677, 0.002450598, -0.01748611, -0.020141514, -0.014534094, -0.0037818307, -0.0063772043, 0.013524193, 0.016864633, -0.014858957, -0.018474825, 0.052034598, -0.007853213, -0.05776914, 0.00068238913, -0.008086267, -0.008079205, 0.004752889, -0.02542407, -0.01833358, -0.025085084, 0.0045692706, -0.0053637726, -0.019237546, -0.04271244, 0.004576333, 0.032825302, 0.020649996, -0.03226032, 0.028955191, 0.014188044, 0.0035929156, -0.018164087, 0.0067550344, 0.01033206, 0.055622216, -0.050254915, 0.025466444, 0.00998601, 0.04353166, 0.0047422955, 0.013467696, 0.022034194, 0.01912455, -0.0017823334, -0.010473304, -0.04183672, 0.031243358, -0.0122953635, 0.0057627894, -0.0031215108, 0.00033788415, -0.02841846, 0.0003754023, -0.01451997, 0.019407041, -0.03850334, 0.031525847, 0.0012491341, 0.016935255, 0.0050989385, 0.0045233658, -0.0032857081, 0.0017964578, 0.03751463, 0.044718117, 0.06327769, 0.035678446, 0.03912482, 0.0274015, 0.013213455, -0.014717712, -0.025409946, -0.054859497, 0.013298201, -0.0016719858, -0.019181048, 0.0073447316, 0.0043291543, 0.019534161, -0.026935391, -0.006857437, -0.02903994, 0.0035134654, 0.02829134, -0.02135622, 0.021370344, 0.053814285, -0.061469752, 0.0012350095, -0.012267115, 0.01789572, -0.0191528, -0.019166924, 0.012429546, 0.014258667, 0.031610593, 0.029774413, -0.00073976984, -0.015353314, -0.01360894, -0.008806616, -0.0039266064, 0.01613016, 0.013142833, 0.01836183, -0.01848895, 0.014986077, 0.05531148, 0.018404203, 0.0232489, 0.008319321, -0.03892708, -0.035763193, 0.03508522, 0.016878758, 0.025946677, 0.014675339, -0.0019421165, -0.022090692, -0.029096438, -0.036186926, 0.062486716, 0.010981786, 0.010854666, -0.04022653, 0.047006283, -0.020141514, -0.022034194, -0.022924038, -0.015000202, -0.019449415, 0.013616002, -0.015649928, -0.017599108, 0.01997202, 0.0033369092, 0.046752043, 0.008665371, 0.05858836, 0.0015704661, -0.026285665, -0.013446509, 0.02035338, -0.01997202, 0.008043894, 0.041384738, 0.024279987, 0.018178212, -0.0041843783, 0.008672433, 0.0047811377, -0.031921335, -0.000437859, -0.015748799, -0.012952152, 0.014180982, 0.012394235, -0.0083970055, 0.015734674, 0.027429748, 0.05282557, 0.06745853, -0.005928752, -0.066159084, -0.015635803, 0.009018483, -0.016299654, 0.017020004, 0.00118116, 0.012634351, 0.0287292, 0.002960845, 0.015861796, 0.0274015, -0.044576872, -0.025028586, -0.008418192, -0.048503477, -0.014760085, -0.019774277, 0.009555213, -0.037655875, -0.018700818, -0.00074374233, 0.0036864902, 0.008312259, 0.037288636, -0.017429613, -0.0073376694, 0.013248766, 0.014760085, -0.008488815, -0.016356152, -0.0098588895, -0.006518449, -0.06723254, 0.009802392, 0.002129266, -0.042062715, -0.020890111, -0.015240318, -0.033192538, 0.023545515, -0.0062288973, -0.051356625, -0.045848075, -0.013750185, -0.000992245, 0.0044845236, 0.0007689016, 0.014166857, -0.031017367, -0.0057380716, 0.0007185831, 0.034830976, 0.026243292, -0.0066491007, 0.016652767, -0.036243428, 0.0014707119, -0.020988984, 0.02353139, -0.028813947, -0.021666959, 0.032966547, 0.0016463852, -0.012916841, 0.008340508, 0.021525713, -0.018474825, 0.03587619, 0.02340427, -0.01987315, -0.034266, -0.00923035, -0.042825434, -0.0139196785, -0.0047352333, -0.004399777, 0.0023287742, -0.038757585, 0.037429884, -0.014421098, -0.0050989385, 0.014604717, -0.03641292, -0.0030349984, -0.02542407, -0.0065043247, 0.03039589, 0.034181252, -0.00028447594, -0.015734674, -0.027570993, -0.0037853618, -0.0039831046, -0.006476076, 0.0017364287, -0.008856052, 0.005459113, 0.015494559, -0.009569338, 0.017825099, 0.0029555482, -0.0072246734, -0.005204872, 0.0033157226, 0.007584848, -0.00020215668, -0.028828071, 0.009993073, -0.022980535, -0.030593632, 0.038418595, 0.013714874, -0.020762991, -0.021779954, 0.010106068, -0.008142765, -0.016765762, 0.018969182, -0.00875718, 0.013128708, 0.03146935, 0.050254915, 0.016850509, -0.016073663, -0.013058085, -0.0008549727, 0.0016534474, 0.0030420606, 0.028870445, 0.006271271, 0.02038163, -0.036215175, -0.015762923, 0.026921267, -0.01877144, 0.008524126, -0.015777048, 0.017217746, -0.0021080791, -0.0010628675, -0.015522808, -0.031554095, -0.0055615157, 0.046893287, -0.022726296, -0.014159795, 0.038785834, -0.0042797187, 0.021087855, -0.0024029277, 0.008735993, 0.025367573, -0.0009172087, -0.0068998104, 0.02040988, 0.008206326, 0.01848895, 0.01225299, -0.028743325, 0.042571194, -0.029407175, -0.014463471, -0.009406907, 0.017867472, -0.0047458266, -0.014534094, 0.00400076, 0.004551615, 0.025777183, -0.028305465, -0.013093397, 0.0106710475, -0.00030897307, -0.00598525, 0.0021804671, 0.042486448, 0.014131546, 0.0032645212, -0.004837636, -0.006885686, -0.04135649, 0.002538876, -0.009272723, -0.014534094, -0.0022969942, 0.01656802, 0.011688011, -0.01033206, 0.03912482, 0.014745961, 0.030847874, 0.009760018, 0.015325065, 0.01055099, -0.034096505, -0.00040365127, 0.018714942, -0.005663918, 0.007761404, 0.00026726173, 0.013375887, 0.008848989, 0.021313846, 0.016483273, -0.018008716, 0.002860208, -0.013453571, -0.015819423, 0.0050318474, -0.019859025, 0.03751463, 0.017118875, -0.026412785, 0.010416807, -0.009456342, -0.016539771, -0.017570859, 0.00089955307, 0.012026998, -0.012796783, -0.042090964, -0.004180847, -0.009760018, -0.0016075429, 0.026087921, 0.012337737, -0.0028107723, -0.008043894, -0.02432236, -0.026695274, -0.02286754, 0.0049223825, -0.0028831603, 0.011871628, 0.041525982, -0.018856186, -0.011292525, -0.035395958, -0.016991755, -0.017599108, 0.022076568, 0.025508817, 0.023107655, -0.0088843005, 0.02432236, -0.017782725, -0.0018891498, 0.008135702, 0.03536771, -0.003446374, 0.01861607, 0.0054132086, -0.030339392, -0.015452186, -0.021299722, 0.030480636, 0.0024806126, 0.034040008, 0.010529803, -0.04437913, -0.024731971, 0.015678177, -0.008856052, -0.017712103, -0.012669662, -0.018799689, -0.0064054537, -0.040791508, 0.020706493, -0.004491586, 0.01414567, -0.010522741, 0.005533267, 0.0066420385, -0.012337737, -0.022133067, -0.010212002, -0.003824204, -0.027316753, 0.020113265, 0.006479607, -0.024901465, -0.0022581518, -0.019929647, 0.0040819757, 0.015579306, 0.010593363, 0.014534094, -0.0049294448, -0.010374433, -0.031638846, -0.0064619514, 0.033446778, -0.003478154, 0.027359126, 0.014350476, -0.0055014864, 0.013524193, 0.01738724, 0.0137572475, 0.010155504, 0.010925288, -0.0024647224, -0.0019138675, -0.012450732, -0.0015969494, -0.00066429214, 0.010600425, -0.0026571685, -0.022768669, -0.01912455, -0.02435061, 0.02368676, 0.024901465, 0.00012237541, 0.0011502627, 0.0034569674, 0.029322429, 0.021822328, -0.018164087, -0.003732395, -0.028121848, -0.021059606, -0.035395958, 0.02025451, -0.0062606777, 0.01590417, 0.006518449, 0.009823578, 0.003442843, -0.0032345068, -0.004180847, 0.013277015, 0.016497398, 0.015197945, -7.227763e-05, -0.015607554, 0.012260052, 0.014802459, -0.0077119684, -0.005678043, 0.0369214, 0.021794079, -0.0019438821, -0.008771305, 0.009484591, 0.027062511, -0.012938027, 0.035508953, 0.015127323, -0.00060647004, -0.024590727, -0.04330567, -0.0005075986, -0.025974926, -0.010706359, -0.010889977, 0.014745961, -0.028107723, 0.010480367, 0.017429613, -0.016892882, -0.018729066, 0.01281797, 0.009971886, 0.001028439, 0.0007733155, 0.03395526, -0.019633032, -0.03562195, 0.0059993747, -0.0011626215, 0.022344934, -0.015042575, 0.033842262, 0.03884233, 0.018135838, -0.0065820096, -0.01887031, -0.0049576936, -0.010261438, -0.026878893, -0.028517334, -0.016539771, -0.0015775283, -0.031582344, 0.014915455, 0.022980535, -0.0071258023, 0.0072811716, 0.003735926, 0.0154804345, -0.014293978, -0.00431503, 0.016384402, 0.012217679, 0.009915387, 0.0021027825, -0.020014394, -0.029972155, -0.04155423, 0.022909913, 0.025748935, -0.0073659183, -0.008877238, -0.025932552, -0.033333782, -0.026059672, -0.0070481175, -0.022627423, 0.028672703, -0.00052834395, -0.005339055, 0.018065214, -0.028390212, 0.011751571, -0.024548354, -0.0396333, -0.0061723995, 0.010430931, 0.028347839, -0.02888457, -0.012302426, -0.023842128, 0.0018644319, 0.0043715276, -0.031045616, -0.00074241817, -0.032938298, -0.015678177, -0.017429613, 0.0030385295, 0.03581969, -0.03367277, -0.017189497, -0.017443737, 0.0044209636, -0.004993005, -0.020452254, -0.01600304, 0.0023552577, -0.008778367, 0.001759381, 0.014661214, 0.032345068, 0.0022687453, 0.024929713, -0.006596134, -0.033079542, -0.0065714163, -0.023135904, 0.03607393, -0.013382949, -0.00092162256, 0.033475026, -0.010134317, -0.036610663, -0.023376022, -0.016186658, 0.014675339, 0.003478154, -0.0037112082, 0.0023340709, -0.02629979, 0.0043079676, 0.00582635, -0.007104615, -0.027020138, -0.006214773, 0.008750117, -0.011567952, 0.052373588, 0.026935391, -0.003961918, -0.01572055, -0.0062818644, 0.018700818, 0.0016799308, -0.05279732, 0.0038771708, -0.007323545, -0.031215109, -0.0047175777, -0.021822328, 0.020777116, -0.013079273, -0.031102113, -0.018842062, -0.012041123, -0.031215109, -0.02819247, 0.03471798, 0.03310779, -0.022344934, -0.008326383, -0.005685105, 0.019746028, 0.030565383, 0.014675339, -0.044972356, 0.005960532, -0.0063489554, -0.037712373, 0.0063983914, 0.013658376, 0.012704973, 0.016723389, 0.0007649291, 0.010635736, 0.02642691, 0.016737513, 0.00035156723, 0.0029820316, 0.03367277, 0.008898425, 0.005713354, -0.028121848, 0.026864769, 0.01748611, 0.015819423, -0.010388558, -0.005928752, -0.008587686, -0.006850375, -0.019138675, 0.04242995, 0.02274042, -0.022189565, 0.0011696839, 0.0005477651, -0.045932822, 0.0060947146, 0.037599377, -0.03867284, -0.010904102, -0.0058757854, 0.013616002, -0.015395688, -0.01156089, -0.0064972625, 0.01326289, -0.010247313, -0.008870176, -0.039802797, 0.034604985, 0.023460768, 8.623659e-05, -0.04375765, 0.031130362, 0.006105308, -0.025353448, 0.027387375, 0.024166992, -0.004089038, 0.00031118005, 0.007796715, 0.011977563, -0.018149963, -0.0058051627, -0.0061688684, -0.0009410437, 0.024209365, 0.027966479, 0.010649861, 0.00011553386, -0.018432451, -0.0127826575, 0.019279921, 0.023743257, 0.027034262, 0.01669514, -0.022825167, -0.04709103, -0.021949448, 0.024689598, 0.005815756, 0.0043715276, -0.032966547, -0.0026165606, -0.0072811716, 0.0036017434, -0.027980603, 0.01389143, -0.021907074, 0.01449172, -0.0017558499, 0.0007644877, 0.010628674, -0.025353448, 0.0018202929, -0.017740352, 0.013623064, 0.013531256, 0.016709264, -0.013947928, 0.008538251, 0.0085665, -0.015423937, 0.002325243, -0.001723187, 0.0097953295, 0.021313846, -0.024237614, -0.006073528, 0.007471852, -0.0028831603, -0.016553896, -0.010247313, 0.016638642, 0.006338362, -0.0070869597, -0.013248766, 0.011850442, -0.014548219, 0.00910323, 0.025056835, -0.0023693822, -0.011539703, -0.00828401, -0.02012739, -0.0016181362, 0.0009737066, -0.033023044, 0.0018979775, -0.023828004, -0.016723389, 0.025664188, 0.011179529, -0.007026931, 0.02274042, -0.0051766234, -0.022613298, -0.02145509, -0.0027171976, -0.016101912, -0.02258505, -0.004961225, 0.030989118, -0.0077755284, -0.0006228015, -0.01382787, -0.014442285, 0.008262823, -0.0017355459, 0.034661483, 0.03036764, -0.018164087, -0.032429814, 0.0077119684, -0.014971953, 0.01902568, 0.012606102, -0.0012597274, 0.013947928, -0.0034181252, 0.00028822775, 0.0020215667, 0.0119705, -0.010007197, -0.011236027, -0.010656923, -0.022966411, -0.011002973, -0.014788334, 0.015762923, -0.019166924, 0.0036158678, -0.020805364, -0.001217354, 0.013841994, 0.0098588895, 0.018842062, -0.027048387, 0.0034075317, 0.020141514, 0.024816718, 0.014590592, 0.031582344, -0.023884503, -0.027839357, -0.019364668, 0.0028619736, 0.0024806126, 0.023842128, 0.017726228, 0.0025600628, 0.0063560177, -0.017288368, 0.02529695, 0.014703588, -0.00032442174, -0.0046857977, -0.00513425, 0.019491788, -0.0198449, 0.0266529, 0.003852453, 0.0009895967, -0.0057981005, 0.0012111745, -0.003919544, -0.00929391, -0.014675339, -0.003619399, -0.025381697, -0.0017699744, 0.003884233, 0.031243358, 0.011363148, 0.021313846, -0.023602013, -0.02841846, 0.016214907, -0.0034834507, -0.007535412, -0.00093574706, 0.020734742, 0.013750185, 0.0030703098, -0.033785764, 0.009978948, 0.008728931, 0.008276948, -0.008735993, -0.0058722543, 0.031073865, 0.002932596, -0.0069068726, 0.01216118, -0.0052966815, 0.010212002, -0.023164153, 0.015367438, -0.01055099, 0.024011623, -0.008121578, -0.033588022, -0.0039018886, 0.028347839, 0.023997499, -0.026257416, -0.020932484, -0.0021116103, -0.029689666, -0.041074, -0.017697979, 0.0020198012, 0.01874319, -0.021624586, -0.0068998104, -0.0150566995, 0.017471986, -0.011052408, -0.0017108282, -0.01697763, 0.00670913, 0.004752889, 0.0014230418, -0.01603129, 0.02120085, 0.007980334, -0.008778367, 0.03036764, 0.031299856, 0.018757315, -0.009173852, -0.01912455, 0.0063454243, -0.01779685, -0.020904236, 0.007210549, -0.0010663986, -0.0040396024, -0.0005040675, 0.010007197, -7.338111e-05, -0.010099006, -0.028672703, 0.012768533, 0.0031727122, -0.010536865, 0.022161316, -0.022712171, -0.014873082, -0.014195106, 0.018192336, -0.018658442, 0.019322295, -0.012168243, -0.010339122, 0.033249035, -0.01887031, 0.018601945, 0.0010178456, 0.012478981, -0.027429748, 0.0065255114, 0.016511522, -0.00013252739, -0.0053884904, 0.017683854, -0.023799755, 0.024562478, 0.0062041795, 0.0049753496, -0.033023044, -0.030028652, 0.037910115, -0.012846218, -0.014957828, -0.012147056, -0.008446441, -0.012189429, 0.002069237, 0.00592169, 0.02230256, -0.03646942, -0.0022864009, -0.0003261873, -0.01858782, -0.035395958, -0.013679563, -0.020649996, 0.0006117667, 0.0071611134, 0.0011352554, -0.009873014, -0.0051836856, 0.012606102, 0.008079205, 0.04327742, -0.016751638, 0.006105308, 0.0035576045, -0.0023446644, 0.010437993, -0.004205565, 0.0049753496, 0.007394167, 0.0018891498, -0.022641547, -0.0018361829, -0.0078108395, -0.03039589, 0.008898425, 0.0049294448, -0.0010505085, 0.020212136, -0.008841927, -0.01956241, 0.00434681, 0.012528418, -0.021285597, 0.025876055, -0.018093463, 0.022260187, 0.025664188, -0.018008716, -0.037373386, -0.010911164, -0.0074859764, -0.009950699, 0.011815131, 0.014251605, -0.03850334, -0.005787507, 0.005865192, -0.00724586, -0.02107373, -0.017528484, 0.01899743, -0.030508885, -0.024237614, -0.022514427, 0.011518517, -0.00087439385, 0.009964824, 0.0005155437, -0.0033210192, -0.00025556487, -0.00677269, -0.04646955, -0.02488734, -0.0046646106, 0.022839291, 0.009993073, -0.012669662, -0.022655671, 0.0054379264, 0.016850509, 0.015042575, -0.0091456035, -0.0009940106, 0.012394235, 0.008199263, -0.0052896193, 0.007288234, -0.02642691, 0.0011237792, -0.005201341, -0.011384334, -0.012930965, 0.04271244, 0.002214013, -0.00966821, -0.0069916197, 0.020593498, -0.04488761, -0.0069916197, -0.008714806, -0.019011555, -0.010247313, -0.0007022517, 0.009590524, -0.015494559, 0.022005945, 0.0150566995, 0.010091944, 0.03367277, -0.0069669015, -0.007683719, -0.0007154934, -0.0063524866, 0.006274802, 0.018107587, 0.007881462, 0.007803777, 0.031921335, 0.0015395688, -0.001345357, -0.0049576936, -0.0010187284, -0.0121329315, 0.0067938766, 0.002252855, -0.0037076771, 0.029972155, -0.01615841, -0.02135622, 0.006769159, -0.016723389, 0.0014927814, -0.002763102, 0.003603509, 0.0012341267, 0.0067550344, 0.0013329982, -0.0066385074, 0.007761404, 0.019138675, 0.0035823223, -0.037458133, -0.0037782995, 0.01789572, 0.008319321, 0.012754409, -0.01332645, 0.0028248967, -0.037345134, 0.044322632, 0.0024152868, 0.0034410774, -0.009639961, -0.012584915, 0.00066738186, 0.021977697, -0.008531189, 0.024717847, 0.023955125, 0.028587956, -0.009823578, 0.013390011, -0.04022653, 0.0018379485, 0.016765762, -0.0050954074, -0.025522942, -0.014131546, 0.011447894, -0.03748638, -0.022599174, -0.012853281, 0.023884503, -0.059605323, 0.020875987, 0.019534161, 0.004982412, 0.0066349762, -0.0036017434, 0.03669541, 0.024053996, -0.04550909, 0.016214907, 0.0066031963, 0.025904303, 0.014788334, -0.014110359, -0.010197877, -0.019294046, 0.0014389318, 0.029943906, -0.024675474, 0.00850294, 0.012351861, 0.0019633032, 0.006214773, -0.018248834, -0.012274177, 0.011271338, -0.030565383, -0.015014326, 0.0050954074, -0.003096793, 0.012394235, 0.016907007, 0.008580624, 0.0063807354, -0.012168243, -0.0066102585, 0.01625728, 0.010748732, -0.006073528, 0.029604917, 0.0396898, 0.007945023, 0.02176583, -0.0034216563, -0.00203216, 0.024039872, 0.006186524, 0.015960667, -0.025494693, 0.017274244, 0.03827735, -0.0039866357, -0.012832094, -0.0048058555, 0.037288636, -0.014392849, 0.012005812, 0.00056983466, 0.024562478, -0.014293978, 0.00516603, 0.013404136, -0.009350409, 0.0007556599, -0.009110292, -0.018955057, 0.0038171418, 0.020240385, 0.02466135, 0.014844833, -0.026822396, -0.010473304, 0.024731971, -0.0028778636, 0.0073094205, 0.011666824, 0.021864701, -0.005533267, 0.00043212093, 0.028390212, -0.020537, 0.006631445, -0.007549537, -0.020537, 0.013149895, -0.003282177, -0.020268634, 0.0018785563, 0.01887031, -0.042288706, 0.0009022014, -0.017839223, 0.003647648, 0.0054096775, 0.013743123, -0.006154744, 0.010784044, 0.013644251, -0.0008540899, 0.023333648, 0.019986145, -0.0036582414, -0.015367438, -0.017203622, 0.0069880886, 0.0013021008, -0.008248699, 0.0011908705, -0.0078108395, -0.007676657, 0.02542407, 0.00560742, -0.0009295676, -0.0004473489, 0.011066534, 0.010699296, 0.004841167, 0.0014115656, -0.012302426, -0.0045339596, 0.016116036, 0.015706426, -0.011002973, 0.0014027378, -0.009300972, 0.00966821, -0.0037147393, -0.005971126, -0.006589072, 0.029237682, -0.002245793, 0.0030826686, 0.007768466, -0.0054379264, -0.025904303, 0.0116527, -0.040593766, 0.010028384, 0.01726012, -0.0012067606, -0.010889977, -0.0025971394, 0.007500101, -0.0026942452, 0.006454889, -0.008700682, 0.00020745335, 0.009018483, 0.009004358, -0.0064725447, 0.034915723, 0.0026924796, -0.029237682, -0.0011935189, 0.017655605, 0.00045772156, -0.007980334, 0.011737446, -0.027641615, -0.0059464076, 0.008079205, 0.00554386, -0.0030226395, -0.010070757, 0.019421166, 0.018884435, -0.02217544, 0.0031886022, -0.011546765, -0.012916841, -0.0059428765, -0.003919544, 0.006592603, 0.01451997, 0.0055120797, 0.0009931278, -0.0032592246, 0.00901142, -0.007556599, 0.011977563, 0.00929391, 0.024746096, -0.0084605655, 0.008305197, 0.0067232545, 0.02258505, 0.00095781655, -0.0037218016, -0.002101017, 0.0068397815, 0.027952354, -0.00715052, 0.014957828, -0.00314976, 0.0049153203, 0.023743257, -0.041949715, -0.007959147, -0.0045127724, -0.00017490084, -0.023446644, 0.03389876, 0.022161316, -0.0072246734, 0.012500168, 0.02557944, 0.005776914, 0.025692437, -0.020805364, -0.018757315, -0.002967907, 0.003004984, 0.012182367, -0.011207778, -0.005483831, 0.0022916975, 0.0132699525, -0.0004647838, -0.0114196455, -0.019859025, -0.008213388, -0.0041208183, -0.03531121, 0.007930898, -0.0053002127, -0.0019015087, 0.019859025, -0.009322159, -0.005226059, -0.0029467205, -0.0028072412, 0.004932976, -0.010452118, -0.003093262, 0.007002213, -0.0052649016, 0.0042267516, 0.016511522, -0.01039562, 0.019449415, -0.024873216, -0.004459806, 0.01656802, 0.011786882, -0.019364668, -0.0036900213, -0.01115128, -0.0002416611, -0.01682226, 0.010579239, 0.01902568, -0.010791106, -0.003944262, -0.017034128, 0.0009066153, 8.1436476e-05, 0.0009851827, -0.018135838, -0.010275562, -0.008058018, -0.0013524194, 0.0045233658, -0.031525847, -0.0099577615, -0.0037994862, -0.00081083365, 0.02478847, 0.003824204, -0.011165405, -0.022472054, 0.012761471, 0.0054061464, -0.032740552, -0.002872567, 0.01899743, -0.0062853955, -0.0022987598, 0.006913935, 0.01751436, -0.012584915, 0.034124754, 0.0056250757, 0.012182367, -0.0048482292, -0.023474893, -0.011186591, -0.016666891, -0.00041314116, 0.009689396, 0.015960667, 0.00033302885, -0.013990302, -0.0038665775, -0.0031938988, 0.007139927, -0.00724586, -0.0073800427, -0.010960599, 0.006483138, -0.009844765, 0.005279026, -0.021949448, -0.012697911, 0.0045198346, -0.00806508, 0.011899877, 0.023545515, 0.01710475, 0.013799621, 0.005565047, -0.008446441, -0.02368676, 0.0001854942, 0.008199263, -0.0045904573, -0.00013484468, -0.0055579846, -0.00314976, -0.020480502, 0.008997296, 0.0059110965, 0.010324998, -0.0070763663, -0.0057345405, -0.0003758437, -0.011871628, 0.006045279, 9.743687e-05, -0.007175238, -0.0033951728, -0.0049506314, -0.018291207, 0.013029836, -0.008178076, 0.034633234, 0.031921335, -0.0074577276, 0.0063842665, -0.0053037438, 0.0037076771, -0.029717915, 0.00850294, 0.02378563, -0.0014627669, 0.012796783, 0.021440966, -0.016412651, -0.015169696, -0.010120193, 0.023234775, 0.0046610795, 0.004646955, -0.004406839, 0.027514495, 0.0004023271, -0.004067851, -0.008291072, -0.00047052186, -0.017867472, 0.005978188, 0.011892815, 0.037881866, 0.006853906, -0.022528552, -0.0031285733, -0.0032751148, -0.011645637, 0.020607622, 0.0053355237, -0.018446576, 0.0013188737, 0.0144069735, -0.018248834, -0.006567885, 0.0004513214, -0.00054864795, 0.011490268, -0.006507856, 0.0012341267, -0.011871628, -0.00035576045, 0.0106710475, 0.0034940443, 0.011186591, -0.0068256566, -3.8621634e-05, 0.008206326, -0.0058228187, 0.023983374, -0.0037747684, -0.0015122026, 0.019675406, -0.02132797, -0.025890179, -0.022359058, -0.014971953, 0.008029769, -0.014971953, 0.007065773, 0.011645637, -0.012606102, 0.014414036, -0.010826417, -0.005233121, 0.015113198, 0.018856186, -0.012147056, -0.003965449, -0.015452186, 0.0049718185, -0.012429546, 0.0076695946, -0.004961225, -0.0057310094, -9.180915e-05, -0.009096168, -0.005974657, 0.010007197, -0.0011688011, 0.005783976, -0.0045728018, 0.010388558, 0.0072741094, -0.01370075, -0.021652834, 0.00034141526, -0.016370276, -0.017697979, 0.01710475, 0.0018044028, -0.014590592, 0.018644318, -0.0056992294, -0.010084881, -0.014025613, 0.004233814, 0.007330607, 0.007697844, 0.0044527436, 0.03604568, -0.018390078, 0.013926741, 0.027669864, 0.010974724, 0.0076695946, 0.0048023243, -0.0022722764, 0.02793823, -0.0021787016, -0.03062188, 0.023206526, -0.011243089, 0.0016048945, 0.01518382, -0.0027948823, 0.00513425, -0.009710583, -0.010953537, -0.021144353, 0.0140821105, -0.015042575, -0.004103163, 0.011709197, -0.025819557, -0.0110594705, 0.017556734, 0.0005411443, 0.01177982, -1.1848566e-05, 0.014378725, 0.01700588, 0.003961918, -0.007676657, 0.0022193096, 0.008891363, -0.0126202265, 0.010819355, -0.008029769, 0.01754261, -0.0012994525, -0.021525713, 0.029181184, 0.007867337, 0.01587592, 0.008206326, -0.0065537607, -0.0055827023, 0.0071611134, -0.0008081853, 0.005307275, 0.010310873, -0.00475642, 0.00027432397, 6.179462e-05, 0.011257214, -0.018785564, 0.0016093084, 0.017584983, 0.011695073, 0.00038069897, -0.0043891836, 0.010437993, -0.0022210751, -0.0003312633, -0.010416807, 0.003735926, 0.01518382, 0.019957896, -0.01184338, -0.023743257, -0.020155638, 0.003257459, 0.004067851, 0.0021133758, 0.006518449, 0.0133335125, 0.0005627724, 0.022344934, 0.01420923, 0.013121646, 0.0024170524, -0.022090692, -0.011080658, -0.012902716, 0.0075142253, 0.0025918428, 0.010494492, -0.002116907, 0.011024159, -0.0034234219, 0.03531121, 0.0022969942, 0.0034852165, 0.0057310094, 0.030565383, 0.005339055, 0.022811042, 0.018827938, 0.017655605, 0.030593632, 0.00822045, -0.026667025, 0.008510002, 0.014534094, 0.023729132, -0.010254376, -0.0073659183, 0.009025545, -0.029915657, -0.0041879094, -0.032345068, 0.010289687, 0.011405521, -0.0031903677, -0.00759191, 0.009541089, -0.027909981, 0.009406907, 0.035904437, 0.010148441, 0.003080903, -0.02450598, 0.022288436, -0.02148334, 0.020904236, -0.032429814, 0.0100213215, -0.013277015, -0.022133067, -0.0029714382, 0.015226194, 0.021794079, 5.7932452e-06, -0.021370344, -0.010960599, 0.010819355, 0.004982412, -0.0023393678, -0.0117445085, -0.0056603868, -0.01559343, 0.0043644654, -0.010162566, 0.0004420522, -0.019618908, -0.020777116, 0.003515231, -0.02299466, 0.023616137, 0.0062853955, -0.019957896, 0.001225299, 0.0018750252, 0.025000336, -0.005600358, -0.009343347, -0.004784669, -0.0020674714, 0.003474623, -0.0040396024, -0.01190694, -0.007874399, -0.017697979, -0.007839088, 0.0029996873, 0.0041914405, 0.006776221, 0.008834865, 0.0137572475, 0.013503007, -0.02542407, -0.0022864009, -0.016751638, -0.011356086, 0.020847738, 0.016243156, -0.019181048, -0.005279026, -0.019209297, 0.0133335125, -0.011582077, -0.013390011, 0.0036900213, 0.00020039112, -0.0006214773, -0.009505778, -0.013361761, -0.0073094205, -0.0072211423, 0.01987315, -0.002056878, -0.0021398594, 0.02148334, -0.0055014864, 0.008036831, -0.0025300481, -0.00277193, -0.007923836, 0.003735926, 0.037119143, -0.021511588, 0.0006294223, -0.0076625324, 0.010699296, 0.0046822666, -0.013043961, -0.014477596, -0.0051236567, -0.006412516, 0.009717645, 0.0038736397, -0.010776981, 0.02629979, -0.028785698, -0.001795575, 0.016144285, -0.0069068726, 0.0012676724, -0.005667449, 0.01946354, -0.00101608, -0.006924528, 0.0025353448, 0.0036141023, 0.0005014192, 0.0027648676, -0.02040988, -0.02563594, 0.0064019226, 0.0027419154, -0.01216118, 0.024463607, -0.007867337, -0.018220585, 0.013227579, -0.00024806126, -0.016991755, -0.025537066, 0.004728171, 0.040904507, 0.015579306, 0.0023640855, 0.015423937, -0.0013118115, 0.0001880322, 9.5726486e-05, -0.013714874, -0.0038206729, 0.011045346, -0.030960869, 0.011815131, -0.006952777, -0.02043813, -0.019068053, 0.013524193, 0.0042797187, 0.015268567, -0.010798168, -0.020282758, -0.010812293, 0.01751436, 0.008389943, 0.016681015, -0.0011264276, -0.014357538, 0.0010902336, 0.003093262, -0.0036335236, -0.028799823, 0.009435155, -0.029604917, 0.006589072, 0.013686625, -0.0055120797, 0.023856252, 0.028489085, 0.011553828, 0.012189429, -0.020367505, -0.017556734, 0.0009172087, -0.0013550677, -0.020593498, -0.0059040342, 0.0032627557, 0.0038418595, 0.012832094, -0.02888457, 0.010621612, 0.017500235, 0.013799621, -0.013637189, 0.01615841, -0.0019880212, -0.015777048, -0.0012111745, -0.0028990502, 0.004435088, -0.020268634, -0.016737513, 0.03039589, 0.0046575484, 0.0036653036, -0.009978948, 0.021850577, 0.02422349, 0.015762923, -0.015621679, -0.007726093, 0.01738724, -4.176654e-05, -0.0050071296, 0.021681083, 0.0019862556, -0.0050353785, -0.014873082, -0.00812864, 0.012923903, -0.011871628, 0.01789572, 0.031554095, 0.0011670354, 0.014258667, 0.018672567, 0.020494627, -0.008404068, 0.031017367, 0.03641292, 0.005271964, 0.00510247, -0.0062324284, 0.016596269, 0.020268634, 0.002658934, -0.028022977, -0.024138743, 0.027076636, 0.014548219, 0.008750117, 0.013651313, -0.025833681, -0.02406812, -0.0010399151, 0.014173919, 0.00834757, -0.023672635, -0.0014080345, -0.00043719693, 0.008467628, 0.008799554, -0.020494627, 0.018531322, 0.014590592, 0.02163871, 0.0034728574, 0.0038206729, 0.0005835177, 0.0032044924, 0.020169763, -0.015339189, 0.004470399, -0.00674091, -0.007923836, -0.002611264, -0.0121329315, 0.0026059672, -0.016101912, -0.0066455696, 0.019590659, -0.033051293, -0.009519902, 0.009124417, 0.004989474, -0.014505845, 0.004908258, 0.011688011, -0.014576468, 0.014873082, 0.021257348, -0.025240453, -7.5863926e-07, -0.0075707235, 0.0021716394, 0.006507856, 0.026878893, -0.011101845, -0.00828401, -0.0056215446, -0.010685172, 0.010889977, 0.0016605096, -0.005014192, 0.019703655, -0.012055247, -0.017599108, -0.0036511791, 0.0029414238, -0.017599108, -0.020085016, 0.005190748, 0.043588158, 0.0057733827, 0.025890179, -0.0048517603, -0.009258599, 0.015536932, 0.0021151414, -0.01137021, -0.0095975865, 0.0135948155, 0.009689396, -0.02721788, 0.02012739, 0.009392782, 0.039576802, 0.00118116, -0.006041748, -0.0009993073, -0.019166924, 0.006077059, -0.016356152, 0.006659694, -0.0013700749, -0.013474758, -0.006769159, -0.008587686, 0.009237412, -0.018545447, -0.0054061464, 0.0022440273, -0.004752889, 0.008538251, -0.02148334, 0.0032115546, 0.0043715276, -0.010706359, 0.0032309757, -0.006737379, 0.028489085, -0.025932552, 0.0042196894, 0.0020427534, 0.009484591, 0.012415421, 0.021426842, -0.0038453909, 0.029689666, 0.006274802, -0.006423109, 0.0080721425, -0.018178212, -0.0049753496, -0.0073659183, 0.0024647224, 0.001430104, -0.020198012, 0.0003398704, -0.010056633, -0.009809454, 0.017048253, -0.004113756, 0.0047352333, -0.009865952, 0.021342095, 0.014414036, -0.013361761, -0.010663985, -0.0017223043, 0.026878893, -0.014477596, -0.012302426, 0.009152666, 0.005808694, 0.00201627, -0.0064372336, -0.018559571, 0.00746479, -0.0072317356, -0.01253548, 0.019209297, 0.0063101132, 0.011899877, 0.007959147, -0.00092162256, 0.01751436, 0.011666824, 0.0013171082, -0.004876478, 0.024392983, -0.008234574, 0.0018785563, -0.021525713, 0.004212627, -0.0034799196, -0.018658442, 0.019209297, 0.015932418, -0.012584915, 0.008679495, 0.008276948, -0.0066349762, 0.0018997431, -0.0004334451, -0.010437993, 0.031977832, -0.021836452, 0.0031003242, 0.020890111, 0.0023835066, 0.0077119684, 0.02355964, -0.0046222373, -0.008700682, -0.024604851, 0.014887206, 0.010169628, -0.00063162926, -0.01590417, -0.0048835403, 0.0051413123, 0.00045242487, -0.0038418595, -0.005088345, -0.018178212, 0.008622997, -0.012288301, 0.0029343616, -0.005314337, 0.033079542, 0.0026695274, 0.00044337637, -0.0044845236, 0.012542542, 0.017726228, -0.005776914, 0.014548219, 0.02409637, 0.027104884, 0.0027807578, -0.0068256566, 0.0024576602, -0.009724707, -0.015819423, -0.021130228, -0.00028403456, -0.021214975, -0.0043397476, 0.02189295, 0.019774277, -0.014039737, -0.020085016, 0.00035178792, -0.022599174, 0.008771305, -0.022924038, 0.0021804671, 0.033023044, -0.019957896, -0.012959214, -0.0025176893, -0.008255761, 0.004576333, 0.03175184, 0.0026924796, -0.007704906, -0.00406432, 0.03093262, 0.016808135, 0.005420271, 0.0028831603, 0.0054132086, 0.0060841213, 0.0014592358, -0.006889217, -0.01134196, -0.013587753, -0.0047352333, -0.003827735, -0.016681015, -0.0067267856, 0.01930817, -0.024209365, -0.029887408, -0.011137156, -0.002176936, 0.0008580624, 0.0034552019, 0.006182993, 0.028700951, -0.013566567, -0.0069068726, 0.0094704665, 0.0010814058, 0.008425254, 0.0067620967, 0.0023640855, -0.0009692927, -0.007030462, 0.0045198346, 0.014957828, 0.0015943011, 0.016652767, -0.025085084, 0.0025212204, 0.013806683, -0.008375819, -0.027345002, -0.0034675607, 0.0036105711, 0.012076434, 0.024477731, 0.00042726565, -0.0018556041, -0.02091836, 0.016765762, 0.01442816, -0.0017249526, -0.015084948, 0.018503074, -0.0064372336, -0.019039804, -0.0118080685, 0.0019350543, -0.038390346, -0.017048253, -0.005462644, 0.02901169, 0.003185071, -0.012041123, 0.013990302, -0.018813813, -0.0018026372, -0.002980266, 0.005685105, 0.0045657395, -0.020762991, -0.010127255, 0.00316565, 0.020692369, 0.012839156, 0.0043609343, -0.015197945, -0.0050600963, 0.020268634, 0.0088843005, -0.015649928, -0.013397073, 0.016836384, 0.014534094, -0.027881732, -0.011250151, 0.012888592, 0.017712103, 0.016765762, 0.010473304, 0.015014326, 0.0025371104, 0.016200783, 0.0029378927, -0.0020145045, -0.010720483, 0.01943529, -0.011299587, -0.008029769, 0.001896212, 0.0013638955, -0.0045198346, 0.026285665, -0.0056497934, 0.0150566995, -0.030763127, -0.015607554, -0.0033987039, -0.015649928, 0.013601878, -0.0111583425, -0.0019456476, 0.010063695, -0.0021539838, 0.011730384, -0.0018909153, 0.015692301, 0.012916841, -0.004290312, 0.010685172, 0.008305197, 0.0071293334, -0.022599174, 0.0029661416, 0.016017165, 0.030169897, 0.013672501, 0.018884435, -0.0035999778, -0.00406432, 0.0057062916, 0.008940798, -0.00082407537, 0.0143434135, -0.011666824, -0.00017710778, 0.002053347, -0.017768601, -0.005928752, 0.018969182, -0.012330675, -0.0032327413, 0.0039336686, -0.02286754, 0.0049153203, 0.025085084, 0.014385787, 0.03584794, 0.0057981005, -0.023757381, 0.013785496, 0.008637122, 0.037006147, 0.010925288, 0.0044809924, -0.018573696, -0.013616002, 0.019760152, 0.0055050175, 0.02322065, -0.0062359595, 0.009915387, -0.0024099902, -0.0033351437, -0.018277083, -0.029576669, -0.0030491229, -0.0011546765, -0.019407041, -0.013460633, 0.022373183, -5.2635773e-05, 0.002671293, -0.0008615935, -0.0035646667, 0.015282691, -0.006274802, -0.015536932, 0.02040988, 0.003080903, 0.01061455, 0.0062112417, 0.019053929, 0.0048093866, 0.012302426, -0.0012429546, 0.0065749474, 0.011864566, 0.005395553, -0.034689732, 0.0006016147, 0.038701087, -0.0013515366, 0.0013691921, 0.0051872167, 0.03401176, 0.013834932, -0.0068644993, -0.000883663, -0.01464709, 0.011144218, 0.006747972, -0.022599174, 0.009873014, 0.011942252, 0.018601945, 0.01420923, -0.005420271, 0.025311075, 0.0037112082, -0.020282758, 0.027260253, -0.00035355348, 0.013573629, 0.01723187, 0.0008876355, -0.030113399, 0.013227579, -0.005374366, -0.010833479, -0.0019897867, -0.001980959, -0.016299654, 0.0011670354, 0.00024739918, 0.023390146, -0.030000404, 0.002715432, 0.006423109, 0.0033068948, -0.028460836, 0.016101912, -0.025226329, 0.005632138, 0.024675474, 0.029237682, 0.013029836, 0.012803845, 0.029661417, 0.0021963574, 0.008658309, 0.0143434135, -0.0056462623, 0.027288502, 0.0035664323, 0.0011935189, -0.030424139, 0.016313778, -0.021384468, 0.021059606, 0.024407107, -0.0051448434, -0.012245928, 0.027387375, -0.0060594035, 0.011786882, 0.011885753, -0.003848922, 0.007178769, -0.0011264276, 0.024138743, 0.01858782, 0.0007088725, 0.015381563, 0.0059464076, -0.014901331, 0.0005234887, -0.008764242, -0.0116527, 0.013015712, -0.010219065, 0.033927012, 0.00077949493, 0.0060982457, 0.0018450107, 0.0027101354, 0.014632965, -0.016737513, 0.0013268187, 0.012690849, -0.0136936875, 0.022952287, 0.025113333, 0.0030420606, -0.0032451001, -0.010875853, 0.005932283, 0.015367438, 0.0013003353, 0.009110292, -0.009830641, 0.0075707235, -0.020734742, 0.003990167, -0.003767706, -0.014703588, -0.004526897, -0.006154744, -0.015409812, -0.020706493, -0.00097547215, 0.030593632, 0.010586301, 0.014858957, 0.0008730697, 0.011285462, 0.0005446754, 0.0063489554, 0.00029131747, 0.0054697064, 0.0019297577, 0.015127323, 0.0026006706, -0.008517064, -0.0047493577, -0.0041667228, -0.011836317, 0.010692234, -0.00822045, -0.019915523, 0.011949314, 0.016384402, 0.0055579846, -0.009350409, -0.0006656163, 0.008142765, 0.008058018, 0.0026801208, 0.0034075317, -0.0028372556, 0.0020180356, 0.02079124, 0.00061000115, 0.00014400353, 0.00092162256, -0.012401297, 0.023842128, 0.020522876, -0.00033258746, 0.007803777, -0.03251456, 0.006599665, -0.018248834, -0.012500168, -0.026031423, 0.0023941, -0.0066102585, -0.018418327, -0.004763482, -0.00086071074, -0.00092162256, 0.0012659068, -0.01754261, -0.016342027, -0.012987463, 0.008863114, -0.006327769, -0.005399084, 0.0013100458, -0.009082044, 0.006327769, 0.011398459, 0.010084881, -0.00746479, -0.00519781, -0.0059146276, -0.006327769, 0.0069880886, -0.030000404, 0.009541089, 0.014477596, 0.0006872444, -0.013284077, -0.0037288638, -0.0052154656, 0.03776887, -0.012394235, 0.013707812, 0.017584983, -0.00910323, 0.017401364, 0.0057274783, 0.014943704, -0.0011061237, 0.00812864, 0.0009127948, -0.008552375, -0.027359126, 0.022373183, 0.009915387, -0.012147056, 0.028121848, -0.0018255896, -0.0075212875, 0.017740352, 0.019661281, 0.0064690136, 0.005678043, -0.009689396, -0.015409812, 0.0028990502, -0.041158747, -0.018262958, 0.011977563, -0.0154804345, -0.007005744, -0.011786882, -0.01231655, -0.002217544, -0.0045939884, -0.008686557, 0.027669864, -0.0062924577, 0.0016066601, -0.023150029, -0.009724707, 0.008983172, 0.019265797, 0.014788334, -0.01792397, 0.012041123, 0.0012473685, 0.013029836, -0.003739457, 0.017118875, 0.009421031, -0.004841167, 0.014124484, 0.0039831046, 0.010798168, 0.008933736, -0.015522808, 0.013834932, 0.017740352, 0.0051095323, -0.0035452454, -0.001144966, 0.018390078, -0.004258532, -0.0019986145, -0.022387307, -0.009964824, 0.02507096, -0.0075636613, 0.0039795735, -0.02355964, 0.026808271, 0.0055862335, -0.010247313, 0.03395526, 0.017274244, 0.02107373, 0.0053319926, -0.025932552, 0.00039239583, 0.0013100458, -0.0068256566, -0.003109152, -0.0010663986, 0.0033051292, 0.02519808, 0.0026889485, -0.010762856, 0.010056633, 0.0067515033, 0.012224741, -0.019957896, -0.016596269, 0.0010010728, 0.017189497, 0.0036829591, -0.007295296, -0.01420923, -0.0009834172, 0.0015174992, -0.008990234, 0.0038453909, 0.0016260812, -0.003294536, -0.014534094, -0.008898425, -0.024844967, 0.013072209, -0.00041976201, -0.0045163035, -0.008651246, 0.012528418, -0.014971953, 0.010127255, -0.01017669, 0.018093463, 0.017443737, 0.022825167, -0.014915455, -0.011546765, -0.020706493, -0.015706426, 0.011546765, -0.012704973, 0.0013921445, 0.0058404743, 0.0012879764, -0.0033527995, 0.014632965, 0.0064372336, -0.017641481, -0.02135622, 0.007789653, 0.013856119, -0.013503007, -0.006518449, 0.021977697, -0.0056568556, 0.011377272, -0.023390146, 0.0070198686, -0.0014486423, 0.013128708, 0.005169561, -0.010798168, 0.013347637, 0.012358923, -0.030000404, 0.0062536155, -0.0147318365, -0.013672501, -0.010014259, 0.005748665, 0.01656802, -0.011688011, 0.0030473573, -0.010494492, -0.010819355, 0.030678378, -0.01464709, 0.00951284, -0.014957828, -0.0024117557, 0.007443603, -0.009279786, -0.002189295, -0.029350678, -0.0012350095, -0.0013171082, 0.012302426, 0.0040713823, 0.008771305, -0.012761471, -0.035282962, -0.011377272, 0.0062889266, -0.0043715276, -0.0025282826, 0.007817902, 0.005755727, 0.013933803, 0.014703588, -0.004611644, -0.053390548, 0.012464857, -0.0010125489, -0.003061482, -0.013255828, 0.0037112082, 0.0063171755, -0.0021751705, 0.0061688684, -0.022076568, 0.053786036, -0.00035112584, 0.0017205387, -0.0027242599, -0.0068468438, 0.0048941337, -0.0044209636, 0.03364452, -0.004491586, 0.020085016, -0.0022758076, 0.01108772, 0.00049259135, -0.013241704, 0.013171081, -0.01546631, 0.02847496, -0.0066102585, 0.0048588226, 0.0030314673, -0.013792559, -0.0016384402, 0.014802459, 0.0069033415, -0.00062456704, 0.020565249, 0.009428093, 0.005893441, -0.0008726283, -0.0053249304, 0.009682334, -0.018955057, 0.0033686894, 0.0003403118, -0.007146989, 0.0033351437, 0.006776221, -0.033249035, -0.017881596, 0.0014212762, -0.022260187, -0.0031515255, 0.00041358254, -0.014717712, 0.0051554367, -0.02233081, 0.030593632, 0.00021870881, -0.0040360712, 0.009251537, -0.009463404, 0.006479607, 0.009760018]"
絶叫マシン,fromCluster,0.6685,73.0,3.4679,"[0.016812678, -0.010515024, 0.0036564735, -0.0155772865, -0.021811042, 0.014739493, -0.065489925, 0.031353373, -0.0018903613, 0.029734584, -0.027959596, 0.013993998, 0.024182424, 0.0034115252, -0.013106504, -0.03033098, -0.030529778, -0.028612792, 0.02889679, -0.0058681075, 0.0069188997, -0.0076182447, -0.00962753, -0.017650472, -0.038907718, -0.0012921906, -0.030898975, 0.004788915, -0.07355546, -0.03444895, -0.00060305186, 0.008491538, -0.019468058, 0.053192813, 0.020973248, 0.02486402, -9.351963e-05, -0.017607871, 0.034136552, -0.040668506, 0.011636815, 0.007004099, -0.0277182, 0.010657023, -0.010259425, 0.01642928, -0.021157846, 0.024594221, 0.0023784826, -0.015790286, 0.010486624, 0.030586578, -0.033540156, -0.0033245508, -0.008108141, 0.004504917, 0.028626991, 0.011487717, 0.017835071, 0.0057261083, 0.02625561, -0.023642829, -0.007312947, 0.027036604, 0.018516665, -0.0046043163, 0.0054279105, 0.010799021, 0.011132719, 0.012673408, 0.010621523, -0.017394874, -0.0022737584, -0.01661388, 0.05410161, 0.015676687, -0.01095522, 0.06338834, -0.012318411, 0.0056977086, -0.024196625, 0.009293833, -0.035045344, -0.02337303, 0.006492903, 0.03848172, -0.009379032, -0.041918095, -0.031154573, -0.02054725, -0.003702623, 0.026511207, -0.0035286744, 0.013951398, 0.010103227, -5.0087918e-05, 0.022620436, -0.01235391, -0.014597494, 0.019808857, -0.0008098379, -0.0276898, -0.011800114, -0.029762983, -0.026582208, 0.025247417, -0.025247417, 0.050012037, -0.002616331, -0.030898975, 0.00080495665, 0.017863471, 0.035982538, -0.03433535, -0.02492082, 0.020064455, -0.013532502, -0.006205355, 0.016713278, -0.007163848, -0.0013702901, -0.01645768, -0.019013662, 0.008988535, 0.021413444, -0.017394874, 0.03984491, 0.010103227, -0.01241071, -0.021669043, -0.0075401454, 0.057083584, 0.03425015, -0.0016667129, 0.006620702, -0.021257246, -0.022251239, -0.0026944305, -0.02358603, 0.0010747547, -0.01106882, 0.016202083, 0.0026873306, 0.014924091, -0.007426546, 0.0032358016, -0.022819234, 0.008917536, -0.00416057, 0.019979255, 0.034846548, -0.045865666, -0.008548338, 0.04697326, -0.016116884, 0.0028630542, -0.0819618, 0.004703716, -0.020845449, -0.025758613, -0.013617701, 0.0059710564, 0.0072135474, 0.03300056, -0.012943206, -0.027789198, 0.060264364, -0.010799021, 0.0062621543, 0.005392411, -0.027292201, -0.011203718, -0.046007667, -0.033880953, 0.041378498, 0.060037162, 0.0049770637, 0.020121254, -0.012503009, 0.039390516, -0.009485531, 0.014583294, 0.03444895, -0.012290011, 0.017352274, -0.011750415, -0.017224476, -0.01522229, 0.0066597518, -0.03302896, 0.007994542, -0.030870575, 0.0077531436, -0.049216844, -0.018133268, 0.013184604, -0.0029624535, -0.0033245508, 0.00548471, -0.016301481, -0.039532512, -0.018388866, 0.014838892, -0.01918406, -0.016784279, -0.021527044, 0.005353361, -0.0068159504, -0.03714693, -0.02492082, 0.01644348, 0.02619881, -0.017380673, -0.044871673, 0.011629716, -0.0071141482, -0.031097773, -0.039134916, -0.03325616, -0.01648608, 0.03612454, 1.0982732e-05, 0.0058645573, -0.0055841096, 0.00014022399, 0.011615516, -0.010408524, -0.0044978173, 0.0070963986, -0.021214645, -0.019894056, 0.020334253, -0.010756422, 0.024722021, 0.021044247, 0.012503009, -0.01915566, 0.024083026, 0.014050798, -0.011665215, -0.018275267, 0.01777827, -0.033966154, 0.016116884, 0.016315682, -0.012495909, -0.0053995107, -0.009741129, -0.01661388, -0.02216604, -0.011956313, 0.012623709, -0.020859648, -0.009435832, 0.015960684, 0.017238675, -0.004682416, 0.0046220664, -0.004022121, -0.05111963, -0.016258882, 0.029592585, -0.025006019, 0.019098861, 0.008803936, 0.02465102, 0.011459317, 0.0276188, -0.036209736, -0.021697443, 0.00055290846, -0.03212017, 0.013518302, -0.029961782, 0.047796853, -0.01520809, -0.0024104326, 0.0028417544, -0.01239651, -0.00041667823, -0.014001098, 0.007412346, -0.0069188997, 0.010614423, 0.03723213, 0.0011084795, 0.03995851, -0.0075472454, 0.00049477763, -0.004959314, -0.018743863, -0.036152937, -0.023046432, -0.005246862, 0.050182436, 0.03885092, 0.022464236, -0.041861296, 0.018587666, -0.0027885048, -0.022904433, -0.021271445, 0.005080013, 0.0015016391, 0.025886413, 0.00053915236, 0.024665222, 0.04561007, 0.0021282095, -0.0058965073, 0.053136013, 0.011572916, -0.022208638, 0.053221215, 0.010103227, -0.020007655, -0.009797929, -0.01782087, -0.005754508, -0.029564185, 0.0124249095, -0.029393787, -0.037800126, 0.008420539, 0.03152377, 0.02476462, -0.008761336, -0.042770088, -0.0022222837, 0.010493724, 0.009293833, -0.0075259455, 0.032631364, -0.015335889, -0.027491, -0.004895414, -0.0060172062, -0.008640638, 0.00016829096, 0.002877254, -0.014356095, -0.016684879, -0.0048634647, -0.024296023, -0.058730774, -0.017366474, -0.00418187, 0.008157841, 0.026482807, -0.014490995, 0.00069224497, -0.032602962, 0.021612244, -0.02328783, 0.028697992, -0.040498104, 0.0277182, 0.008541238, 0.0022613336, 0.0064503034, 0.0030831527, 0.016287282, 0.04396288, 0.0019720106, 0.03041618, 0.010444025, 0.01779247, 0.017622072, -0.05117643, -0.00088527484, -0.047257256, -0.061400354, -0.048535246, 0.0415773, 0.0016116883, -0.07452106, -0.0025595315, -0.006769801, 0.009123433, 0.002195659, -0.004689516, 0.021569643, 0.03152377, 0.022663034, 0.018374667, 0.043792482, -0.0041712197, -0.055777196, -0.018857462, 0.044474076, -0.0028275545, -0.020263253, -0.017309675, 0.03302896, 0.0046078665, 0.0018442116, 0.06299074, 0.009876029, -0.035187345, -0.0124249095, -0.0076395446, 0.01664228, 0.038197722, -0.006038506, 0.022535237, -0.028428193, -0.052965615, -0.010160026, -0.008122341, 0.0027689799, 0.044360477, -0.06566032, 0.051602427, -0.050409634, -0.028129995, 0.020376852, 0.02479302, -0.027959596, -0.008633537, -0.050778832, -0.018388866, 0.027789198, 0.01787767, 0.012943206, -0.033795755, 0.036152937, 0.0043522683, -0.0030370029, 0.021612244, -0.034874946, 2.7304293e-05, 0.004366468, -0.017863471, 0.0011581791, 0.039049715, 0.01236811, 0.035414543, -0.002900329, 0.0037381228, 0.0024015575, -0.007163848, 0.03691973, 0.010827421, 0.013582202, 0.025048617, 0.025488814, 0.029933382, -0.01517969, 0.023642829, 0.0145548945, 0.009499731, -0.029904982, 0.009769529, 0.014654294, -0.014938291, 0.022932833, -1.9552592e-05, -0.006063356, -0.005900057, -0.0065106526, 0.024040425, 0.06742111, 0.0058574574, -0.058077578, 0.00085554377, 0.012858006, -0.00016008165, 0.04827965, -0.014093397, -0.017224476, 0.031126173, -0.018999461, 0.018885862, 0.027760798, -0.013532502, 0.016784279, -0.041918095, -0.002325233, -0.008129441, 0.02324523, 0.018687064, -0.039560914, 0.00205721, -0.016684879, 0.0011998913, 0.03033098, 0.039220113, -0.009925728, -0.022961233, 0.002483207, 0.029990181, 0.013227204, -0.019723658, -0.0051971623, 0.017664671, -0.041974895, -0.025389416, -0.0074691456, 0.022336438, -0.0025737314, 0.011104319, -0.013078105, 0.022052439, 0.00086530624, -0.04561007, 0.0138094, -0.032404166, 0.0009886678, -0.027207002, 0.008796836, 0.040412907, -0.025290016, 0.022293838, 0.004820865, -0.013539602, 0.019226661, 0.010550523, 0.009833429, -0.031722568, 0.004710816, -0.0074691456, 0.0030654026, -0.012808307, 0.0027849548, 0.032176968, -0.0019169861, -0.0022897334, 0.01657128, 0.011622615, -0.0026589306, -0.03152377, 0.0068088504, -0.012126712, 0.015293289, -0.028570192, -0.016244682, 0.010451124, 0.024352822, -0.0061414554, -0.015321689, -0.030643377, -0.0038020224, -0.008044242, 0.003422175, 0.032347366, -0.019169861, -0.030614978, -0.0098405285, 9.2798546e-05, 0.03586894, 0.0058716573, 0.01111142, -0.000588852, 0.0059817065, 0.0022666585, -0.00827144, -0.006588752, -0.0061024055, 0.011885313, 0.036351737, -0.016883677, -0.009719829, 0.0054385606, 0.02455162, -0.011892414, 0.020178054, -0.0048883143, 0.019098861, -0.02898199, -0.0062479544, -0.02067505, -0.003173677, -0.015364288, -0.011494816, 0.003699073, 0.018616065, -0.023870027, -0.021711642, 0.00025959188, -0.0010703172, 0.026596406, -0.03283016, 0.022052439, -0.007980342, 0.017167674, 0.011743315, -0.012020213, -0.031722568, -0.043622084, 0.011338618, -0.03592574, 0.019013662, -0.018048069, 0.0019063362, -0.027789198, -0.012943206, 0.032290567, -0.020277454, 0.013241404, -0.0412081, 0.039674513, 0.025148017, 0.0055734594, 0.006169855, -0.017196076, 0.025417816, 0.01779247, 0.004000821, -0.008434739, 0.030188981, -0.009748229, 0.0055805594, 0.02896779, 0.025162216, 0.0051723123, 0.020774448, 0.010202626, 0.014398695, -0.018190067, 0.02465102, -0.019567458, 0.00052983366, 0.0050516133, 0.0071070483, 0.009222833, 0.017423274, -0.016841078, 0.019169861, -0.0025914812, 0.025148017, 0.0039227214, 0.029393787, -0.008690337, -0.041122902, 0.012006013, 0.0153500885, 0.012843806, -0.022833435, 0.027916998, 0.0029819782, -0.014711093, -0.012680508, 0.014306396, -0.07491866, -0.003461225, 0.005885857, 0.01502349, -0.020320052, 0.031069374, 0.011565816, -0.008434739, 0.05779358, -0.041634098, 0.032318965, -0.012226111, 0.0138307, 0.03427855, 0.046092864, -0.007944842, 0.008498638, -0.010358824, -0.012119612, -0.0011040419, 0.025261616, 0.019482259, -0.0006376641, 0.011501917, -0.009812129, -0.03856692, -0.030785376, 0.00824304, 0.010522123, 0.022521036, 0.008903335, 0.003157702, -0.01800547, 0.042230494, -0.016926277, -0.0039475714, -0.014796292, 0.00827144, 0.02876899, -0.021285646, 0.0274768, -0.008938835, -0.02348663, 0.0049202642, 0.006471603, 0.024196625, -0.009883128, -0.005403061, -0.009805028, -0.02882579, -0.016968876, -0.015492087, -0.008896235, -0.014022398, 0.010103227, 0.0042173695, -0.034818146, -0.021555444, -0.017863471, -0.056685988, -0.014597494, -0.025403615, 0.018190067, -0.003986621, 0.0060278564, -0.03004698, -0.0012203036, 0.01792027, -0.006485803, -0.011771714, 0.02617041, 0.006762701, -0.01782087, -0.0065106526, -0.0017590122, 0.013930099, 0.0074904454, 0.027675599, 0.024154024, -0.033824153, -0.0070324987, 0.03601094, -0.0028080295, 0.028641192, 0.010259425, -0.004827965, 0.0039085215, -0.02073185, -0.015009291, -0.0146684935, 0.007959042, -0.015421088, -0.022535237, 0.03319936, -0.009599131, -0.01244621, 0.012687608, 0.008704537, 0.004320319, -0.012190611, -0.022521036, -0.02617041, -0.027036604, -0.012204811, 0.031836167, -0.017238675, 0.011409617, -0.008541238, -0.012169312, 0.0015628762, -0.012787007, -0.015804484, 0.019468058, -0.039106514, 0.0022755335, -0.0051226127, -0.040725306, 0.005392411, 0.04549647, -0.009542331, -0.00416057, -0.0059675067, 0.012595309, 0.018545065, -0.022421638, -0.03004698, -0.0120344125, 0.022918634, 0.013092305, 0.02073185, 0.0014581518, -0.0687275, -0.0027086304, 0.005040963, 0.025730213, 0.029592585, -0.0003494506, -0.0276188, 0.036635734, -0.042003296, -0.01105462, -0.026724206, -0.006468053, -0.031836167, 0.02058985, 0.0076395446, 0.00959203, 0.008420539, 0.0068159504, 0.06083236, 0.019894056, 0.0063047544, 0.016230483, 0.008534138, 0.009123433, -0.016798478, -0.0021548343, 0.00549891, 0.02482142, 0.009031135, 0.0010454674, 0.06179795, -0.00033325382, 0.013447302, -0.020859648, -0.0056515587, 0.01239651, 5.2556257e-05, 0.010124526, 0.01647188, 0.010373024, 0.0046114167, -0.020845449, -0.024210824, -0.034193352, -0.0008262565, -0.008697437, 0.009293833, 0.012879306, 0.008569637, 0.02899619, -0.0047534155, -0.015903885, -0.007447846, 0.049444042, 0.02479302, -0.0050516133, 0.007888042, 0.026596406, -0.00828564, -0.001638313, -0.012964506, -0.010522123, 0.007888042, 0.024423823, -0.0036493735, 0.022407437, -0.002479657, -0.016003285, 0.004796015, -0.03853852, -0.022819234, -0.015321689, 0.026298208, -0.027845997, 0.010756422, -0.02479302, -0.008683237, 0.033909354, -0.010550523, 0.020802848, 0.0014643644, 0.007284547, 0.0066491016, 0.040356107, 0.0020341352, -0.0008910435, 0.0040682703, -0.0068940497, -0.027789198, -0.036209736, 0.010238126, 0.01654288, -0.02896779, -0.013972699, -0.030217381, -0.0077389437, -0.017579472, 0.0027121804, -0.029280188, 0.004849265, -0.002493857, 0.0067165513, 0.018545065, -0.014285096, 0.0069188997, 0.0044516674, -0.02057565, 0.03848172, 0.029791383, -0.012680508, -0.006478703, -0.023046432, -0.031353373, 0.023628628, -0.017252875, 0.0021246595, 0.0115800155, -0.0091092335, -0.0098902285, -0.003951121, 0.02182524, -0.009570731, -0.0275904, -0.028215194, -0.0044374675, 0.04279849, -0.010436924, -0.049160045, 0.023884226, -0.0051545626, -0.027491, -0.011871113, 0.033880953, 0.002216959, 0.045695268, -0.01519389, -0.009819228, 0.01651448, 0.02318843, 0.01772147, 0.024466421, -0.0017350499, -0.013930099, -0.018246867, 0.0066704014, -3.242125e-05, -0.03879412, -0.024182424, 0.0010188426, 0.0035038246, -0.0046469164, -0.014419995, 0.0073910463, -0.0033369758, 0.00693665, -0.011629716, -0.0138307, -0.015250689, -0.017352274, 0.015108691, 0.044303678, 0.0016587254, 0.0025204816, 0.018204268, -0.008690337, -0.00055068976, 0.031211372, -0.06418353, -0.010394325, 0.01243201, 0.0044658678, 0.025488814, -0.041861296, 0.024509022, 0.005204262, 0.004657566, -0.03155217, -0.011146919, -0.032233767, -0.00416767, -0.013930099, 0.028527593, -0.008612238, -0.010096126, -0.016372481, -0.0005249524, 0.011168219, 0.00041268452, -0.0097269295, 0.0047995653, 0.03169417, -0.025148017, -0.030103782, 0.007980342, -0.004007921, -0.02061825, -0.0019933104, -0.014853092, 0.020135453, 0.026340809, -0.018616065, 0.021456044, 0.010330425, 0.013007105, -0.03149537, 0.00089903094, -0.00081516284, -0.018417265, 0.019539058, -0.023003833, -0.015293289, -0.005371111, -0.018942662, -0.03990171, 0.048592046, -0.013198804, 0.0049060644, -0.028215194, 0.036664132, -0.013227204, 0.018843263, 0.025133817, -0.0065710023, -0.007163848, -0.001168829, 0.00047347782, -0.009982527, -0.036749333, -0.016997276, 0.044956874, -0.04279849, -0.009932828, -0.030103782, -0.002490307, 0.025900612, 0.040356107, -0.011423817, 0.04688806, 0.005885857, -0.01929766, 0.007987442, 0.017409073, 0.060321163, 0.04808085, -0.033909354, 0.08434739, 0.0136887, -0.012943206, -0.016173683, -0.028428193, -0.006645552, 0.019794656, -0.005353361, 0.005360461, -0.010046427, -0.013589301, -0.015492087, 0.02188204, -0.002889679, 0.00020745162, -0.0035162494, 0.0068124007, -0.0063189543, 0.043366484, 0.008704537, 0.010543424, -0.025091218, -0.008775536, -0.028428193, 0.009024034, 0.014015298, -0.0061201556, 0.024068825, 0.019823056, 0.03473295, -0.026454408, 0.030756976, -0.023799026, -0.009158934, -0.014462595, 0.03166577, -0.014114697, -0.0072774473, 0.006162755, 0.015733486, -0.0046540163, -0.006613602, 0.0036777733, 0.013248504, 0.0007299635, 0.023571828, -0.00828564, -0.008519938, -0.016926277, -0.033511758, -0.0134331025, -0.007160298, 0.017011477, 0.011281818, -0.015094491, 0.032262165, -0.0021921091, -0.009755329, -0.015435288, 0.009805028, 0.0015220514, -0.0055699097, -0.020802848, -0.0010507924, -0.023926826, -0.025602413, -0.008647737, -0.01651448, 0.0040576207, -0.013120704, -0.0024281824, 0.0044481177, 0.028357195, 0.009854728, 0.0007020074, -0.043366484, -0.005800658, 0.015989084, -0.024565822, -0.0146684935, 0.017551072, -0.009911528, -0.014498095, 0.00962753, 0.007167398, -0.019468058, 0.014434195, -0.010302025, 0.0041925195, 0.016883677, 0.007067999, -0.01657128, 0.009996727, 0.0075401454, 0.023884226, 0.018772263, -0.0013374528, 0.013241404, 0.02210924, -0.006194705, 0.015719285, 0.000721976, 0.0076253447, -0.00046549036, 0.0055805594, -0.011558716, -0.009478431, 0.00077167567, -0.0004956651, 0.017465873, -0.0039085215, -0.01515129, 0.014327696, 0.023358831, 0.002635856, 0.011544516, -0.0019915355, -0.0046611163, 0.023884226, 0.010089027, 0.005928457, 0.0059710564, -0.012992905, -0.025332617, 0.020234853, -0.011984713, 0.021441843, 0.002625206, -0.004973514, -0.016954677, 0.004664666, -0.006762701, 0.014519394, 0.022819234, -0.002058985, 0.009215733, 0.0042848187, -0.0025435565, -0.026823604, 0.01513709, -0.009265433, -0.018190067, -0.0099541275, 0.0072454973, 0.0065035527, -0.03430695, -0.0058326074, -0.0024619072, 0.002337658, 0.03683453, -0.0071318983, -0.002889679, 0.03163737, -0.020135453, -0.024537422, -0.013518302, -0.0011404292, -0.0004677091, -0.007298747, -0.0038730218, 0.033795755, -0.015435288, -0.012588209, -0.006606502, -0.009861829, 0.009535231, 0.00045705918, 0.011175319, 0.0018229118, -0.02066085, -0.019979255, -0.021186246, -0.018289467, 0.007291647, -0.0049060644, -0.010472424, -0.0016214508, -0.013468602, 0.010309125, 0.0034984995, -0.03339816, 0.0018779363, 0.032574564, 0.019965054, -0.028073195, -0.014412895, -0.0035055995, -0.024253424, -0.031154573, -0.022322237, -0.0111895185, 0.0063651036, -0.009861829, -0.03030258, 0.013248504, -0.0009407432, 0.012190611, 0.005097763, -0.025062818, -0.010799021, -0.024537422, 0.0012575784, -0.032688163, 0.0096133305, 0.010202626, -0.004827965, 0.019950856, -0.020774448, -0.015719285, -0.018119069, -0.0044907173, -0.024608422, -0.015563087, -0.021697443, 0.010763522, -0.004529767, -0.0018442116, -0.021385044, -0.012233211, -0.014483895, -0.0004752528, 0.013092305, 0.00550601, -0.014796292, -0.012226111, 0.020987447, -0.014966691, -0.011572916, 0.0014013523, 0.021228846, 0.00549891, 0.033483356, 0.002477882, -0.018729664, -0.012673408, -0.0077318437, -0.01654288, 0.013447302, 0.02350083, -0.013241404, 0.03430695, 0.0074762455, -0.001640088, -0.0037629728, 0.01774987, -0.031239772, 0.010046427, 0.003958221, 0.004405518, -0.005239762, 0.027831798, 0.017366474, -0.019666858, -0.0068976, -0.020376852, -0.0021370845, 0.009343532, 0.034761347, 0.017465873, 0.0075543453, -0.036862932, -0.011885313, -0.0008697437, 0.0013507652, -0.025545614, -0.021299845, 0.008541238, 0.008136541, -0.0057083587, 0.023074832, -0.011118519, 0.0058042076, -0.0066633015, 0.0151228905, 0.03720373, -0.016372481, -0.015548887, 0.0017057626, -0.0100677265, 0.022407437, 0.0022915083, 0.0044694175, 0.010330425, -0.042145293, 0.006588752, 0.0009247683, 0.013063905, -0.0009505056, 0.016017484, 0.020135453, 0.013099405, -0.014895692, 0.014711093, -0.0137597, -0.0011439791, 0.019226661, -0.026553808, 0.017054075, -0.026511207, -0.018459866, -0.0029890782, -0.009016935, -0.02892519, -0.022861835, 0.009755329, -0.011381217, -0.0041889697, 0.0119208135, 0.013369203, -0.029904982, 0.001785637, 0.0130426055, 0.027292201, -0.011949213, 0.02064665, -0.005601859, -0.040214106, -0.016983077, 0.014434195, -0.0016693753, 0.011146919, 0.0063651036, -0.033596955, -0.00014543801, 0.009315132, -0.028442394, -0.025645014, -0.00172085, 0.020078653, -0.021498645, 0.0142779965, 0.012318411, 0.019652657, 0.006453853, 0.0008502188, -0.020334253, -0.026369208, 0.010145826, 0.020774448, -0.0074762455, -0.0043842182, 0.0027299302, -0.008044242, -0.0075330455, 0.017082475, 0.012211911, 0.022464236, -0.0013294653, -0.005655109, -0.028172595, 0.0026678056, -0.049387243, -0.008484438, -0.025559815, -0.003702623, -0.00072463846, -0.00137384, 0.008924635, 0.005839708, 0.044814873, 0.005062263, 0.011871113, -0.0037345728, -0.025730213, 0.004551067, -0.0134331025, 0.041378498, 0.034761347, 0.008044242, 0.008044242, -0.014853092, 0.01929766, 0.009194433, -0.007852543, -0.00010039771, -0.005694159, -0.016202083, 0.0034150751, 0.018530866, 0.006737851, 0.009102134, 0.009315132, -0.024281824, 0.003180777, -0.011970513, -0.0026855555, -0.027604599, 0.0073697465, 0.0022560086, 0.0072632474, -0.0001575301, -0.0034434749, 0.017593672, 0.026028411, -0.007994542, -0.014199897, -0.037856925, -0.0063970536, -0.004259969, 0.026000012, -0.034931745, 0.0018921363, -0.022975434, 0.037885323, -7.46604e-05, 0.012779907, 0.0019755606, -0.026085211, -0.012155112, 0.009499731, 0.014249597, 0.007902242, -0.036039338, -0.013305304, 0.015619886, -0.004249319, -0.023231031, -0.0072561475, -0.01094102, -0.017565273, -0.006162755, 0.00548826, 0.023259431, -0.03283016, -0.019354459, -0.015335889, 0.025701813, -0.045127273, -0.014320596, 0.006049156, 0.003862372, 0.019652657, -0.00081738154, 0.02465102, -0.015676687, -0.015563087, 0.02188204, 0.00071265735, 0.00033081323, -0.010096126, 0.005410161, 0.02489242, -0.029251788, -0.017267074, 0.0058042076, -0.023174232, 0.033710554, -0.017210275, -0.017252875, 0.0044516674, -0.01247461, -0.004994814, -0.020149654, -4.6565678e-05, -0.0021157847, -0.009705629, -0.005694159, 0.004820865, 0.021200446, 0.014753693, -0.0073413467, -0.020391053, -0.02470782, -0.0006088206, -4.013135e-05, -0.012503009, -0.016940476, -0.001096942, -0.021157846, -0.0025400065, -0.0035251244, -0.031892966, -0.03302896, -0.005839708, 0.01105462, 0.0035552992, 0.012957406, 0.015946483, 0.014462595, -0.0020341352, -0.022989633, 0.0276472, -0.01792027, 0.0050125634, 0.022251239, 0.019737856, 0.00026047937, 0.00827144, -0.0014776768, 0.007724744, 0.017238675, 0.003723923, 0.020746049, -0.0054598604, 0.02886839, -0.003986621, -0.0011484167, -0.0023500829, 0.0099541275, -0.018701265, 0.008974335, 0.026454408, -0.020362653, -0.024210824, 0.021527044, -0.007305847, 0.03302896, 0.026752606, -0.01774987, -0.00415702, 0.01662808, 0.0038268722, 0.011764615, -0.013312403, -0.018630264, 0.0012416035, -0.057282384, -0.0009105684, -0.012169312, 0.0006292329, -0.01644348, 0.0016480755, 0.013639001, -0.014640094, 0.009038234, -0.0029234039, 0.006169855, 0.0035339994, 0.010323325, -0.0054350104, -0.005339161, 0.012510109, -0.0014412896, -0.012304211, 0.0011120294, -0.00070511363, -0.0086051375, 0.011814314, 0.0012620158, -0.002193884, -0.013255604, 0.014469695, 0.024225025, 0.004941564, 0.0071247984, -0.010316225, 0.021839442, 0.011949213, 0.03285856, -0.009748229, -0.014924091, -0.011388318, 0.016244682, -0.01247461, 0.0023074832, -0.015066091, 0.004245769, 0.012453309, 0.010784822, -0.01520809, -0.0032127267, -0.0004876777, -0.010493724, 0.013944299, 0.009421632, -0.004536867, 0.0030583027, 0.007966142, -0.016770078, -0.013142005, -0.016258882, 0.010280726, -0.025559815, -0.0053107613, -0.011175319, 0.017835071, 0.009861829, 0.032602962, -0.0022542337, 0.0039014216, 0.013802299, 0.023941025, -0.01232551, -0.020320052, -0.01667068, -0.007696344, -0.0034488, -0.0028240045, 0.016684879, 0.011849814, -0.010685422, 0.011892414, 0.011416717, 0.012907706, 0.007575645, -0.004973514, -0.012048612, -0.0030600778, -0.00819334, 0.0060207564, 0.008058442, 0.004849265, 0.0061237053, -0.007852543, 0.013106504, 0.00967013, 0.013553802, 0.007412346, 0.012602408, -0.016557079, 0.0005143025, 0.022421638, 0.01644348, -0.008846535, -0.008456038, -0.0018601865, 0.012361011, -0.013880399, 0.012588209, 0.009989628, 0.010948121, 0.008583837, 0.032091767, 0.0045546168, -0.02337303, -0.002062535, 0.0142282965, 0.0005653334, 0.017181875, 0.023728028, 0.0099541275, 0.0044481177, 0.021143647, 0.0006194705, 0.023756428, -0.010238126, -0.012048612, -0.0047676153, 0.012787007, -0.015733486, -0.023685427, -0.0074549457, 0.0052859117, -0.00344525, 0.0058574574, -0.0065710023, -0.018488266, -0.014292196, 0.003024578, -0.037686527, 0.0011732664, -0.018687064, 0.0112392185, 0.017281275, -0.016258882, -0.0070324987, 0.0074549457, 0.011849814, -0.010387224, -0.005775808, 0.0011546292, 0.009095034, -0.011310218, -0.0098405285, 0.005885857, -0.020746049, 0.018218467, -0.004572367, 0.027050804, 0.008860735, 0.00047170284, 0.0021743593, 0.002483207, 0.0008488876, -0.021115247, -0.010152927, 0.01942546, 0.018687064, -0.018360466, -0.007717644, -0.01503769, 0.0025506564, 0.002348308, -0.00836374, -0.026937203, -0.010380125, 0.018403066, -0.009904428, 0.009279633, -0.0045901164, -0.001648963, -0.0021264346, -0.0062444047, 0.026951404, 0.0050232136, -0.008938835, -0.030671777, 0.011395417, 0.0023181331, -0.00822884, -0.010302025, 0.009180233, 0.016159482, 0.009400331, 0.003573049, 0.017082475, -0.016031684, -0.005623159, -0.00555571, -0.0054208105, -0.005740308, -0.007447846, -0.00692955, -0.011523216, 0.012737308, -0.014363196, 0.000115596034, 0.0063722036, 0.016301481, 0.0073484466, -0.013163304, 0.004252869, -0.015293289, 0.012943206, -0.014895692, 0.0040256707, -0.015974885, 0.0043167686, -0.0061521055, 0.0070644487, 0.0078738425, 0.011445117, 0.021328244, 0.0071176984, 0.011643915, 0.0049131643, 0.026710005, 0.0055734594, 0.004000821, -0.012552708, -0.010046427, 0.00554861, 0.003583699, -0.006727201, 0.026454408, -0.013369203, 0.0059355567, -0.0071709477, 0.004405518, 0.0016800252, -0.0091092335, 0.0016773628, 0.00963463, -0.0034541248, -0.02327363, 0.021086847, -0.008441838, 0.0043593682, -0.010500824, -0.011722015, 0.010777722, 0.011523216, 0.037544526, -0.013170404, -0.0013365652, -0.040696904, -0.015066091, -0.02324523, -0.0014581518, -0.0035925738, -0.031353373, 0.008747136, 0.001929411, 0.0015735261, -0.0075614452, 0.0025755062, 0.0091092335, 0.009258333, 0.013063905, -0.01921246, 0.011203718, 0.015634086, 0.015605686, -0.034761347, -0.006439653, -0.00043265312, -0.0011138044, -0.0065497025, -0.0036191987, -0.012183512, -0.034903347, -0.010948121, 0.00045484045, -0.0058184075, 0.019553257, -0.010252326, -0.007582745, -0.0020288103, -0.015605686, 0.0029802034, -0.012091212, -5.39707e-05, -0.0030494279, 0.019808857, -0.005324961, -0.015989084, -0.009826329, 0.0031293023, 0.001372065, 0.0006088206, -0.015264889, 0.022549435, -3.3475146e-05, 0.0075543453, -0.00023917951, -0.010096126, -0.00069047, -0.013170404, 0.009208633, -0.005907157, 0.010813221, 0.0031896518, -0.017011477, -0.012822507, 0.01111142, -0.011203718, -0.011622615, -0.004756965, 0.020831248, -0.0048741144, 0.01777827, -0.02195304, 0.015378488, -0.0007628007, -0.0041854195, 0.011132719, -0.014235397, 0.020078653, 0.014412895, 0.014249597, 0.00077522564, 0.008101041, 0.014895692, 0.020007655, -0.0029464785, -0.0060811057, -0.022975434, 0.00078631926, 0.02067505, 0.024537422, -0.00830694, -0.010415624, 0.003031678, -0.029280188, -0.025531415, 0.010813221, 0.008470238, 0.001240716, 0.02058985, -0.01244621, -0.0071957977, -0.005271712, -0.0045865667, -0.003713273, 0.015335889, -0.02896779, -0.0036529235, -0.015662486, 0.0011120294, 0.0077886432, -0.008775536, 0.004504917, 0.008910435, -0.0053995107, -0.010933921, -0.008690337, 0.0015726385, 0.012176411, 0.012680508, -0.023941025, 0.008917536, -0.019823056, -0.0066704014, 0.0028666041, 0.0049202642, -0.014569094, -0.0006274579, -0.009961228, -0.015477887, 0.010025127, -0.020859648, -0.0144412955, -0.0074691456, -0.0057083587, 0.012574009, -0.009947028, 0.0009016934, 0.00076590694, 0.014952491, 0.011267618, 0.007973242, -0.0019365109, -0.0025950312, -0.002777855, -0.0023092583, 0.00022575617, 0.00829984, -0.0075543453, 0.03970291, 0.012630808, 0.003468325, -0.014490995, 0.026837805, 0.022847634, 0.0061663054, -0.030586578, -0.019496458, -0.0014128897, -0.007980342, 0.0031470521, -0.002635856, 0.008086842, -0.0021796841, 0.0039404714, 0.020717649, 0.014980891, 0.001647188, -0.011118519, -0.0058823074, -0.011722015, -0.0017181875, -0.017366474, -0.0072525973, 0.023713827, 0.030217381, 0.0062515046, 0.000616808, -0.017409073, -0.005669309, 0.025417816, 0.00962043, -0.027888598, 0.005779358, -0.012602408, -0.004405518, 0.0014341896, 0.001372065, 0.0133195035, 0.007604045, -0.022350637, -0.0030796027, 0.03200657, -0.0041002203, -0.008463139, -0.001519389, 0.037629727, -0.0044729677, 0.025616614, -0.010728022, 0.018445667, -0.0029837533, -0.0010481299, 0.009237033, -0.00061370176, 0.0060172062, -0.00685855, 0.016031684, -0.0068905, -0.03399455, 0.0086051375, -0.0113528175, 0.02185364, 0.011175319, 0.009805028, 0.00418187, -0.03277336, 0.009237033, 0.0019986355, -0.0038801217, 0.01645768, 0.011757514, -0.013078105, 0.013603501, -0.008136541, -0.0066491016, -0.0025258067, -0.011296018, 0.0031914269, 0.011175319, -0.0076679443, -0.009854728, 0.0025471065, -0.04541127, -0.013000006, -0.007987442, -0.0075401454, 0.02063245, 0.02473622, 0.0073910463, 0.0043238685, -0.015364288, 0.013504102, 0.010387224, 0.013014206, -0.008463139, -0.013440202, -0.009237033, -0.0030884775, 0.011118519, -0.010855821, 0.0076182447, -0.022450037, -0.033682156, -0.003573049, 0.002048335, -0.015832884, -0.0034860747, -0.025275817, 0.022563636, -0.0017811996, 0.0054385606, -0.009528131, -0.0029447037, -0.012872206, 0.002623431, 0.0012753282, -0.010763522, -0.00081516284, 0.0029961783, 0.0021725842, -0.014895692, 0.014519394, -0.0032216015, 0.01502349, -0.0020288103, -0.018048069, 0.016997276, -0.00827144, 0.008377939, -0.0110759195, -0.0273774, 0.00028954478, 0.0063828537, 0.015889684, 0.010685422, 0.01503769, 0.0052823615, 0.027121803, -0.025574014, -0.0019187611, 0.01644348, 0.009584931, 0.01782087, 0.025148017, -0.004270619, -0.018814864, 0.031239772, -0.028144196, 0.014867292, 0.0038836717, -0.010316225, -0.002213409, -0.007188698, 0.0069330996, -0.0065781022, 0.03691973, 0.027959596, -0.007696344, 0.016841078, -0.006698801, 0.018786464, 0.013163304, -0.000718426, 0.0007206448, 0.011729115, -0.003699073, 0.008030042, -0.004288369, -0.036408536, 0.020845449, 0.011970513, -0.024991818, 0.018147469, -0.014995091, 0.012226111, -0.00021821247, -0.007291647, -0.0019169861, 0.0057580583, -0.003145277, -0.01936866, -0.0065710023, 0.0049167145, 0.0047711655, -0.01238941, 0.010820322, 0.0010676547, -0.009975428, 0.0015699761, -3.8134487e-05, 0.01641508, -0.024083026, -0.0019382859, -0.013518302, 0.0025080568, 0.01915566, 0.016344082, -0.00088571856, 0.010380125, 0.021030048, -0.0018868113, 0.0069508497, -0.0038091224, -0.0025488816, -0.0031293023, 0.010010927, -0.01244621, 0.003594349, 0.0019950855, 0.0043700184, -0.009194433, 0.005207812, 0.0101174265, 0.005193612, -0.0098405285, 0.0063047544, -0.011998913, 0.019084662, 0.009151833, 0.0020376851, -0.013866199, -0.0025879312, 0.0074620456, -0.0008422314, -0.015293289, -0.018232668, 0.0010161801, -0.0047924654, -0.007028949, -0.02609941, -0.0045759166, 0.01777827, -0.016855277, 0.007419446, -0.0015114015, -0.024565822, 0.002206309, 0.0043238685, 0.004274169, -0.01632988, 0.0058574574, -0.017309675, -0.0049238144, 0.018474067, 0.011629716, -0.008072642, 0.021385044, -0.0025009569, 0.007611145, 0.00816494, -0.019524857, -0.0025648563, 0.019141462, 0.015875485, 0.02876899, -0.007710544, -0.018999461, 0.022947034, -0.007433646, 0.01108302, 0.00414282, 0.003713273, 0.016244682, 0.020689249, 0.0062799044, -0.014221197, 0.009364832, 0.011430917, 0.0026784556, 0.0036884232, 0.025290016, -0.0072277477, 0.039163314, -0.011161119, -0.0042386693, -0.00044907173, 0.018800663, -0.0039298213, -0.028002197, 0.017522672, 0.014753693, 0.011423817, -0.00415347, -0.0039085215, 0.01651448, 0.027959596, -0.008122341, -0.016940476, -0.0045972164, 0.012566908, -0.0088820355, 0.0071709477, 0.011438017, 0.024239223, -0.0010712047, 0.0043593682, 0.0050267633, -0.016997276, 0.00094784313, 0.004519117, 0.003315676, 0.012765707, -0.00412507, -0.020774448, 0.0013214779, 0.021484444, 0.01925506, -0.0066668517, 0.0022471338, 0.0061059557, 0.017465873, 0.008704537, 0.0046327165, -0.0040860204, -0.017650472, 0.01513709, -0.018119069, -0.0042138193, 0.0038339722, 0.005878757, 0.018857462, -0.004433918, 0.024225025, 0.032148566, -0.004263519, 0.009556531, -0.022833435, 0.018729664, 0.019013662, 0.0009238808, -0.01925506, -0.0050693634, 0.0023003833, -0.01664228, 0.026667407, -0.01659968, -0.02895359, -4.011055e-06, -0.0025666314, -0.008541238, -0.0010472424, 0.007305847, -0.02876899, -0.020689249, -0.004710816, -0.00825014, -0.00021155628, 0.0088820355, -0.0042031696, -0.024040425, 0.01642928, 0.0031346271, 0.014377396, 0.018601865, -0.012588209, 0.0012673408, 0.021044247, 0.0004859027, -0.02898199, 0.013276904, 0.0033174509, -0.011154019, 0.0025080568, -0.018289467, -0.009407432, 0.011587116, 0.023728028, 0.0274058, -0.007426546, 0.022776635, -0.01797707, 0.010578923, 0.0001387818, -0.006201805, -0.017295474, 0.0024015575, 0.0028506294, 0.02355763, 0.0043274187, -0.006798201, -0.00046060915, -0.0058894074, 0.0028044796, 0.027093403, -0.00685855, 0.0047001657, 0.009599131, 0.01641508, -0.0011430917, -0.019098861, -0.003855272, 0.0068976, 0.003303251, -0.0047392156, -0.005388861, 0.013191704, -0.0062195547, -0.027349, -0.014838892, -0.019666858, 0.007880943, 0.0038197723, -0.016102683, 0.032091767, -0.015321689, -0.010699622, -0.032631364, 0.0030529778, -0.013639001, -0.02479302, 0.006741401, -0.024466421, -0.0051474627, 0.0041925195, -0.021569643, 0.01794867, 0.018246867, -0.0027192803, -0.008377939, 0.008172041, -0.014483895, 0.0066704014, 0.0015460138, 0.012091212, -0.026085211, -0.00956363, -0.040242508, -0.0048066652, -0.009059534, 0.018190067, -0.005410161, 0.014348996, 0.0017492498, 0.009187333, 0.026355008, -0.025616614, 0.038084123, -0.018758064, 0.0088323355, 0.019624257, -0.012503009, 0.0038801217, 0.009151833, -0.0029553536, 0.007167398, 0.0068159504, 0.0077531436, -0.0118072145, 0.014135998, 0.017139275, 0.00547051, -0.009421632, -0.015563087, 0.025346816, 0.005388861, -0.0022631085, 0.0047072656, 0.009776629, -0.010600223, 0.02088805, -0.019439658, 0.011374118, -0.026553808, -0.0010055302, 0.0042067193, 0.006645552, 0.0006287892, 0.021299845, -0.0029571285, 0.0051652123, -0.008541238, -0.004849265, 0.024580022, 0.00956363, -0.009315132, 0.012602408, 0.021541243, 0.014086298, 0.0024317324, -0.038936116, -0.009904428, -0.00022608899, 0.014306396, 0.011558716, -0.00028998853, 0.040952504, -0.025559815, -0.011203718, 0.011359917, 0.015264889, 0.004458768, -0.012886406, -0.001095167, 0.0052859117, 0.0021566094, 0.011246318, 0.0038091224, -0.009371932, -0.004519117, -0.00041556885, 0.011658115, -0.008839436, 0.002490307, 0.022052439, 0.015648287, 0.007018299, -0.004391318, 0.00038561595, 0.0003383569, -0.0063864035, 0.011750415, -0.016045883, 0.0146684935, -0.0017492498, -0.00020356884, -0.025630813, -0.007025399, -0.02892519, -0.025645014, 0.04018571, -0.004678866, 0.024040425, 0.009812129, 0.010089027, 0.030018581, -0.0004044752, 0.01925506, -0.014057898, 0.008328239, 0.001789187, -0.015946483, -0.029393787, 0.0044481177, 0.006421903, -0.0098902285, 0.018474067, -0.010238126, -0.015591486, -0.025346816, -0.010124526, 0.00414282, -0.0014306396, -0.0070715486, 0.018445667, -0.009208633, 0.0151228905, 0.0060207564, -0.0005045401, 0.015761886, -0.00411087, -0.0048386147, -0.00411442, -0.029067189, -0.002884354, -0.010053527, 0.030870575, 0.0009922178, -0.012559809, 0.024494821, -0.02455162, 0.014526495, -0.0076750442, -0.008669037, -0.023983626, 0.024338624, -0.004387768, -0.009386132, -0.0028683792, 0.016798478, 0.009073734, -0.003308576, 0.018374667, -0.015918083, -0.021271445, 0.008491538, 0.039532512, -0.009797929, -0.0030760528, 0.010834522, -0.0035428742, -0.022450037, -0.02061825, -0.017991269, 0.0043629184, 0.013049705, -0.011494816, 0.019354459, -0.021314045, 0.003965321, 0.018587666, -0.016074283, 0.0019152111, -0.006762701, -0.01099072, 0.0146684935, 0.022421638, 0.0025187067, 0.0048741144, -0.002877254, 0.00554151, -0.0047143656, -0.0002675793, -0.0054598604, -0.018232668, -0.009741129, 0.021044247, -0.013134904, -0.024509022, -0.021214645, -0.014043698, 0.0003341413, 0.019070461, -0.009826329, 0.0014732393, 0.0026110061, 0.0046220664, -0.005332061, 0.0033991004, 0.022435836, -0.007156748, 0.0033334258, 0.008846535, -0.013781, 0.0030725028, -2.2173472e-05, -0.013617701, 0.023387231, -0.006049156, -0.02061825, 0.0048883143, -0.010316225, -0.010060627, -0.018843263, -0.0007530383, 0.009130534, 0.0045546168, 0.014157297, 0.029393787, 0.0135467015, 0.0030725028, -0.0048528146, -0.0025701814, 0.009116334, 0.006084656, -0.011828514, -0.0004659341, -0.000102394566, 0.018317867, -0.015548887, 0.0043593682, 0.00345235, -0.006024306, -0.0016409756, -0.001170604, -0.0098405285, 0.0058326074, 0.006606502, 0.036891334, -0.024494821, -0.017281275, 0.015279089, -0.0039404714, 0.0029216288, -0.03422175, -0.0020004106, -0.025332617, -0.008399239, 0.010138727, -0.0072419476, 0.013390503, -0.0053995107, -0.004682416, 0.013922999, -0.010280726, 0.010621523, -0.00343105, -0.0020820599, -0.025687613, 0.00960623, 0.013454402, 0.036664132, 0.03143857, 0.00046549036, -0.0013472153, 0.022393238, -0.019567458, -0.016187882, -0.0045013675, -0.0073910463, 0.016784279, -0.006191155, -0.009144734, -0.0001493208, -0.013667401, -0.0145548945, -0.003180777, -0.014199897, -0.00032216017, -0.019851455, -0.0010064177, 0.02486402, -0.0030068283, -0.013362103, 0.00552731, -0.0020962597, 0.0009194433, -0.0066668517, -0.008988535, 0.005353361, 0.013092305, -0.0046220664, -0.047228858, 0.016741678, 0.011707815, -0.0052894615, 0.019567458, 0.011544516, 0.022279639, 0.018261068, 0.021413444, -0.022251239, -0.008775536, -0.008079741, -0.020802848, -0.020447852, 0.0020146105, -0.008463139, 0.004015021, -0.008392139, -0.0041321698, 0.024267623, 0.009790828, -0.004000821, -0.0019365109, 0.014881492, 0.0011546292, 0.0050232136, -0.022719834, -0.0037310228, 0.030927375, -0.0008400126, 0.008044242, -0.01936866, -0.0060172062, -0.021612244, -0.021030048, -0.010131626, -0.0047782655, 0.0009735804, 0.009535231, 0.044814873, -0.017622072, -0.0059604067, 0.020220652, -0.0027246051, -0.005324961, 0.02337303, 0.0048883143, -0.006223105, 0.0048599145, -0.00207851, 0.0041712197, -0.014881492, -0.00027645423, 0.010309125, 0.019979255, -0.00094606815, 0.006063356, -0.031211372, 0.012211911, 0.0040931203, 0.0071957977, 0.0071034986, 0.028726391, -0.006762701, -0.018374667, 0.036039338, -0.022549435, 0.029251788, 0.0007370634, 0.003990171, 0.009038234, 0.0038943216, -0.0014812268, -0.003138177, -0.011672315, -0.010074827, 0.012254511, 0.008186241, 0.004813765, -0.010131626, 0.0089956345, 0.0035233493, 0.013951398, -0.00967013, 0.013518302, 0.006439653, -0.0055699097, -0.0043238685, -0.013468602, -0.002745905, 0.014235397, -0.0012859781, 0.002454807, 0.010614423, 0.0039475714, 0.0065497025, -0.0036085488, -0.009783729, -0.00820754, -0.00077433814, 0.0017554623, 0.002735255, 0.0010090802, -0.014469695, -0.00032282577, 0.011246318, -0.004259969, -0.0054456606, -0.004043421, -0.00822174, -0.0036848732, -0.008108141, -0.0075330455, 0.0073555466, 0.008058442, -0.01650028, -0.013646101, 0.008889135, 0.005793558, -0.024480622, 0.014150198, -0.018346267, -0.002447707, -0.0018761613, -0.016060084, 0.0007228635, -0.008512838, -0.023870027, 0.019439658, 0.01635828, -0.012645008, -0.0012762158, 0.017167674, 0.0006891387, 0.0009957678, 0.0032198266, 0.015264889, 5.3332817e-05, 0.0137738995, -0.016713278, -0.008072642, 0.011281818, 0.009769529, -0.0036085488, -0.004980614, 0.03717533, -0.010046427, 0.012112512, 0.009762429, 0.0014945391, 0.009386132, -0.014079197, -0.0016587254, -0.029706184, -0.015818685, -0.018161668, 0.0005897395, 0.0071318983, -0.016557079, -0.033057358, -0.014384495, 0.01794867, 0.0069188997, -0.03447735, -0.0052930117, 0.0006567452, -0.0036742233, 0.004668216, -0.006198255, -0.0046007666, -0.0007295197, -0.00827144, 0.0072632474, 0.0014270897, 0.015761886, 0.011260518, -0.011565816, 0.008065541, -0.0040611704, -0.020916449, 0.007888042, 0.013170404, -0.015605686, -0.0003410194, -0.0035393243, 0.018104868, 0.013468602, -0.016684879, 0.020462051, -0.000651864, -0.01928346, -0.0036156487, 0.029819783, 0.008647737, -0.003944021, -0.022748236, -0.0024352823, 0.016926277, -0.0061059557, 0.011480616, -6.800419e-05, -0.010429824, -0.016273081, -0.0025772813, -0.023713827, -0.014199897, -0.0059994566, -0.00412862, -0.003979521, -0.013411802, -0.0012895281, -0.026894605, -0.032205366, -0.0068088504, -0.0003549974, -0.0018211368, -0.0033494006, 0.002048335, -0.03581214, -0.010252326, -0.010870021, -0.0061308052, 0.019411258, 0.0019737857, -0.0013765024, -0.011175319, 0.01796287, 0.00068736373, 0.03044458, 0.020078653, -0.018289467, 0.0071318983, 0.0047072656, 0.0062515046, 0.005761608, -0.0021619343, -0.010138727, -0.0074620456, 0.0046007666, 0.0017865245, 0.010273625, 0.032347366, -0.02331623, -0.0020660849, 0.0027033053, 0.009939928, -0.0009726929, 0.007966142, 0.024324423, -0.002589706, 0.047598053, -0.014064997, -0.00963463, 0.007802843, 0.0037310228, -0.018474067, -0.0055734594, 0.006752051, -0.0010907296, -0.0048386147, -0.005786458, 0.0035162494, 0.012744407, 0.013092305, -0.021413444, -0.0031949768, 0.008122341, 0.010933921, -0.007518845, 0.018133268, 0.000651864, 0.024580022, 0.008001642, 0.0033458506, -0.003283726, 0.017125076, -0.010387224, -0.017480073, -0.015548887, -0.002493857, 0.0077460436, 0.016173683, 0.0023039333, -0.02882579, -0.008690337, 0.011161119, 1.4109761e-06, 0.0122616105, 0.0053036613, -0.01784927, -0.0016285507, 0.013781, -0.024097225, -0.015066091, 0.012062812, -0.005392411, -0.0070466986, -0.010188426, 0.006798201, -0.0011324418, 0.008136541, 0.012914807, -0.0044978173, 0.0073839463, -0.020249052, 0.008874935, -0.0023003833, -0.012119612, 0.014412895, 0.029564185, -0.026965603, 0.010010927, -0.014292196, 0.0014679143, 0.0056728586, -0.009144734, -0.0141643975, -0.014363196, 0.038339723, -0.0024406072, 0.0034967246, 0.000445078, 0.0137171, 0.006460953, -0.0007060011, -0.0044694175, 0.0059994566, -2.7304293e-05, -0.00687985, 0.0023909076, -0.029308587, -0.0036351737, 0.029280188, -0.029308587, 0.009868928, 0.0034044252, -0.008555437, -0.007959042, 0.006368654, 0.003468325, -0.007589845, -0.011913713, -0.023827426, -0.017480073, 0.021285646, 0.025616614, 0.011608415, -0.029535785, -0.020930648, 0.0069863494, 0.027164403, -0.0072703473, -0.006237305, 0.0061414554, 0.010578923, 0.0010561174, 0.008711637, 0.0003210508, -0.008775536, -0.0010516798, -0.014533594, 0.018218467, 0.005807758, 0.017835071, -0.007043149, 0.024991818, 0.002197434, 0.0011368792, 4.399333e-06, -0.022776635, 0.00017483623, 0.0048705647, 0.008022942, -0.019169861, -0.0015185014, 0.013099405, -0.008711637, 0.008101041, -0.002328783, 0.0022879583, 0.0058184075, 0.006730751, 0.0007419446, 0.032432564, -0.015250689, 0.00829274, 0.031182973, 0.008562538, 0.022350637, -0.008896235, 0.019354459, -0.01772147, -0.0060420563, -0.0005387086, -0.0031328523, 0.013099405, -0.0034967246, 0.0037274729, -0.010720922, -0.002596806, -0.0020234853, -0.0023625079, 0.0069259997, -0.025971612, 0.0151228905, -0.007284547, 0.011885313, -0.0020288103, -0.02073185, -0.005253962, -0.025716012, -0.0005995019, 0.021413444, 0.004004371, -0.0072774473, 0.019113062, -0.015449488, -0.038140923, -0.0047285655, 0.0066952514, -0.026639007, 0.019837257, 0.00082536903, 0.016031684, -0.022464236, 0.011871113, -0.007291647, -0.018985262, 0.01100492, -0.0016214508, -0.01794867, -0.0027228303]"
絶叫系,fromCluster,0.4782,55.0,2.6128,"[0.020736398, -0.0014187366, -0.012437308, 0.016870033, 0.013486966, 0.010700464, -0.07074238, 0.006486732, 0.0024561228, 0.0020181364, 0.021476444, -0.0042212843, 0.011901152, -0.028046243, -0.0148386825, -0.036458604, -0.01913548, -0.020132279, 0.02286592, -0.017670492, 0.036730457, -0.0004136802, 0.017534565, -0.017730905, -0.028982628, -0.0051085846, 0.0032320388, -0.000981694, -0.08312683, -0.004062703, 0.018606877, -0.004281696, 0.02241283, 0.05116891, -0.015661795, 0.02641512, -0.007891309, -0.004685701, 0.044402774, -0.050474174, -0.0024466836, 0.0069587003, -0.04675884, 0.0065660225, 0.011062936, 0.024829308, 0.011621746, 0.014702756, 0.013041427, -0.04376845, 0.047513988, 0.013887194, -0.008389708, -0.02525219, -0.013789025, 0.012520375, 0.046789046, -0.0017358992, 0.018259509, 0.0072834142, -0.0003794625, -0.011108245, -0.0017915915, 0.025675073, 0.0066264346, 0.0034302655, 0.039177142, 0.010541883, -0.035914898, 0.029405512, -0.0042137327, -0.039297964, 0.01563159, 0.020736398, 0.025720382, 0.020630676, 0.009371402, 0.054068685, -0.03192771, -0.0032943385, -0.023545554, 0.020162484, -0.033256773, 0.0028884457, -0.00017981991, 0.014529071, 0.007226778, -0.05207509, -0.034585834, 0.0006900176, -0.032411005, -0.0012733703, 0.0055012624, 0.0031149907, 0.033921305, 0.006633986, 0.04213733, -0.014332732, -0.0055201408, 0.012218314, 0.046335958, -0.03522016, -0.003333984, -0.043405976, -0.0042590415, 0.019724498, -0.0070115607, 0.040053114, -0.007838449, 0.022790404, -0.0119087035, 0.010934561, 0.022352418, -0.015374838, 0.008178266, -0.007139936, -0.0470609, -0.029133657, 0.0023466263, -0.022337314, -0.05476342, -0.039177142, -0.02858995, 0.0028903338, -0.026082855, -0.021325415, 0.024330908, 0.019301614, -0.01715699, -0.012535477, -0.010556987, 0.030840294, 0.036367986, -0.0019917062, 0.016839828, -0.0022673355, -0.012422205, -0.01634143, -0.0571799, 0.001010956, -0.02880139, 0.035159748, 0.010330441, 0.015797721, -0.006022315, 0.0019822668, 0.0024901046, -0.0068643065, -0.02069109, 0.008027236, 0.031565238, -0.02206546, 0.00511236, 0.0531323, -0.0007452379, 0.015782619, -0.0566664, -0.021416033, 0.0041873027, -0.033075538, 0.0018557792, 0.006830325, 0.031293385, 0.020328617, -0.0018774897, -0.03799911, 0.026853107, -0.030039836, -0.007959273, 0.011576437, -0.028348302, -0.00014536623, -0.046426576, 0.0091071, -0.0063621323, 0.0637346, 0.020102073, 0.03419316, -0.03522016, 0.05702887, 0.009084445, 0.036609635, 0.0060298666, -0.024980336, 0.0041419934, 0.0052105295, 0.00139797, -0.026943725, -0.018138684, -0.033679657, -0.0065282653, -0.0054786075, 0.0010921346, -0.045792248, -0.0063621323, -0.002140848, -0.01623571, -0.035733663, -0.004938676, -0.021823812, -0.049990878, -0.006607556, 0.01538239, -0.02975288, 0.0126714045, 0.025675073, 0.011244172, 0.026113061, -0.014619689, -0.021869121, 0.027079651, -0.009983073, -0.008888107, -0.011938909, -0.010292684, -0.020811914, -0.028514436, -0.012173005, -0.0028506883, -0.005354008, 0.060230702, 0.011667056, 0.019256305, 0.01761008, -0.001501803, 0.0070153363, 0.017987655, 0.006309272, 0.00035916784, -0.011402753, -0.0318673, 0.02559956, -0.021838916, -0.00027421355, 0.005727807, 0.006486732, -0.030855397, 0.024799101, 0.018652186, 0.016250812, -0.02368148, 0.016250812, -0.01184074, 0.017730905, 0.030070042, -0.020917634, -0.019724498, -0.01356248, -0.032290183, -0.050595, -0.021023355, 0.01219566, 0.016552871, -0.011870946, 0.0030413636, 0.0031451965, -0.026838005, 0.017625183, 0.0011261163, -0.035038926, -0.0107155675, 0.0566664, 0.013789025, 0.02034372, 0.014038224, -0.015707104, 0.004372314, 0.039328173, -0.05884123, 0.005225633, 0.024980336, -0.022624271, 0.014174151, -0.03911673, 0.055730015, 0.012354242, 0.006679295, 0.012656301, -0.003615277, -0.009658359, -0.015450354, 0.0142421145, -0.02712496, 0.0063281506, 0.0027902764, -0.0034887895, 0.04062703, -0.04376845, 0.018335024, -0.025373014, -0.017081475, -0.03222977, -0.011108245, -0.025388118, 0.051229324, 0.05739134, 0.019815115, -0.0076345587, 0.017262712, -0.037062723, 0.0039494303, -0.008140509, 0.008918312, -0.016175296, 0.031444415, 0.011629298, 0.02135562, 0.035763867, -0.021733195, -0.010692913, 0.021823812, 0.0053313538, -0.022080563, 0.025931824, 0.0002987559, -0.044493392, -0.015057676, -0.0115839895, 0.0069851303, -0.01487644, 0.045218337, -0.021763401, -0.03775746, -0.016522665, 0.051531382, 0.05104809, 0.011146002, -0.031081943, 0.007725177, 0.00023751803, 0.0020256878, 0.029662263, 0.023394523, -0.02525219, 0.0070153363, 0.036458604, 0.012369344, -0.00678124, -0.024451733, -0.026445325, -0.014883991, -0.0071927966, -0.011191311, -0.033830687, -0.053464565, -0.0063168234, 0.0046441676, -0.014332732, 0.0354316, 0.009137305, 0.0007004009, 0.0028941093, -0.012112593, -0.027849903, 0.002246569, -0.039600026, 0.05373642, -0.0023164202, 0.024028849, 0.03183709, -0.0027355282, 0.05201468, 0.030840294, -0.00033486148, 0.05014191, -0.0039532064, 0.010398405, 0.039297964, -0.053947862, 0.01983022, -0.046577606, -0.059777614, -0.019618778, 0.03778767, -0.016114885, -0.03950941, -0.0068529793, -0.010511678, -0.020283308, 0.023409626, 0.009243026, 0.013298178, 0.009265681, 0.019422438, -0.0071927966, 0.05687784, 0.008918312, -0.010436162, -0.04434236, 0.022609169, 0.010005727, -0.0065056104, -0.02079681, 0.041110326, 0.014529071, 0.0015131303, 0.04271124, 0.03663984, -0.03298492, -0.0018831535, -0.02044944, 0.022986742, 0.03244121, 0.020872325, 0.014196806, -0.0344046, -0.006558471, -0.02510116, 0.045550603, 0.020056764, 0.022533653, -0.05440095, -0.0017746007, -0.020419234, -0.013826783, 0.027457226, 0.014347835, 0.028756082, -0.0010987421, -0.013600238, -0.0212499, -0.001056265, 0.0068492037, -0.036247164, -0.03528057, 0.022186285, 0.028106654, -0.001740619, 0.034495216, -0.033166155, 0.010360648, -0.012860191, -0.02484441, -0.013841885, 0.032924507, -0.02150665, 0.022594064, -0.008737077, -0.027411917, -0.039146937, -0.016764313, 0.034011923, 0.003451032, 0.002214475, 0.003794625, 0.019754704, 0.05101788, 0.0029941667, 0.008963621, 0.076783575, 0.01356248, 0.01275447, 0.001978491, -0.0016547207, 0.021627475, 0.010209617, 0.019724498, -0.015858134, 0.020268206, 0.016160194, -0.024799101, 0.055427954, 0.0011364996, -0.018153787, -0.025418323, -0.010164308, -0.0014904758, 0.04413092, -0.013139596, -0.013637995, 0.0074117896, -0.04017394, 0.0033566384, 0.022050358, 0.020117175, -0.022382623, -0.034011923, -0.0041419934, -0.02322839, 0.027185373, 0.018652186, -0.017806418, 0.0015367287, 0.010028382, 0.00523696, 0.032864094, 0.02757805, 0.029662263, 0.0022352417, -0.0059543517, 0.034253567, 0.016432047, -0.0012393887, -0.016583078, 0.021325415, -0.04337577, -0.01887873, -0.042801857, 0.0056749466, -0.006381011, -0.020162484, -0.006381011, 0.01933182, 0.01705127, -0.001502747, 0.01907507, -0.019150585, 0.045973483, -0.018395435, 0.003938103, 0.0035529772, -0.03769705, 0.021763401, 0.00956774, -0.024783999, 0.013554929, 0.007064421, 0.007691195, -0.036126338, 0.012120145, 0.003658698, -0.021597268, -0.015442802, -0.0052596144, 0.018244406, -0.02155196, 0.017383534, 0.026022442, -0.039600026, 0.006396114, -0.026989033, 0.015722208, -0.006607556, 0.015858134, -0.014491314, -0.01649246, 0.0010751437, 0.02454235, -0.016734106, -0.009431814, -0.029178966, -0.012663852, -0.027170269, 0.00228999, -0.0031357573, 0.0060487455, 0.007838449, 0.007981927, -0.011093142, 0.03703252, 0.011161106, 0.023303906, -0.0069096154, -0.0049764332, 0.023696583, -0.032501623, -0.018304817, 0.005995885, -2.8428715e-06, 0.01705127, -0.020781707, 0.015193603, 0.019966146, 0.013305729, -0.00082311267, 0.029058142, 0.006082727, 0.015291772, -0.041805062, -0.016386738, -0.013403899, 0.0032792354, -0.024814203, -0.0364284, -0.003911673, 0.035189953, -0.023560656, -0.017746007, 0.019150585, -0.03171627, 0.036881488, -0.016447151, 0.044463187, 0.0097414255, -0.0145139685, -0.00055503467, -0.002958297, -0.033891097, -0.0424998, 0.014446005, -0.03247142, 0.017036166, 0.018531362, -0.006954924, -0.009280784, -0.022337314, 0.018848525, -0.016658593, 0.0049160216, -0.0212499, 0.01862198, 0.0027619584, 0.010836392, -0.013887194, 0.00022831465, 0.032411005, 0.046215132, -0.011055385, 0.01386454, 0.029662263, -0.021627475, 0.0025014319, 0.024572557, 0.010194515, 0.0045573255, 0.0011242285, 0.020373926, 0.024225187, -0.015125639, 0.010028382, -0.012308933, -0.026928622, 0.020117175, 0.017428845, 0.02788011, 0.0069511486, -0.006936046, -0.0021672782, -0.0048971428, 0.010632501, 0.013237766, 0.015118088, -0.010587192, -0.056303926, -0.0069209426, 0.021295208, 0.015457905, -0.03222977, 0.043526802, 0.023968436, -0.031655855, -0.018350126, -0.010277581, -0.1057813, -0.009975522, 0.022835713, -0.0040287212, -0.027910316, 0.021083767, 0.0047385613, -0.0020143606, 0.046940077, -0.028620156, 0.030145558, -0.013502068, 0.009439365, 0.017262712, 0.049870055, -0.005429523, -0.012543029, -0.025342809, -0.016386738, 0.015963854, -0.007898861, -0.0012724265, -0.011599092, 0.012271175, -0.023213288, -0.025539147, -0.025463631, -0.003243366, 0.012716713, 0.013456759, 0.029269584, 0.022201387, -0.028529538, 0.027532741, -0.029964322, -0.008661562, -0.0020162484, -0.038573023, 0.018954245, -0.0021049785, 0.008933416, -0.00081461726, -0.03183709, 0.0071021784, -0.010806185, 0.044855863, 0.016401842, -0.0072381054, 0.0053917654, -0.014649895, -0.022896124, -0.005758013, -0.029964322, -0.008276436, 0.028393611, -7.28601e-05, -0.016809622, -0.015321978, -0.01735333, -0.054733217, 0.016583078, -0.009597947, -0.010232273, -0.007906413, -0.0069587003, -0.03295471, -0.0047800946, 0.013388796, 0.021899328, 0.0020615575, 0.0063923383, 0.009643256, 0.0012223978, -0.01103273, -0.0015556074, 0.0056711705, 0.002276775, -0.0020238, 0.025886515, -0.004957555, -0.01913548, 0.018410537, 0.004508241, 0.005995885, -0.0033792928, -0.00084151945, 0.007725177, -0.025267294, 0.019195894, -0.01037575, 0.0029205396, -0.008419914, -0.00675481, 0.033740066, -0.01472541, -0.003243366, 0.008910761, 0.031565238, 0.0013007446, -0.002960185, 0.0067019495, -0.026581254, -0.021129075, -0.012444859, 0.01472541, -0.011825637, 0.01437049, -0.0027298646, -0.02843892, -0.006146915, -0.006962476, -0.011168657, 0.032713063, -0.050685618, -0.00039621737, -0.0006414049, -0.04684946, -0.010813737, 0.053011477, -0.012263624, -0.015193603, 0.010919458, 0.01887873, 0.008140509, -0.024315806, -0.023032052, -0.019603673, 0.017746007, -0.00895607, 0.034283776, -0.011002525, -0.011062936, -0.011002525, -0.0023655049, -0.006871858, 0.025493838, -0.006324375, -0.009930212, 0.037334576, -0.0031319815, 0.00024896328, -0.004715907, -0.012716713, -0.005754237, 0.0010723119, 0.011410305, 0.02292633, 0.020011455, 0.012082388, 0.036851283, -0.011229069, -0.0016764313, 0.021234797, -0.00014477626, 0.0007183357, -0.04083847, 0.010232273, -0.016613282, 0.03582428, -2.3406676e-05, -0.0022862144, 0.06421789, 0.02337942, 0.009220372, -0.008714423, -0.0065093865, 0.03177668, 0.009726322, -0.017519463, 0.02768377, -0.0016566087, -0.003938103, -0.0072192266, -0.028529538, -0.01341145, -0.016145092, -0.014211909, 0.014053327, 0.009492226, 0.01275447, 0.016477356, -0.007808243, -0.010760876, 0.025524044, 0.02990391, 0.015752412, -0.0055578984, 0.002590162, 0.036609635, 0.0009481842, 0.00038347422, 0.0022069237, -0.0016415056, -0.01735333, -0.0010241711, -0.013426553, 0.022775302, -0.007272087, 0.010270029, 0.021370724, -0.021023355, -0.030039836, 0.011500923, -0.0001353369, -0.017443947, -0.0017141887, -0.029722674, -0.004621513, -0.009356299, -0.0058184247, 0.011787879, 0.010896804, -0.0036662496, -0.0032773477, 0.02342473, 0.0051236874, -0.0054786075, 0.008842798, -0.00018111782, -0.005859958, 0.014808477, 0.008502981, 0.03476707, -0.035189953, -0.031051736, -0.034434807, -0.04968882, -0.024617866, 0.015903443, 0.00829909, 0.0056938254, -0.01523136, 0.010632501, 0.016915344, -0.028348302, 0.008616253, 0.015540971, -0.023741892, 0.015495663, 0.021989945, -0.023636172, -0.014483762, -0.030190866, 0.0054823835, -0.0021446238, -0.019603673, -0.023621067, 0.014597035, -0.004459156, 0.005697601, 0.00081556116, 0.011757674, 0.007166366, -0.029647158, -0.021687886, 0.001116677, 0.014287423, -0.020615574, -0.071829796, 0.014015569, -0.007245657, -0.031414207, 0.016945548, 0.03950941, 0.0033207687, 0.006339478, -0.011372548, -0.013532274, 0.0025467407, -0.0011629298, -0.0009146745, 0.036821075, -0.02514647, -0.030447617, -0.009983073, 0.01431763, -0.018183993, -0.026354708, -0.024179878, -0.00854829, 0.024919925, 0.04286227, -0.022488344, 0.019346923, -0.018138684, 0.010851494, -0.0032188236, -0.021234797, 0.011553783, -0.024965234, 0.01588834, 0.026475532, -0.0022258023, 0.008820143, 0.0099528665, -0.004432726, -0.008842798, 0.014536623, -0.020675985, 0.009529984, 0.0035963983, 0.013033876, 0.0032056086, -0.041261353, 0.0036228285, 0.032018326, 0.016522665, -0.05177303, -0.008873004, -0.055941455, -0.008646458, -0.009703668, 0.068144664, -0.017957449, -0.007124833, -0.015261566, 0.0056711705, 0.0017963112, 0.012610992, -0.035733663, -0.0007990423, 0.017866831, -0.017066373, -0.04684946, -0.0050594998, -0.007166366, -0.005667395, 0.010798634, -0.023213288, -0.03171627, 0.018591775, -0.025720382, 0.022443036, 0.0064905076, 0.012203212, -0.023908025, -0.016975755, -0.00713616, -0.008140509, 0.012867743, -0.01270161, 0.004697028, -0.032773476, -0.0046743737, -0.033166155, 0.014755616, 0.022427931, 0.017534565, -0.004111788, 0.011591541, -0.009748977, 0.0042137327, 0.010783531, -0.022760198, -0.008903209, 0.00061544665, 0.0010609847, -0.0048744883, -0.02676249, 0.0049311244, 0.07056114, -0.028076448, -0.0133208325, -0.008163163, -0.032350592, -0.009529984, 0.025282396, 0.016024267, 0.014136394, -0.01952816, -0.013245317, 0.026641665, -4.595791e-05, 0.046184927, 0.034887895, -0.0027109857, 0.07170897, -0.0012469402, -0.023545554, 0.010549434, -0.005410644, 0.003938103, 0.029677365, -0.011659504, -0.0017189084, -0.029405512, -0.025433427, 0.015208705, 0.017851727, 0.0111309, 0.00779314, -0.012354242, 0.012127697, -0.0033641898, 0.03739499, 0.019346923, 0.01412129, -0.015125639, 0.005225633, 0.008608702, 0.008873004, 0.004802749, 0.030341895, 0.017700698, 0.00285824, 0.035340983, -0.022201387, 0.03132359, -0.029118555, -0.012112593, -0.010058587, 0.0029280912, -0.016809622, -0.005878837, 0.008925864, 0.0014234564, -0.0006499003, -0.0027865006, 0.013426553, 0.019059967, 0.01143296, -0.004300575, -0.012316484, -0.004304351, 0.007392911, -0.0050972574, -0.0028204825, -0.014883991, 0.011168657, 0.027170269, -0.023756994, 0.029647158, -0.013721062, -0.032713063, -0.024194982, 0.0043383325, 0.0068189977, 0.021763401, -0.034827482, 0.012467514, -0.000624886, -0.0057957703, -0.0011176208, -0.0061355876, 0.0015367287, -0.006471629, -0.014823579, 0.0035340984, 0.014430902, -0.0049349004, 0.0010449378, -0.018939143, 0.017625183, 0.041563414, -0.005380438, -0.006588677, 0.019724498, -0.027940521, -0.025388118, 0.0017661053, -0.0065056104, -0.028952422, 0.0283332, 0.008019685, 0.02372679, 0.021431135, -0.015057676, -0.023756994, -0.0021068663, 0.013924952, 0.02120459, 0.021416033, -0.011976667, 0.007959273, 0.017640285, -0.0055201408, -0.000847655, 0.011229069, 0.011659504, 0.014740513, 0.003122542, -0.0088579, -0.0030432513, 0.0035963983, -0.010262478, 0.026067752, 0.0021087541, -0.00951488, 0.03546181, -0.003347199, 0.01847095, 0.02484441, -0.00046772056, 0.013532274, 0.007898861, 0.017791316, 0.0030224847, -0.0024051503, -0.007687419, -0.0044704834, 0.0074042385, -0.007630783, 0.01452152, -0.020253103, 0.008231127, -0.038633436, -0.025735486, -0.03304533, 0.00895607, 0.008691767, 0.014347835, 0.019694293, 0.022775302, -0.002469338, -0.010617399, 0.024028849, -0.018727701, 0.0047385613, -0.023032052, 0.019195894, -0.009114651, -0.030190866, -0.01745905, 0.0031678511, -0.0064791804, 0.0021295208, 0.00991511, -0.006007212, 0.009446917, 0.015261566, -0.026928622, 0.00036081974, -0.019362027, 0.0036775768, 0.01437049, -0.016839828, 0.037606433, -0.04186547, -0.009499777, 0.0045762043, 0.00072635914, 0.008752179, -0.00037143903, 0.0052596144, -0.00440252, -0.0192261, -0.019165687, -0.016009163, -0.021446237, 0.0028808943, -0.0057315826, 0.004610186, 0.008963621, -0.0035492014, 0.0077704857, 0.015254014, -0.01477827, -0.002811043, 0.023500243, -0.005070827, -0.0077553825, -0.020872325, -0.00015244575, -0.016160194, -0.020962942, -0.036700252, 0.015359735, -0.0030602422, -0.02019269, -0.01199177, -0.00085567846, -0.0039494303, -0.004700804, 0.007853552, -0.026732283, -0.014551726, -0.016552871, 0.019966146, -0.05283024, 0.024013747, 0.020509854, 0.008117855, 0.019497953, -0.020117175, 0.0015867574, -0.028272787, 0.022533653, -0.009001379, -0.026400017, -0.04337577, 0.0093034385, 0.003987188, 0.0036473707, -0.0025146469, -0.0051689963, -0.000102417114, -0.0065660225, 0.023001846, 0.0048405067, -0.016583078, -0.030190866, 0.008895658, 0.012777125, -0.0022050356, -0.014362939, 0.016839828, -0.007185245, 0.039962497, 0.018757908, -0.010768428, -0.013434105, 0.0032244872, 0.0095224315, 0.0030092697, -0.008117855, 0.0011176208, 0.019603673, 0.023772098, -0.00044695396, 0.0023806079, 0.01108559, -0.042227946, 0.0011553783, 0.0061808964, -0.0032679082, -0.0074797533, 0.009265681, 0.01862198, 0.012271175, 0.018455848, -0.00951488, -0.010866597, 0.00211253, 0.009945315, 0.0034132744, 0.009733873, -0.03657943, -0.0015829816, -0.0052218568, 0.00839726, -0.025629764, -0.0177158, 0.00422506, -0.018908937, -0.0024485714, 0.004832955, 0.015525868, 0.008903209, -0.0015272893, 0.003764419, 0.0075968015, -0.0069398214, 0.0016330102, -0.015140742, -0.020237999, 0.0014602698, 0.004772543, 0.024376217, 0.007846001, -0.022745095, 0.0035435378, -0.0056258617, 0.0069700275, 0.0014074094, 0.006082727, 0.029647158, 0.013653098, -0.01270161, 0.0036115013, -0.013192457, -0.0047612158, 0.013758819, -0.028167067, 0.004194854, -0.02858995, -0.012422205, 0.0010723119, -0.02676249, -0.014649895, -0.017368432, -0.010202066, 0.004342108, -0.0066415374, -0.0050594998, 0.014816028, -0.035038926, 0.02131031, -0.00013887667, 0.0057466854, 0.007959273, 0.023862716, 0.0029337548, -0.036096133, -0.02038903, 0.0040853573, -0.0048178523, 0.01427232, -0.0056900494, -0.03618675, -0.00026383027, 0.008178266, -0.008570944, 0.009869801, 0.012580786, 0.023605965, -0.012188109, 0.018501157, -0.0014451669, 0.012867743, -0.014853786, -0.006007212, -0.014906646, -0.012626095, 0.023862716, 0.00845012, -0.0242856, -0.0049311244, 0.0022427933, 0.0046932525, 0.0051954268, 0.006513162, -0.0064791804, 0.030070042, 0.016839828, -0.02353045, -0.0052029784, -0.009356299, -0.03295471, 0.005014191, -0.038029317, 0.004591307, -0.00096281525, 0.00081414526, 0.014476211, 0.026248988, 0.030643957, 0.007778037, 0.018501157, 0.012905501, -0.01978491, 0.011591541, -0.010489023, 0.025720382, 0.030296586, -0.016779415, 0.031655855, -0.018939143, 0.010798634, 0.0054408503, -0.01047392, 0.019090172, 0.0055843284, -0.019739602, 0.008427465, 0.02049475, 0.010058587, 0.014544174, 0.013577583, -0.012792228, -0.0074873045, -0.006377235, -0.007861104, -0.008389708, 0.040083323, 0.008200921, 0.007358929, -0.006947373, -0.00053049234, 0.015616486, 0.013577583, 0.002037015, -0.016567973, -0.017323123, -0.0063168234, -0.021023355, 0.028831597, -0.017746007, -0.017172094, -0.0063470295, 0.028469127, 0.015269117, -0.001383811, 0.004715907, -0.0127242645, -0.015616486, 0.012037079, 0.005338905, 0.024512144, -0.03567325, -0.0074910806, 0.015072779, 0.017126784, -0.002811043, 0.012203212, 0.00050783786, -0.039932292, -0.030190866, 0.0007716681, 0.024965234, -0.0440101, -0.019150585, -0.013539826, 0.019362027, -0.017881934, 0.0031338693, -0.014483762, 0.029435717, 0.014083534, 0.016975755, 0.017685596, -0.010111448, -0.0011355557, 0.030704368, 0.0207515, 0.021597268, -0.017987655, 0.011213966, 0.012089939, -0.018682392, -0.008019685, 0.011349893, -0.014461108, 0.036156546, -0.039448995, -0.01801786, 0.0034887895, -7.3634424e-06, -0.008963621, -0.0035303226, 0.0076383343, -0.009235475, -0.021144178, -0.013313281, 0.012203212, 0.0011959675, 0.012588338, 0.007366481, -0.0016698238, -0.005890164, -0.00037757462, 0.012459963, 0.008661562, -0.0042024055, -0.0052784933, -0.015556074, 0.0010005727, -0.0009807501, -0.022443036, -0.033317186, 0.006886961, 0.004119339, -0.00130924, -0.0010430499, 0.004508241, 0.0020426787, -0.01275447, -0.005727807, 0.030372102, -0.014906646, -0.020585367, 0.033105742, 0.007570371, -0.0071625905, -0.012633647, 0.014461108, -0.0017217402, -0.0026807797, 0.0161904, -0.016673695, 0.0106627075, 0.008012134, 0.015782619, 0.012429756, -0.007347602, -0.01609978, -0.012762022, 0.0061053815, -0.010013279, -0.012626095, -0.009409159, 0.008525635, 0.00095290394, 0.010859046, 0.010277581, -0.0142421145, 0.007676092, 0.04322474, -0.0011232845, 0.010640053, -0.039297964, -0.020237999, 0.0025297499, -0.046728633, -0.008208472, -0.029571643, 0.031957917, -0.0033868444, 0.0023013172, 0.014793374, -0.0012601552, 0.002960185, 0.010285133, -0.0047083553, 0.008004582, 0.0024882166, 0.011410305, 0.01103273, 0.005580553, -0.018893834, 0.007981927, -0.00630172, 0.013086736, 0.0032528052, -0.0092505785, -0.01300367, -0.012339138, -0.0036907918, 0.012490168, 0.022835713, -0.006007212, 0.014332732, -0.0283332, 0.01148582, 0.020253103, 0.02585631, -0.0022106995, -0.0100661395, -0.0077704857, 0.015752412, -0.027608257, 0.014597035, -0.005950576, -0.013064082, 0.002140848, 0.005890164, -0.010481471, 0.0012856416, 0.007528838, -0.0014687652, 0.0054370747, 0.009552638, 0.009862249, 0.010458817, -0.009847146, -0.0006428208, -0.008820143, 0.0033962836, -0.010632501, -0.011191311, 0.007706298, -0.015148293, 0.014060879, 0.00746465, 0.022186285, -0.014211909, -0.0063130474, 0.009477123, 0.018742803, 0.017942347, 0.0053313538, 0.009265681, 0.001099686, 0.0126714045, 0.0107155675, 0.0161904, 0.015918545, -0.015208705, 0.0009137306, 0.0025826104, 0.015095433, -0.0049764332, 0.0047045797, -0.01264875, -0.014045776, 0.006694398, 0.0046819253, 0.010353096, -0.011916255, 0.0034755743, -0.0013621005, 0.011357444, 0.022292005, 0.017187197, -0.011244172, 0.017579874, 0.0018680504, 0.0027336401, 0.023243492, 0.00526339, -0.0016594405, -0.0042892476, -0.00036648335, 0.005678722, -0.011795431, 0.008948518, 0.0025542923, 0.018908937, 0.0019426214, 0.026339605, -0.011568886, -0.013637995, 0.0091977175, 0.0052294084, -0.01077598, 0.0028034914, 0.03295471, 0.0007037047, 0.019210996, 0.02596203, 0.0013611565, 0.01862198, -0.02368148, -0.00190392, 0.0022597841, 0.018078273, -0.0104437135, -0.00880504, 0.0017198523, 0.010889252, -0.009129754, -0.004746113, 0.0037209978, -0.005206754, -0.004006067, 0.008193369, -0.023107566, -0.0035454256, -0.024421526, 0.019256305, -0.0020445664, -0.0067774644, 0.0034283774, 0.00037379886, 0.0046630464, -0.016250812, -0.031504825, -0.022050358, 0.016416945, 0.008427465, 0.0016528328, -0.016975755, -0.00228999, 0.012316484, 0.003762531, 0.004300575, 0.006532041, -0.004493138, 0.0025637317, -0.00043845852, 0.018848525, -0.0043496597, -0.03434419, 0.014921749, 0.029163864, -0.021838916, -0.033135947, -0.006022315, 0.0050481725, 0.00925813, -0.004878264, -0.0021937084, -0.005157669, 0.009605498, 0.001265819, 0.024436628, -0.0069889063, -0.010096345, -0.008903209, -0.0065093865, 0.035733663, 0.0005847687, -0.02038903, -0.02297164, 0.0045006895, -0.0054219714, -0.0109874215, -0.0028827821, 0.0049122456, 0.01634143, 0.012482617, 0.0012875295, 0.009499777, -0.009235475, -0.006947373, -0.012965912, 0.0110402815, 0.0045988588, -0.02150665, -0.01690024, -0.028650362, 0.0012865855, 0.0010251151, -0.022956537, 0.0006456526, -0.009454468, 0.0034019472, -0.010209617, 0.00091986614, -0.02221649, 0.015918545, -0.02200505, 0.0036568101, -0.024330908, -0.0008268884, -0.014785822, -0.009227924, 0.015903443, 8.890702e-05, 0.032320388, 0.033679657, 0.0070833, 0.008888107, 0.015102984, -0.00062111026, -0.00017993791, -0.021778503, 0.001205407, -0.0022805508, -0.0027487432, -0.020706192, -1.4195921e-06, -0.005606983, -0.0016443374, -0.0067283795, 0.015873237, -0.009492226, 0.0018453959, -0.008367053, 0.0099528665, -0.015193603, -0.0055994317, 0.018742803, -0.017942347, -0.00794417, -0.0063923383, 0.017081475, 0.019694293, -0.0080574425, 0.013985364, -0.011606644, -0.00931099, -0.048027493, 0.009892455, -0.03298492, -0.0011129011, 0.0005186931, -0.01685493, 0.010496574, 0.013419002, -0.0072645354, 0.0047234586, -0.00026241437, 0.003003606, 0.00021509954, -0.008525635, -0.01952816, 0.019392231, 0.0018661625, -0.0012223978, -0.027064549, -0.003007382, -0.004700804, -0.002065333, -0.00096753496, -0.0062526357, 0.012361793, -0.041503, 0.0074722017, 0.0053049233, -0.00038135037, 0.0192261, -0.0049764332, 0.00389657, -0.0013885306, -0.016839828, -0.009227924, -0.005252063, -0.018727701, -0.017564772, 0.014763167, -0.025116263, -0.023213288, 0.008721974, 0.014846234, -0.0024617866, 0.0141892545, -0.0006055353, 0.009416711, -3.1474385e-05, 0.01857667, -0.003938103, -0.01487644, 0.010821288, -0.006501835, 0.020464545, -0.023077361, 0.004474259, 0.0032339266, -0.0066717435, -0.006026091, -0.006667968, -0.008064994, -0.0014395033, -0.015118088, 0.013343487, 0.00065839576, 0.013668201, -0.0012299493, -0.0029941667, -0.0022088115, -0.017730905, 0.004859385, 0.00049320684, 0.004459156, 0.0068794093, 0.010851494, -0.00023244438, 0.007959273, 0.020464545, 0.029783085, 0.0016622723, 0.002114418, -0.016401842, 0.0062299813, 0.0066830707, 0.030372102, -0.009809389, -0.025221985, -0.009786734, -0.023968436, -0.015186051, 0.011017627, -0.0022088115, -0.0013432218, 0.013094287, -0.00051208556, 0.009809389, 0.0023598413, -0.020268206, 0.016537769, 0.0038116158, -0.017942347, -0.01326042, 0.010179412, -0.0064338716, 0.0022390175, -0.022881022, -0.002099315, -0.003347199, -0.014008018, 0.0024655622, -0.009318542, 0.014498865, 0.0041759755, 0.009409159, -0.03198812, 0.017972551, -0.031414207, 0.0002751575, 0.008714423, 0.022443036, -0.009839594, 0.005950576, 0.0035435378, -0.024980336, -0.015457905, -0.019452645, -0.004496914, -0.004236387, -0.0015631589, 0.027260887, -0.002439132, 0.0046026343, -0.00020495222, 0.018138684, 0.006294169, 0.0068378765, 0.020555163, -0.008102751, 0.027291093, 0.013033876, 0.014906646, 0.026943725, -0.004938676, 0.03467645, 0.015299323, 0.0018935367, -0.0005323802, 0.024421526, 0.011848291, 0.0074910806, -0.009273233, 0.0053615593, 0.003290563, -0.00064659654, 0.010277581, 0.018153787, 0.0042439387, -0.011568886, -0.016809622, 0.006709501, 0.018183993, -0.017141888, -0.011168657, 0.0042137327, -0.01022472, 0.008774834, -0.018048067, -0.008261332, 0.01674921, 0.016220605, -0.016643489, -0.008216023, -0.012867743, 0.007321172, 0.023575759, -0.011719916, -0.016583078, -0.00039314956, -0.03168606, 0.00016849267, -0.0039532064, 0.00052624464, 0.026732283, 0.00814806, -0.010813737, -0.0018038627, 0.016522665, -0.0083821565, 0.0026675647, 0.012165454, 0.017247608, -0.0004894311, 0.002826146, -0.01219566, 0.017262712, 0.0033717414, 0.009348747, 0.0072569842, 0.014000467, 0.0121428, -0.007974376, 0.025765691, -0.010874149, -0.0161904, -0.0032660204, -0.0019388456, 0.016220605, -0.009265681, 0.018531362, -0.014015569, -0.011221518, 0.0051048086, -0.011078039, -0.010549434, -0.0019501729, 0.0034227138, 0.012739368, 0.015571177, 0.008351951, 0.014657446, -0.003764419, -0.019679189, 0.000115160256, 0.014717858, -0.008367053, -0.0047083553, 0.0031621875, -0.0445236, 0.004474259, 0.0015367287, 0.008064994, 0.00052482873, 0.03485769, 0.0012365569, 0.004296799, -0.014982161, -0.0007702522, -0.005410644, 0.004764992, -0.004447829, -0.01260344, -0.0030149333, -0.0026411344, 0.012067284, -0.0053162505, 0.0005068939, -0.012089939, -0.02458766, 0.0011298921, -0.004285472, 0.0037549795, -0.0046441676, -0.015571177, 0.0035737439, -0.001099686, -0.00211253, 0.0006338534, -0.01584303, -0.0041721994, 0.009937764, 0.02155196, -0.0015839256, 0.0056334133, 0.010587192, 0.0058259764, -0.015525868, -0.0046517192, 0.011251723, 0.016583078, -0.02904304, -0.026218781, 0.010307787, -0.019467747, 0.01335859, 0.0024278047, -0.009243026, -0.006411217, 0.019210996, -0.008178266, 0.0024202534, -0.0017038054, -0.014793374, 0.0060185394, -0.019754704, -0.00895607, 0.012928155, 0.003064018, 0.0126714045, -0.00022206108, -0.01634143, -0.02975288, 0.0101189995, -0.01219566, 0.017640285, 0.02434601, -0.011380099, 0.004281696, -0.013992915, 0.017670492, -0.005859958, 0.029329997, 0.010111448, -0.010587192, 0.012240969, -0.00014170847, 0.027170269, 0.00064234884, -0.008850349, 0.0015291772, 0.021672783, -0.012988566, -0.0052105295, 0.002811043, -0.03046272, 0.013789025, -0.0045157922, -0.031051736, -0.00077591586, 0.016703902, 0.0039607575, 0.007559044, -0.004983985, -0.015133191, -0.002276775, -0.010020831, -0.016975755, -0.010421059, 0.012731816, -0.0034264897, -0.014536623, 0.018440744, 0.0095224315, -0.015216257, 0.017881934, -0.00010495394, 0.0025391893, -0.026218781, 0.010436162, -0.018199097, 0.007041767, 0.024481937, 0.005255839, 0.008027236, -0.0081103025, 0.012845089, 0.002246569, 0.0044818106, -0.005418196, 0.01412129, 0.0057919947, 0.021854019, -0.017851727, -0.0008283043, -0.0045611016, 0.005844855, -0.003198057, 0.018924039, -0.0051689963, 0.012731816, -0.020917634, -0.0020596695, -0.011070488, 0.03987188, 0.0016009164, 0.016416945, -0.0161904, -0.017504359, 0.00062205415, -0.009205269, -0.008170715, -0.01219566, -0.0001249536, 0.006600004, -0.010020831, -0.01877301, -0.002229578, 0.007513735, 0.0017812082, -0.001010956, -0.020419234, -0.013147148, -0.0107155675, 0.0003001718, 0.023092464, -0.0027732856, 0.005282269, -0.013637995, -0.027502535, 0.023349214, 0.020706192, 0.00538799, 0.007778037, -0.007619456, 0.0110402815, 0.007936618, -0.01791214, -0.0043534352, 0.006437647, -0.002497656, 0.025161572, 0.01937713, 0.0028148189, 0.016507562, 0.002765734, 0.0043194536, 2.1474556e-05, -0.004640392, 0.0018812655, 0.02191443, -0.01978491, -0.0038399338, 0.0043458836, 0.015948752, -0.0047121313, 0.020600472, 0.0070946272, -0.02434601, 0.03718355, 0.007966825, 0.011938909, -0.0136455465, 0.010670259, -0.009983073, -0.0012979128, 0.009537535, -0.006407441, -0.0032244872, -0.0011478268, 0.0207515, -0.0057466854, 0.020102073, -0.0043496597, -0.0053049233, -0.0022390175, 0.011651953, -0.023938231, 0.019362027, 0.02297164, 0.010345545, 0.005119912, 0.0009552638, -0.01062495, -0.022443036, 0.011886049, -0.011825637, 0.00900893, 0.007974376, -0.0035586408, -0.009061791, -0.0018812655, 0.020147381, 0.009061791, -0.0022673355, 0.00035610006, 0.0070077847, -0.0035152198, 0.03031169, 0.016129987, -0.03295471, -0.02247324, 0.019951044, 0.0009090109, 0.0059619034, 0.010073691, -0.003794625, 0.022684682, -0.0060374183, 0.0016367859, 0.008540737, -0.01634143, 0.0018066945, -0.014438453, 0.0077855885, 0.013396347, 0.006456526, -0.014340284, 0.011667056, 0.0059581273, -0.022382623, 0.033860892, 0.006856755, -0.018350126, -4.476324e-06, 0.0020615575, 0.01523136, -0.022775302, 0.024632968, -0.017730905, -0.012618544, -0.0033604142, -0.019618778, -0.0015301211, -0.0014914197, -0.01052678, -0.0026486858, 0.017066373, -0.009779182, 0.010035933, 0.017036166, -0.00490847, 0.005648516, 0.010013279, 0.0027336401, -0.00056494604, 0.011342341, -0.002916764, -0.0038323824, -3.7285492e-05, -0.0044818106, 0.00052907644, 0.017957449, 0.019105276, 0.00315086, -0.006033642, 0.02585631, -0.003762531, -0.0047612158, 0.0070077847, -0.023636172, 0.0038890184, 0.014106188, -0.006184672, 0.003481238, 0.011946461, -0.001813302, -0.00077827566, 0.008404811, -0.018365229, 0.008087648, -0.0049915365, -0.0033698534, 0.003938103, 0.018833421, 0.0036473707, -0.01229383, 0.014974609, 0.0041457694, -0.004878264, -0.0033056657, 0.006762361, 0.018304817, -0.013600238, -0.035492014, 0.005950576, -0.016552871, 0.015299323, 0.0069889063, -0.025946928, 0.016583078, -0.010979869, 0.010489023, -0.016975755, -0.015676899, -0.0014791485, -0.018727701, -0.024059055, -0.023258597, 0.011372548, 0.009975522, -0.022201387, 0.005187875, 0.011576437, 0.0032225994, -0.0012610992, 0.027079651, -0.012286278, -0.0080574425, 0.008268884, -0.006962476, -0.007981927, -0.00804989, -0.033105742, -0.011229069, -0.018244406, 0.023439832, 0.0011884162, 0.017866831, -0.0041759755, 0.011568886, 0.026671872, -0.007185245, 0.029873705, -0.00956774, -0.0043798657, 0.0060902787, -0.016885137, -0.006743483, 0.024225187, -0.004878264, 0.020555163, 0.010783531, 0.005799546, -0.014906646, 0.0145139685, 0.010972318, -0.0005625862, -0.021536857, -0.0005168053, -0.0057919947, 0.022443036, 0.018531362, 0.002305093, -0.0046479437, -0.009688565, 0.00961305, -0.011478269, 0.009756528, -0.013147148, 0.012626095, 0.0048405067, 0.0034793501, -0.00925813, 0.006735931, -0.0024278047, 9.486562e-05, 0.00094724033, 0.017746007, 0.008231127, 0.014883991, -0.008034788, 0.018757908, 0.0067887916, 0.0024164775, 0.008865452, -0.036851283, -0.00057816115, 0.010519229, 0.0059619034, 0.0066868463, 0.016311223, 0.045218337, -0.005758013, -0.0028488005, -0.0031602995, 0.008283987, 0.0009977409, -0.015495663, 0.005025518, 0.007778037, -0.0007716681, 0.0011072375, -0.011802983, -0.03183709, -0.007019112, -0.02044944, -0.0023900473, -0.014853786, -0.014853786, 0.022790404, 0.0020049212, -0.005652292, 0.026354708, -0.0005153894, 0.0024485714, -0.0011129011, 0.0061959997, -0.014974609, 0.019120378, -0.0047876462, -0.024965234, -0.006705725, -0.008027236, -0.025690177, -0.015306875, 0.043919478, -0.006886961, 0.017428845, 0.011289481, 0.022956537, 0.019815115, 0.009983073, -0.010451266, -0.024361115, 0.009907558, -0.01255058, -0.012089939, -0.025418323, 0.010647604, -0.0006329095, 0.003184842, 0.0067283795, -0.0041533206, -0.01502747, -0.0049802093, -0.007883758, 0.0036964554, -0.006139363, -0.009341196, 0.010859046, -0.0021370724, 0.013856988, 0.0028827821, 0.010745774, -0.002843137, 0.0010364424, -0.008042339, -0.015692001, -0.028922215, -0.017670492, -0.012384447, 0.018350126, 1.2735769e-05, -0.0060902787, 0.025977133, -0.010186963, 0.0107155675, -0.009507329, -0.008842798, -0.0007244713, 0.016839828, 0.0024221411, -0.004206181, -0.0013941943, 0.017443947, 0.024376217, 0.01123662, -0.011455614, 0.00860115, -0.023349214, 0.021416033, 0.023183081, -0.011500923, -0.0020747725, 0.0024598986, -0.0014074094, -0.007041767, -0.02200505, -0.002646798, 0.010753325, 0.019920837, -0.019120378, 0.01791214, -0.014000467, 0.013381245, -0.00321316, -0.01108559, -0.0036322677, 0.0019303502, -0.012278726, 0.0006758586, 0.0055994317, 0.008306641, 0.017172094, -0.014627241, -0.0058561824, -0.009401608, 0.007423117, -0.013456759, -0.030568441, -0.015118088, 0.032501623, -0.03854282, -0.02292633, -0.007694971, -0.024783999, -0.0059430245, -0.015125639, -0.0087068705, 0.004564877, 0.011470716, 0.0072871903, -0.010534332, -0.015299323, 0.0078006918, 0.0038210552, -0.00508593, 0.0023900473, -0.007846001, 0.010640053, 0.0023749443, 0.010836392, 0.013328384, -0.008268884, -0.008306641, -0.0055956556, -0.02221649, 0.0047989734, -0.022140976, -0.0044402773, 0.011802983, 0.010685362, 0.000728719, 0.02217118, 0.020962942, 0.0045762043, 0.007627007, 0.007627007, 0.018048067, -0.008200921, -0.014075981, -0.0125052715, 0.011719916, 0.020102073, -0.01862198, -0.0021087541, 0.009922661, -0.02540322, 0.0044251746, 0.008971173, -0.0018548353, 0.008533186, 0.009386505, 0.014899095, -0.008903209, 0.004013618, 0.010670259, 0.01421946, 0.004685701, 0.0068189977, 0.0034944532, -0.012218314, 0.0025184227, 0.009499777, -0.00845012, -0.0004941508, -0.011682158, 0.003316993, 0.019392231, 0.010292684, -0.0004537975, -0.0060865027, -0.020766605, -0.020721296, 0.0055012624, 0.0019615002, 0.0131546995, 0.029767983, -0.0043647625, 0.0033245445, 0.016114885, -0.018183993, -0.012301381, 0.015646692, -0.008374605, 0.012739368, -0.016824724, -0.0012327811, 0.004240163, -0.008774834, -0.012497719, -0.012006873, -0.00027893324, 0.0014328957, -0.014498865, -0.012769573, 0.016386738, 0.013267972, -0.039358377, 0.0130489785, 0.020585367, 0.0050028637, -0.003968309, -0.0033245445, 0.011062936, 0.0058373036, 0.013577583, -0.041080117, 0.0026298072, 0.0004740921, 0.00029946386, 0.0008594542, 0.009605498, 0.0318673, 0.0081103025, -0.00020849198, -0.04165403, 0.007600577, -0.017700698, -0.023243492, -0.0014555502, 6.412869e-05, 0.0054710563, 0.009409159, -0.006471629, 0.005248287, 0.008178266, 0.01649246, -0.0066113314, -0.0011563223, 0.017005961, -0.008518083, -0.013630443, -0.0207515, -0.012746919, 0.017534565, -0.0026411344, 0.002382496, -0.0091977175, 0.02439132, -0.015480559, -0.024512144, -0.020056764, -0.0014498865, 0.0062601874, 0.030734574, 0.021944636, -0.010972318, -0.0016934222, 0.019422438, -0.009394056, -0.008631356, 0.051078293, 0.0006263019, -0.00356808, 0.003122542, 0.0023711687, 0.016220605, -0.0039041215, 0.02034372, -0.0062866174, 0.014944403, -0.013494517, 0.017730905, -0.024617866, 0.003524659, -0.006562247, 0.010791083, 0.011704813, 0.018108478, 0.015148293, 0.000120115925, 0.017217403, -0.0055390196, 0.029828394, 0.0054823835, -0.0024636744, 0.009484675, 0.002780837, -0.013615341, -0.008782386, -0.008442569, 0.0053917654, -0.004281696, 0.006962476, 0.020585367, -0.032864094, 0.0075968015, -0.0024183653, 0.017111681, -0.004474259, 0.018561568, 0.016824724, -0.020962942, -0.0037021192, 0.0025580681, -0.022714889, 0.0237872, -0.01603937, -0.00041934382, 0.01487644, 0.004508241, 0.007921515, 0.007808243, -0.02069109, 0.0014848121, -0.008759731, 0.0010911906, 0.017670492, 0.005784443, -0.011719916, 0.017081475, 0.013184906, -0.01279978, -0.0051048086, -0.01827461, 0.0051425663, -0.014921749, 0.0019520607, -0.0006758586, 0.0022088115, 0.00237872, -0.009295887, -0.0053313538, 0.0030961118, 0.0047121313, -0.021823812, -0.007230554, -0.009401608, 0.009643256, -0.013532274, -0.01341145, 0.0046252892, -0.0045686527, -0.010723119, 0.021793608, 0.010254927, -0.018999554, -0.0056447405, -0.009363851, -0.0010553211, -0.0047800946, 0.0032490296, -0.007959273, -0.0046743737, 0.0025373015, -0.0048556095, -0.004655495, 0.0035737439, 0.016839828, -0.010949664, 0.012006873, 0.02312267, -0.00956774, 0.02150665, 0.020736398, -0.0012186221, 0.026747385, -0.009582844, 0.015646692, -0.021083767, -0.007396687, 0.006010988, 0.00966591, 0.0047045797, -0.0021389602, -0.020132279, -0.01877301, 0.018637083, 0.0074457712, -0.031081943, 0.0096281525, -0.007687419, -0.014581932, 0.019044863, -0.016930446, -0.013615341, 0.0034227138, 0.0049802093, 0.009688565, -0.006902064, 0.02656615, 0.010806185, -0.0066453135, 0.0048291795, 0.0048254034, -0.020237999, 0.011795431, 0.011304584, -0.01335859, -0.0009297775, -0.001010956, 0.018335024, 0.038089726, 0.010451266, 0.009733873, 0.0013724837, 0.010836392, -0.0028506883, 0.027925419, 0.0008132013, 0.0035907347, -0.008238678, 0.0043194536, 0.012437308, -0.0041080117, 0.015646692, -0.013086736, 0.0062375325, -0.015797721, 0.010602295, -0.03582428, -0.016069576, 0.003809728, -0.00042288358, -0.032139152, 0.016734106, -0.0037889613, -0.009401608, -0.031081943, -0.010806185, -0.006290393, -0.004508241, 0.0008821087, 0.013471862, -0.025584456, -0.018183993, 0.0045271195, -0.006962476, 0.0107155675, 0.0016537769, -0.0060185394, 0.009892455, 0.006233757, 0.006203551, 0.038693845, 0.01983022, -0.005293596, -0.0019256305, -0.003975861, -0.015556074, 0.004062703, -0.0071059545, -0.012391999, -0.0003181066, 0.015397493, 0.006377235, 0.01446866, 0.005844855, -0.006543368, 0.008019685, -0.0047498886, 0.01989063, 0.0021616146, -0.0043760897, 0.007377808, 0.001487644, 0.030039836, -0.019966146, -0.013124494, 0.02525219, -0.009054239, -0.025826104, -0.013524722, 0.015465456, -0.00060742314, -0.0017425069, -0.021008251, 0.004968882, 0.022186285, 0.006694398, -0.029994527, 0.0030319241, 0.012006873, 0.007253208, -0.020585367, 0.007687419, 0.0004117923, 0.018048067, 0.024708483, -0.002705322, -0.0041721994, 0.017338226, 0.013992915, -0.014732962, -0.019739602, 0.0051840995, 0.001754778, 0.023213288, -0.0051992023, -0.029435717, -0.018999554, 0.013796576, 0.015752412, -0.007853552, 0.007340051, -0.02161237, 0.00080706575, 0.023636172, -0.0010317226, -0.025418323, 0.007966825, -0.0015131303, -0.016220605, 0.0077553825, -0.0005370999, 0.0034302655, -0.014755616, 0.00075986894, -0.0046328404, 0.0040778057, 0.014325181, -0.004209957, 0.009039137, -0.002929979, 0.017851727, 0.01831992, -0.037636638, 0.006173345, -0.0038927943, 0.011516026, -0.0042212843, 0.018591775, -0.024874616, 0.0038644762, 0.03192771, 0.008752179, 0.003569968, -0.006486732, 0.016643489, -0.0028959974, 0.006773689, 0.012580786, -0.0032207114, 0.0017878158, -0.008291539, 0.018999554, -0.027306195, -0.0029413062, 0.01887873, -0.012210763, 0.02191443, -0.008533186, -0.0076345587, 0.007226778, 0.014664998, 0.0049462277, 0.0022220267, -0.013622892, -0.013637995, -0.01381168, 0.023047155, 0.021838916, 0.0022503447, -0.023817407, -0.012905501, 0.011946461, 0.010738222, -0.004999088, 0.008140509, 0.01584303, 0.014461108, 0.0075363894, 0.017262712, -0.0074004624, -0.010972318, 0.00029498016, -0.00065556396, 0.010186963, 0.0012648749, 0.0035322106, 0.0008363278, 0.018984452, 0.008676665, 0.0025335257, -0.0070568696, -0.03117256, -0.007981927, -0.021008251, 0.014664998, -0.0172023, -0.013237766, -0.0042439387, -0.0148915425, -0.011553783, -0.004666822, 0.01341145, 0.003987188, 0.0038607004, -0.005418196, 0.015042572, -0.023741892, -0.003152748, 0.01366065, -0.0020709967, 0.026475532, 0.0057013766, 0.015405044, -0.005486159, -0.007317396, -0.009907558, -0.013290627, -0.010708016, -0.015344633, 0.0022729991, -0.016779415, 0.00025745868, -0.009039137, 0.0010364424, 0.010073691, -0.02701924, 0.014702756, -0.008193369, 0.022881022, 0.0007645886, -0.008480326, 0.010511678, -0.0049424516, 0.008072546, 0.015571177, -0.016250812, -0.009356299, -0.0093034385, -0.010942113, -0.010005727, -0.017021064, -0.00804989, -0.011161106, 0.012407102, -0.0050292937, 0.030115351, -0.009129754, 0.006751034, 0.0004507297, -0.017685596, 0.033135947, -0.010436162, 4.8258757e-05, 0.003258469]"
絶叫,fromCluster,0.8571,21.0,0.9976,"[0.027709998, -0.03252648, 0.0035990227, 0.027770966, 0.0043477872, 0.004195367, -0.049384158, 0.045604136, -0.02787766, 0.029249443, 0.005639549, 0.0026997435, 0.021857062, -0.017863652, -0.015470654, -0.05307273, -0.009526265, -0.005978684, 0.026185798, -0.017741716, 0.019372612, -0.016903404, 0.031764377, -0.014518027, -0.016385175, 0.0010717048, 0.0011679201, 0.013123383, -0.07194235, -0.013801652, -0.0004358266, 0.026307734, 0.011583938, 0.029020812, -0.0009888263, 0.046366237, 0.004279198, -0.03277035, 0.03773925, -0.032709382, -0.033684872, 0.00085164804, -0.0512132, -0.006264472, 0.0059062843, 0.005022247, -0.006908447, 0.019845115, 0.012185998, -0.023137392, 0.053103212, 0.026764994, -0.027054593, -0.03395923, 0.017391149, -0.0007659117, 0.030758403, -0.026170556, 0.0087260585, -0.0064626182, -0.0016004125, -0.023701347, -0.0023186929, 0.027039351, 0.044689614, -0.014952425, 0.03676376, -0.007864884, -0.006672196, 0.027938629, 0.019037288, -0.018427607, 0.0005396629, 0.00564717, 0.025621843, 0.025347486, -0.004149641, 0.054566443, -0.025088372, 0.014952425, -0.02425006, 0.00020910152, -0.008169725, 0.0031265202, 0.027359432, 0.010959015, -0.025240792, -0.05755388, -0.029462831, 0.011248614, -0.0188239, -0.0022424827, -0.022314323, 0.00076781696, 0.024067156, -0.0067141117, 0.0129252365, -0.018336155, -0.0016966278, -0.015653558, 0.032892287, -0.030026786, -0.008924205, -0.038592804, -0.0147619, 0.044628646, -0.010280745, 0.04721979, -0.00033722978, 0.008322145, -0.004286819, 0.023000214, 0.041244917, -0.013222456, -0.028228227, -0.024829257, -0.02885315, -0.004324924, -0.018016072, -0.014967667, -0.062248424, -0.06304101, -0.022497227, -0.002575902, -0.011949747, -0.031307116, 0.03877571, 0.009770137, -0.011004741, -0.021018751, 0.0017642642, 0.0061920723, 0.016750984, -0.0018480953, 0.018778173, -0.017375907, -0.0049498472, -0.02967622, -0.057127103, 0.00880989, -0.034599394, 0.0512132, -0.008040167, 0.0093204975, -0.001265088, 0.0002662591, 0.015653558, -0.004603091, -0.024463449, 0.017452117, 0.021003509, -0.024722563, 0.0027245118, 0.036093112, -0.008626985, -0.00911473, -0.040421847, -0.018961078, 0.0058262637, -0.02236005, 0.0006620754, -0.018762931, 0.029386621, 0.016141303, -0.004088673, -0.023152635, 0.037160054, 0.007842021, -0.0041382094, 0.033197127, -0.02810629, -0.011843053, -0.04404945, -0.008253556, 0.0008402166, 0.05462741, 0.017345423, 0.038166028, -0.010158809, 0.055724837, 0.011934505, 0.026399186, -0.0040124627, -0.026719268, 0.0008745111, -0.021811336, 0.01265088, -0.037983123, -0.025926683, -0.028411131, -0.02537797, -0.014982909, 0.0077848635, -0.05499322, 0.01694913, -0.011301961, -0.011964989, -0.025698053, 0.010257882, -0.023426991, -0.039050065, -0.019997535, 0.009030899, -0.03292277, -0.022863036, 0.009983526, 0.014434196, 0.014350365, -0.038592804, -0.013641611, 0.03578827, 0.0047402694, -0.017726474, -0.027862418, -0.02432627, 0.002823585, -0.03563585, -0.008002062, -0.018244702, -0.0023777557, 0.038226996, 0.005521423, 0.017391149, 0.010052115, -0.0027149855, 0.019525032, 0.01536396, 0.0004222517, 0.018640995, 0.0038314636, -0.03411165, -0.00024553947, -0.01664429, 0.018259944, 0.00274928, -0.0076057697, -0.029950576, 0.050268196, 0.026627816, -0.014502785, 0.014815247, 0.03456891, -0.03322761, 0.0077848635, 0.037007634, -0.012612775, -0.023106908, 0.009793, -0.029279927, -0.053865314, -0.02086633, -0.020088987, -0.02289352, 0.014906699, 0.016095577, -0.001344156, -0.017939862, 0.0342031, -0.00941195, -0.021826578, -0.01121813, 0.066028446, 5.9479615e-05, 0.02243626, 0.026704026, 0.018168492, -0.005578581, 0.030346869, -0.021476012, -0.0037171484, 0.023609895, 0.0011717306, 0.013184351, -0.029112265, 0.042494763, 0.001588981, -0.0074457284, 0.019616485, -0.036885697, -0.009800621, -0.01431226, 0.0072285295, -0.013237698, 0.018701963, 0.040787656, 0.00034556526, 0.027542336, -0.011195267, 0.03170341, -0.009061383, -0.020607216, -0.037983123, 0.0028140587, -0.025347486, 0.042037502, 0.044537194, 0.0010116893, 0.000106575084, 0.0077543794, -0.03313616, 0.004458292, -0.024874983, -0.0058834213, -0.011850674, 0.026856447, 0.0051251305, 0.034325037, 0.03594069, -0.027374674, 0.003480897, 0.03374584, 0.012292692, -0.0135425385, 0.044903003, -0.012376524, -0.033867776, -0.01415984, 0.006233988, -0.010661796, -0.022832552, 0.029721946, -0.009846347, -0.014639963, -0.03990362, 0.067003936, 0.03886716, 0.0058834213, -0.04029991, 0.00858888, 0.008825132, -0.0060815676, 0.0024139555, 0.017391149, -0.008055409, -0.023975704, 0.026688784, -0.020805363, -0.031672925, -0.006809374, -0.013222456, -0.02425006, -0.010311229, -0.004866016, -0.018945836, -0.049963355, 0.0029264686, 0.04005604, -0.0037533483, 0.03426407, -0.007464781, 0.0006444518, -0.013123383, -0.012772816, -0.0011317203, 0.023731831, -0.015699284, 0.010067357, 0.0065312074, 0.010059736, 0.0295238, 0.011401034, 0.042525247, 0.033928744, -0.02056149, 0.029554283, -0.047646567, 0.031246148, 0.03231309, -0.041305885, 0.022161903, -0.037830703, -0.05194482, -0.011484865, 0.046366237, -0.0048965, -0.0584684, -0.0021434096, -0.023106908, -0.009023278, 0.02138456, -0.0045383126, -0.014960046, 0.029097022, 0.014479922, 0.014883836, 0.06755265, -0.0030312575, -0.014289397, -0.044537194, 0.024371997, -0.0062759034, -0.02982864, -0.025134098, 0.03969023, 0.038531836, 0.0034313605, 0.045207843, 0.028014839, -0.017162519, -0.004256335, -0.027313706, 0.028182501, 0.0363065, -0.003496139, 0.017345423, -0.030987034, -0.013260561, -0.03456891, 0.021658916, 0.012643259, 0.023259329, -0.054048218, 0.027024109, -0.022238113, -0.015280128, 0.0123460395, 0.05014626, -0.011210509, -0.00096358167, -0.00858888, -0.03999507, -0.025271276, 0.0006911305, -0.022863036, -0.027511852, 0.021948515, 0.0123231765, 0.012620396, 0.02079012, -0.009023278, -0.022649648, 0.005769106, -0.015653558, 0.010280745, 0.039141517, -0.012788058, 0.011439139, -0.027786208, -0.008764164, -0.02620104, -0.0052623088, 0.028914118, -0.006416892, -0.024646353, -0.0022196197, 0.018397123, 0.036032144, 0.013237698, 0.0018395217, 0.03667231, -0.011340066, 0.020302376, 0.0035209074, -0.0016499491, 0.00843646, 0.018808657, -0.021582706, -0.011248614, 0.0020005156, 0.010067357, -0.0024825446, 0.046274785, 0.012841405, -0.047097854, -0.012170756, -0.015348718, -0.008383113, 0.056669842, 0.00019362134, -0.034477457, 0.013908346, -0.021277865, -0.029173233, 0.003705717, 0.016735742, -0.0062073143, -0.060815673, -0.030773645, -0.0032617932, -0.0066455225, -0.004187746, -0.033166643, -0.014266534, 0.013809273, 0.006131104, 0.022786826, 0.02795387, 0.020912057, -0.010928531, -0.015943157, 0.035666335, -0.008680332, 0.01242225, -0.006432134, 0.021933272, -0.041305885, -0.04142782, -0.04435429, 0.009800621, -0.008169725, 0.0076362537, -0.012064062, 0.0038314636, 0.030621225, -0.019326886, 0.018138008, -0.014899078, 0.031200422, -0.032648414, -0.0081163775, 0.0061768303, -0.017284455, 0.02281731, -0.0015804074, -0.027892902, 0.019601243, 0.018762931, 0.016964372, -0.018915351, -0.0010212156, -0.0039591156, -0.005932958, -0.02530176, -0.0007863932, 0.02749661, -0.01717776, 0.028655004, 0.008634606, 0.01604985, -0.008680332, -0.012772816, 0.0076476852, -0.013946451, 0.030773645, -0.013169109, -0.01423605, -0.017071066, 0.015988883, -0.026292492, -0.026322976, -0.03472133, -0.02507313, -0.020927299, 0.021857062, 0.0123155555, -0.006394029, -0.013435844, -0.0065845544, -0.014502785, 0.026322976, 0.02243626, 0.026033377, 0.0039667366, 0.01197261, 0.018016072, -0.03194728, -0.02130835, 0.009084246, 0.028334921, 0.022908762, -0.0066531436, 0.020500522, 0.016903404, 0.017894136, -0.003185583, 0.03780022, 0.0045916596, 0.042799603, -0.031581473, -0.005323277, -0.014304639, -0.009251908, -0.02658209, -0.0426167, -0.0033380033, 0.03743441, -0.0010764679, -0.011576317, 0.009099488, -0.015371581, 0.028639762, -0.018488575, 0.0412754, 0.005151804, -0.010334092, -0.011378171, 0.000830214, -0.014944804, -0.0433788, -0.0013193877, -0.020668184, 0.0068970155, -0.008527912, -0.0117287375, 0.012452734, -0.013260561, 0.030087754, 0.0039895996, -0.0077924845, -0.019845115, 0.015638316, 0.019906083, 0.01679671, -0.01717776, -0.0012517512, 0.02998106, 0.027252737, -0.0029245634, -0.0009578659, 0.01559259, -0.02627725, 0.014144598, 0.036336984, 0.011812569, 0.009617717, 0.002989342, -0.01815325, 0.001823327, -0.03380681, 0.0042982507, 0.000316272, -0.016994856, 0.0086955745, 0.018625753, 0.025499906, 0.0054109185, -0.033319063, -0.017787442, -0.011172404, 0.0077543794, 0.002741659, 0.005022247, 0.0037076222, -0.023472717, -0.012056441, 0.012185998, 0.011667769, -0.03322761, 0.036062628, 0.012460355, -0.017452117, 0.004728838, 0.008040167, -0.056517422, -0.011431518, 0.0054490236, 0.023244087, -0.00534614, 0.021293107, 0.008779406, -0.00512132, 0.037769735, -0.01807704, 0.041610725, -0.032038733, 0.0037628745, 0.007803916, 0.06816233, -0.007826779, 0.001216504, -0.02371659, -0.023884252, -0.004919363, 0.0037857376, 0.0077086533, -0.018442849, 0.0018014166, -0.02214666, -0.010638933, -0.03080413, 0.021658916, 0.014860973, 0.041610725, 0.03789167, -0.003094131, -0.021963757, 0.02296973, -0.024753047, -0.004427808, -0.0038257479, -0.020470038, 0.0295238, -0.0048698266, 0.002274872, -0.011995473, -0.019540275, 0.0005510944, 0.00016289913, 0.029920092, -0.0056357384, -0.0043477872, 0.01348157, -0.009495781, -0.028685488, -0.01438847, -0.016019367, -0.003305614, 0.01257467, -0.010981878, -0.034782298, -0.02960001, -0.016918646, -0.05209724, 0.00037462037, -0.022634406, 0.019159224, -0.0063140085, 0.012407008, -0.010776111, -0.03435552, 0.01378641, 0.0065388284, -0.01559259, 0.008893721, 0.012185998, 0.017574053, -0.006923689, -0.0051556146, 0.0018690531, -0.010067357, -0.003397066, 0.005243256, 0.0012336513, -0.0013584454, 0.031611957, -0.007030383, 0.0071370774, 0.009107109, -0.010478891, 0.0029779105, -0.025469422, -0.009747274, -0.02688693, -0.009701548, -0.016537596, -0.029218959, 0.03051453, -0.0005796732, 0.00662647, 0.007872505, 0.011019983, 0.0077696214, -0.023625137, 0.017894136, -0.034965202, -0.020088987, -0.024448207, 0.033166643, -0.030590741, -0.021872304, 0.0029283739, -0.004404945, 0.0031074677, -0.024966436, -0.031459536, 0.055023704, -0.049353674, -0.016430901, -0.010425544, -0.04767705, -0.009053762, 0.032374058, -0.0026559227, -0.028944602, 0.014289397, 0.014944804, 0.028655004, 0.0022843983, -0.016034609, -0.02319836, 0.013245319, -0.014967667, 0.036580857, 0.0058910423, -0.03405068, -0.02642967, -0.004705975, 0.026383944, 0.023777558, 0.0022043777, -0.005212772, 0.014868594, -0.011987852, 0.0012546091, -0.020896815, -0.0146856895, -0.013656853, 0.02079012, 0.011195267, 0.008078272, 0.032892287, -0.0029721947, 0.05322515, 0.008497428, -0.01845809, 0.015081982, 0.008291661, -0.006504534, -0.018564785, 0.009884452, 0.0014699027, 0.011301961, 0.004332545, 9.937085e-05, 0.049658515, 0.024356754, 0.0057119485, -0.025621843, -0.006146346, 0.026002893, 9.323832e-05, -0.020500522, 0.033623904, 0.01943358, 0.00069208315, 0.0002915037, -0.0135425385, -0.03862329, -0.011439139, -0.012483218, 0.003623791, 0.029539041, 0.025545632, 0.007803916, -0.004881258, -0.0035818755, 0.011362929, 0.069625564, 0.028411131, 0.008611743, -0.012765195, 0.025271276, -0.0037304852, -0.0038657582, 0.008535533, -0.008405976, -0.021552222, 0.0034599393, -0.029691461, 0.015333476, -0.017193003, 0.007826779, 0.012269829, -0.019555517, -0.0040353257, -0.0047402694, 0.0068741525, -0.013931209, -0.004279198, -0.017055824, -0.002297735, -0.0013879768, -0.015493517, 0.008954689, 0.008345008, -0.023152635, -0.00094071863, 0.012361282, 0.020957783, 0.0098996945, 0.006386408, 0.009831105, -0.023320297, -0.018793415, 0.035452947, 0.005776727, -0.033014223, -0.05249353, -0.021750368, -0.03080413, -0.017208245, -0.013839757, 0.0013374876, -0.007388571, -0.007201856, 0.015988883, 0.009350982, -0.010555102, -0.012041199, 0.003713338, -0.03200825, 0.017528327, 0.010966636, -0.0081239985, -0.011172404, -0.037922155, -0.02025665, 0.0029607632, -0.009046141, -0.018092282, 0.012414629, -0.014578995, 0.0028045324, -0.008040167, 0.01694913, -0.010936152, -0.026231524, -0.0023853767, -0.01249846, 0.014060766, -0.01099712, -0.056547906, 0.038013607, 0.007434297, -0.024798773, 0.010257882, 0.033014223, 0.0015013394, 0.02772524, -0.0080858935, -0.0050946465, 0.008558396, -0.0042296615, 0.014076008, 0.03185583, -0.0075676646, -0.023396507, -0.0019081108, -0.011439139, 0.027283221, -0.025926683, -0.017574053, -0.013923588, 0.022558196, 0.047494147, -0.036397953, 0.01544017, -0.011279098, 0.025408454, -0.008390734, -0.007594338, 0.0099378, -0.018259944, 0.005894853, 0.028594036, 0.0014689501, -0.00028173928, 0.012864268, -0.001249846, -0.004001031, 0.027359432, -0.022863036, 0.006504534, -0.0018690531, 0.006092999, 0.005391866, -0.03743441, 0.0055480967, 0.021003509, 0.0051860986, -0.026947899, -0.00062444666, -0.025560874, -0.014129356, -0.01649187, 0.05965728, -0.018290428, -0.018930594, -0.00018480954, 0.001471808, 0.0045002075, -0.0028502585, -0.01867148, 0.0068208054, 0.028944602, -0.019418338, -0.032892287, -0.012429871, -0.0058186427, 0.0052089617, 0.012239345, -0.026399186, 0.006519776, 0.024036672, -0.030224932, 0.027786208, 0.014937183, 0.0031493832, -0.02530176, -0.008002062, -0.014167461, -0.015424928, 0.016674774, -0.01830567, -0.0046793013, -0.0405133, 0.0012546091, -0.046579625, 0.03563585, 0.00084688497, 0.0010869468, -0.020043261, 0.012871889, -0.013275803, 0.008619364, 0.0153258545, 0.0011336255, -0.020210924, -0.0062911455, 0.0061768303, -0.027085077, -0.034172617, -0.0008935636, 0.06804039, -0.021323591, -0.03307519, -0.013961693, 0.00076781696, 0.012407008, 0.021796094, 0.002892174, 0.021597948, -0.012818542, -0.021079719, 0.021354076, -0.0033494348, 0.03584924, 0.028655004, -0.033258095, 0.09724411, -0.0020576732, -0.025057888, 0.004564986, -0.007095162, -0.0052318247, 0.025347486, -0.015775494, 0.012262208, -0.01159918, -0.022527711, 0.012147893, 0.012864268, 0.0061996933, -0.0035685387, -0.0012755669, -0.008444081, -0.016141303, 0.060236476, 0.01332915, 0.029935334, -0.010791353, 0.00040343733, -0.012109788, 0.02982864, 0.0019414527, 0.022314323, 0.022984972, 0.026764994, 0.03231309, -0.015836462, 0.023152635, -0.036489405, -0.015866946, -0.002394903, -0.00029769578, -0.012132651, -0.012658501, -0.0057119485, 0.008390734, -0.013397739, 0.005300414, 0.012559428, 0.0029645737, 0.017193003, -0.0009983525, -0.009785379, -0.017147277, -0.008040167, -0.000640165, -0.014457059, -0.025637085, 0.011256235, 0.029279927, -0.01800083, 0.021674158, -0.004888879, -0.028182501, -0.028273953, 0.01317673, 0.002402524, 0.01121813, -0.011545833, -0.002522555, -0.020134714, -0.013123383, -0.0014279871, 0.014960046, 0.004374461, -0.0038924317, -0.0072437716, -0.004031515, 0.022451501, -0.010600828, 0.02304594, -0.028091049, 0.005791969, 0.014205566, -0.010669417, -0.017391149, 0.028121533, -0.011149541, -0.03441649, 0.004382082, 0.0020500522, 0.0074914545, 0.019326886, -0.005189909, 0.03200825, 0.030697435, 0.006542639, -0.009198561, -0.0076857903, 0.013146246, 0.031916797, 0.019890841, 0.003019826, -0.003856232, 0.014578995, -0.0022558195, -0.010852321, -0.003608549, 0.006756027, -0.021902788, 0.018183734, -0.010928531, -0.013748305, 0.009518644, -0.01107333, 0.019860357, -0.0011641096, -0.020058503, 0.023396507, -0.009777758, 0.020393828, 0.034782298, 0.010235019, -0.012071683, 0.013915967, 0.0037952638, -0.014053145, 0.0047707534, -0.010074978, -0.015638316, 0.024006188, -0.011172404, 0.017116793, -0.0068208054, 0.016842436, -0.039507326, -0.013679716, -0.022116177, 0.016598564, 0.0053423294, 0.015623074, 0.01746736, 0.0019300212, 0.0017004382, -0.022619164, 0.0069274995, -0.00836025, -0.014525648, -0.014609479, 0.019372612, -0.009145214, -0.017558811, 0.0006263519, -0.016476627, 0.0055747703, 0.00046130936, 0.009198561, -0.0012746142, -0.005090836, 0.011347687, -0.01733018, -0.002356798, -0.011888779, -0.0023472717, 0.024219576, 0.008489807, 0.037861187, -0.023625137, -0.006054894, 0.014655205, -0.012688985, -0.00077496166, -0.0014651396, -0.0059291474, 0.011904021, -0.009732032, -0.023777558, -0.008870858, -0.025332244, -0.0030217313, -0.008924205, -0.0013765453, -0.0058643688, -0.0038695687, 0.01664429, 0.019540275, -0.000576339, -0.008337387, 0.027679514, 6.0313163e-05, -0.00027364196, -0.016979614, -0.0050260574, -0.021125445, -0.027511852, -0.026521122, 0.015638316, -0.0017204434, -0.01582122, -0.014076008, -0.012688985, 0.004888879, 0.003450413, 0.0025778073, -0.030819371, 0.0055595282, -0.009541507, -0.004088673, -0.04359219, -0.0016480439, 0.01641566, -0.009838726, 0.028959844, -0.010067357, -0.012978584, -0.016750984, 0.023808042, -0.02492071, -0.0044621024, -0.030026786, 0.013877862, 0.011423897, -0.0028426375, 0.002341556, -0.0041305884, 0.004572607, -0.0057119485, 0.015424928, 0.008421218, -0.027816692, -0.013077657, 0.014723795, 0.019189708, -0.0052508772, 0.002688312, 0.021293107, -0.00027602352, 0.034477457, 0.0153182335, -0.016659532, -0.005807211, 0.00015277747, -0.005685275, 0.019296402, 0.026094345, 0.001193641, 0.0153258545, 0.006634091, 0.0036923802, 0.008893721, 0.021780852, -0.043348316, 0.007373329, -0.0010755153, 0.007396192, -0.002657828, 0.021293107, 0.0016385176, -0.013016689, 0.014845731, -0.018991562, -0.006809374, 0.017817926, 0.021216897, 0.015699284, -0.01001401, -0.02575902, -0.012818542, 0.009457676, 0.0014765711, -0.010959015, -0.0010440786, 0.004111536, -0.005369003, 0.008299282, 0.013854999, 0.0099225575, 0.0153029915, -0.002703554, 0.0059291474, 0.030605983, -0.013923588, 0.0016175598, 0.0024139555, -0.03548343, 0.007239961, 0.012368903, 0.012551807, 0.00436684, -0.035879724, -0.0065312074, -0.018092282, 0.020195682, -0.0050717834, 0.023853768, 0.028502584, 0.01076849, -0.0069427416, 0.0051175095, -0.0011593464, 0.0037152432, 0.026643058, -0.0032351196, -0.0024977867, -0.018732447, -0.002463492, 0.0008235456, -0.031916797, -0.03533101, -0.02153698, -0.0027530906, -0.006394029, -0.020226166, -0.0033646768, 0.018244702, -0.044994455, -0.011949747, -0.005189909, 0.01995181, 0.005098457, 0.022619164, 0.016141303, -0.010905668, -0.022847794, -0.0023606084, -0.005292793, 0.0037476325, 0.0050031943, -0.01641566, -0.0002805485, 0.020043261, -0.002951237, -0.0047021643, 0.018336155, 0.022390533, -0.011362929, 0.024646353, -0.0043935133, 0.018549543, -0.0012927142, -0.007624822, -0.017482601, -0.0105093755, 0.0076934113, 0.019006804, -0.02960001, -0.015432549, -0.0067788903, -0.03051453, -0.009556749, 8.091371e-05, -0.006070136, 0.027222253, 0.012086925, -0.014853352, -0.017955104, 0.009442434, -0.016461385, -0.010349334, -0.01973842, 0.014220808, -0.02033286, 0.0018671479, -0.0013222456, 0.02854831, 0.034690846, 0.0057652956, 0.02214666, 0.01386262, -0.02772524, 0.013687337, -0.00071018306, 0.035209075, 0.033562936, -0.0048241005, 0.029218959, -0.01694913, 0.006032031, 0.0008111615, -0.013382497, 0.00080306415, -0.004488776, -0.016659532, 0.008230693, 0.02627725, 0.0047097853, 0.030545015, 0.027054593, -0.0064207027, 0.002040526, 0.008238314, 0.0014089346, 0.0028064377, 0.047189306, 0.00791061, 0.00024720657, -0.00414202, 0.019601243, 0.017238729, 0.017375907, 0.0024901656, -0.0248445, -0.022116177, -0.00964058, 0.0017204434, 0.02304594, -0.040635236, -0.017040582, -0.0071523194, 0.033014223, 0.02944759, 0.0024692079, -0.008596501, -0.022238113, -0.009251908, 0.005753864, 0.0047707534, -0.0028102482, -0.04353122, -0.006908447, 0.016293723, 0.016598564, 0.0055519072, -0.0038505162, -0.0025111234, -0.024905467, -0.021963757, 0.0032217829, 0.03892813, -0.026856447, -0.015714526, -0.010273124, 0.027374674, -0.023030698, -0.020241408, -0.008787027, 0.031520505, 0.027511852, 0.02386901, 0.012612775, -0.024646353, -0.013778789, 0.0152877495, 0.0037342957, 0.025195066, -0.02650588, 0.00018135627, 0.03636747, -0.030148722, -0.018061798, 0.0056281174, -0.02642967, 0.03005727, -0.039172, -0.011911642, 0.0059748734, -0.013435844, -0.015562106, -0.001629944, -0.0014918131, -0.011614422, -0.0054414026, -0.019997535, 0.00572338, -0.007540991, 0.005052731, 0.0068665314, -0.009785379, 0.004926984, -0.0012822353, 0.0135425385, 0.007994441, -0.008032546, -0.015173434, -0.019540275, 0.0037038117, -0.007022762, -0.0018585742, -0.026871689, -0.019845115, 0.009998768, 0.0073428447, -0.013573023, 0.00986921, 0.020012777, -0.013108141, -0.01099712, 0.03020969, -0.0016385176, -0.01159918, 0.01943358, 0.009663443, 0.016598564, -0.0010831363, 0.029615251, 0.0034980443, -0.0036790434, 0.025286518, -0.0026121018, -0.0013736874, 0.025743779, -0.0012450828, 0.011942126, -0.006687438, 0.010913289, -0.004827911, -0.0027664274, 0.00072113826, -0.0363065, -0.0017299696, 0.00466787, -0.0007087541, 0.02568281, 0.009434813, -0.005376624, 0.0042372826, 0.041610725, -0.004919363, -0.0012917615, -0.020348102, 0.0013708295, 0.008253556, -0.0483477, -0.000152063, -0.031611957, 0.02402143, -0.0014518028, 0.0009178556, 0.017604537, -0.018397123, 0.0046145227, 0.01107333, -0.0038524214, -0.011774464, 0.0038981475, 0.0010469365, 0.008169725, 0.015790736, -0.0050870255, 0.0070989723, -0.0070494357, 0.012224103, 0.0059139053, -0.0013174824, -0.015211539, -0.008314524, 0.0043592188, 0.02476829, 0.018945836, -0.0034084974, 0.013984556, -0.02356417, 0.008162104, 0.009754895, 0.03969023, -0.0024653974, -0.019768905, -0.0140912505, 0.015203918, -0.016766226, 0.0055480967, -0.0033303823, 0.0057957796, 0.00451926, 0.0045535546, -0.011766843, -0.008596501, 0.0053347084, 0.0028864583, -0.014373228, 0.023366023, -0.009686306, 0.007849642, -0.0010898047, 0.0021719884, -0.011568696, -0.009892073, -0.009343361, -0.022238113, -0.005029868, -0.013420602, 0.028792182, 0.003397066, 0.011225751, -0.0036047385, 0.0022710615, 0.0013089088, 0.011477244, 0.016964372, -0.012757574, 0.00971679, -0.006672196, 0.020912057, 0.0038829055, 0.015409686, 0.026079103, -0.0031208044, 0.008550775, 0.005852937, 0.025332244, -0.000672078, 0.00054918916, 0.0023091666, -0.02184182, -0.008009683, 0.004721217, -0.0011993567, -0.004397324, 0.0051175095, 0.009960663, 0.016994856, 0.009853968, 0.026551606, -0.0022710615, 0.027161285, -0.005174667, 0.0030484048, 0.029356137, -0.00041558332, -0.007510507, -0.010158809, -0.0014746658, 0.0076857903, -0.024463449, 0.00436684, -0.012612775, 0.032191154, 0.0041610724, 0.0384099, -0.0074838335, -0.018259944, -0.0033627716, 0.01031885, 0.006969415, 0.0053804344, 0.0147085525, 0.0016318492, 0.008184967, 0.022863036, 0.0007949668, 0.013847378, -0.014243671, 0.004789806, -0.0035952122, 0.019784147, -0.0041229674, -0.0057043275, -0.0036047385, 0.0013136719, -0.011942126, 0.00248445, 0.010356955, -0.004081052, -0.002011947, 0.0002519697, -0.011050467, -0.014830489, -0.013931209, 0.002756901, 0.0053347084, -0.014380849, -0.0067217327, 0.004210609, 0.011088572, -0.008908963, -0.019143982, -0.0076629273, 0.004233472, -0.0023777557, 0.0012536565, -0.00022696325, 0.0016785279, 0.0040353257, -0.025560874, 0.015699284, -0.0011879252, -0.003027447, 0.016690016, -0.0033875399, 0.011180025, -0.017193003, -0.017680747, 0.0363065, 0.006687438, -0.02033286, -0.02146077, -0.0076057697, 0.012178377, 0.016629048, -0.00700752, 0.0018452374, -0.0030788889, 0.007712464, 0.005837695, 0.012978584, -0.012086925, -0.006226367, -0.028746456, -0.0054490236, 0.02258868, 0.0080858935, -0.013123383, -0.027938629, 0.012978584, 0.007186614, -0.00444305, -0.013733063, 0.016095577, 0.02025665, 0.014007419, -0.012460355, 0.024524417, -0.010577965, -0.02492071, -0.019022046, 0.013877862, 0.005029868, -0.033105675, -0.019525032, -0.020988267, 0.0046602488, 0.01491432, -0.018610511, 0.014967667, 0.005235635, 0.009838726, -0.005083215, -0.00903852, -0.012117409, 0.015356339, -0.019799389, -0.0059291474, -0.026825963, -0.011751601, -0.008345008, -0.012810921, 0.016187029, 0.010402681, 0.030773645, 0.03651989, -0.00060301257, 0.020241408, 0.024539659, 0.011545833, 0.0014689501, -0.030346869, 0.0019071582, 0.0042982507, 0.001887153, -0.015036256, -0.0052470667, 0.010151188, 0.006557881, -0.002838827, 0.01845809, -0.015074361, -0.01536396, -0.001065989, 0.003631412, 0.00017421157, -0.0002541131, 0.009259529, -0.017406391, 0.010699901, -0.00065588334, 0.0050794045, 0.011362929, -0.0015375392, 0.0064854813, -0.00662647, -0.01687292, -0.041824114, 0.0070113307, -0.03155099, -0.00051251304, -0.006032031, -0.011286719, -0.011980231, 0.017878894, 0.009953042, -0.006340682, 5.8913993e-05, -0.011195267, -0.0071904245, 0.014502785, -0.01897632, 0.0052508772, 0.0005082262, 0.011804948, -0.02094254, 0.016507111, 0.004805048, 0.005731001, 0.0076857903, -0.0047783745, 0.0137102, -0.030865097, -0.009160456, 0.010677038, -0.01061607, 0.021445528, -0.016202271, -0.016004125, 0.0087184375, -0.024371997, -0.00107361, -0.0010297892, -0.013725442, -0.0129404785, 0.0075371806, -0.0013165298, -0.0064130817, 0.007262824, 0.007171372, -0.002440629, 0.013054794, -0.001310814, 0.01483811, -3.3550314e-05, 0.029935334, -0.011225751, -0.016613806, 0.022314323, -0.014998151, 0.013085278, -0.028563552, 0.012391766, -0.0018700057, 0.003623791, -0.012589912, -0.0035361494, -0.0051098885, -0.0030236365, -0.0033265718, 0.01807704, -0.0073504657, 0.01784841, -0.018717205, 0.0005263261, 0.0011040941, -0.025652327, 0.006519776, 0.007571475, 0.010402681, 0.011873537, 0.013626369, -0.004164883, 0.01582122, 0.01830567, 0.02553039, 0.011157162, 0.024006188, -0.011843053, -0.0058567477, 0.015943157, 0.025088372, -0.015927915, -0.01332915, -0.02537797, -0.022466743, -0.020302376, 0.009251908, 0.00256066, 0.007811537, 0.013146246, -0.0047707534, 0.021445528, 0.004233472, -0.007925852, 0.012231724, 0.014563753, -0.03225212, -0.007803916, 0.0029112266, -0.008748922, -0.003962926, -0.006032031, 0.008459323, -0.016156545, -0.010974257, 0.008908963, -0.013565402, 0.012757574, 0.000608252, 0.009290013, -0.014228429, -0.001910016, -0.03435552, 0.0026101966, 0.0076934113, -0.0027740484, -0.014655205, -0.0022843983, -0.013374876, -0.014876215, -0.008024925, -0.026688784, 0.0025587548, -0.008329766, 0.0009793, 0.03013348, -0.0010945678, 0.008870858, -0.008566017, 0.02071391, 0.0019624105, -0.0001455137, 0.001736638, -0.0072209085, 0.0075066965, 0.0063063875, 0.009579612, 0.0020843467, -0.0050184363, 0.035879724, 0.0167205, -0.008223072, -0.0128033, 0.023594653, 0.011530591, -0.0060663256, -0.02079012, 0.0017642642, 0.008017304, -0.00858888, 0.0024692079, 0.007781053, 0.003940063, -0.0007697222, -0.016232755, 0.015943157, 0.0067979423, -0.014076008, -0.0025644705, -0.006847479, -0.015135329, 0.0025397022, -0.022085693, 0.009373845, 0.011881158, 0.014167461, -0.017162519, 0.0016308966, -0.018640995, -0.009160456, 0.02425006, -0.0007158988, -0.020119471, -0.0034180237, -0.025804747, 0.011233372, -0.00512132, 0.015478275, 0.021125445, -0.0060891886, -0.018793415, -0.0063216295, 0.017193003, -0.009945421, -0.009175698, -0.00738095, 0.018549543, -0.013832136, 0.017711231, -0.012490839, 0.0017404485, -0.005807211, 0.007586717, 0.0039667366, 0.013473949, 0.0072209085, -0.0025568495, 0.032343574, 0.0042906296, -0.030301142, -0.0016728122, 0.00828404, 0.02447869, -0.00919094, 0.008992794, -0.0014032188, -0.011362929, 0.010257882, -0.0008264035, 0.009747274, 6.549307e-05, -0.0064740498, 0.006504534, 0.012909994, -0.007118025, 0.002989342, -0.016461385, -0.018869625, -0.00225963, 0.0022501037, -0.00267307, -0.003985789, -0.007994441, -0.05621258, -0.00858888, -0.0013774979, 0.004690733, -0.0064359447, 0.023670863, 8.2164035e-05, -0.010440786, -0.02764903, 0.0047021643, -0.003593307, -0.0036676119, 0.004225851, -0.0059139053, -0.020912057, 0.0008164009, 0.018839141, -0.002989342, 0.0013632085, -0.017741716, -0.018107524, -0.020165198, -0.0046373857, -0.0006501676, -0.0044392394, -0.03493472, -0.0048317215, -0.019464064, 0.0034027817, -0.009693927, -0.0037609693, 0.012536565, 0.002048147, 0.011286719, 0.01001401, -0.0073580868, 0.008055409, -9.6989286e-05, 0.0003305614, 0.00948816, -0.0034408867, -0.0034294552, -0.016278481, -0.028944602, 0.0069884676, -0.0177722, 0.015127708, 0.0024825446, -0.023731831, 0.010898047, 0.017711231, -0.022253355, 0.0029188476, 0.006226367, -0.010608449, 0.01784841, -0.04435429, -0.0068741525, 0.019479306, 0.007811537, 0.029508557, -0.006416892, -0.01633945, -0.014434196, 0.021430286, -0.02304594, 0.017452117, 0.026612574, -0.023366023, 0.008901342, -0.015493517, 0.0048469636, -0.01332915, 0.029813398, 0.028594036, -0.015264886, 0.020378586, -0.00534614, 0.029462831, 0.0018623847, -0.009206182, 0.010212156, 0.002402524, 0.0010250261, -0.0028369217, -0.0005296603, -0.023914736, 0.0009683448, -0.018580027, -0.02870073, 0.01069228, -0.0031684358, 0.005963442, -0.0022558195, -0.011568696, -0.017314939, -0.00063159136, 0.0034999496, -0.00896231, -0.006542639, 0.00519753, -0.0028064377, -0.0008930873, -0.002522555, -0.0021376938, -0.0025644705, 0.0021453148, -0.013016689, -0.0006858911, -0.01499053, 0.015775494, -0.018808657, -0.0059482, 0.022954488, 0.00858888, 0.007480023, -0.008200209, 0.008230693, 0.0074533494, 0.009975905, -0.009213803, 0.0015823126, 0.0025949546, 0.0012603248, -0.019296402, 0.01597364, -0.015272507, 0.008672711, -0.015714526, 0.008367871, 0.00019695553, 0.008070651, -0.020805363, 0.0012355566, -0.011019983, 0.0248445, 0.007563854, 0.022055209, -0.0123231765, -0.011629664, -0.011286719, -0.012109788, -0.016842436, -0.008352629, 0.007510507, 0.010715143, -0.014487543, -0.030743161, -0.009975905, 0.012414629, -0.007956336, 0.0016004125, -0.018046556, -0.005167046, -0.007434297, 0.007125646, 0.014396091, 0.0052584982, 0.0087260585, -0.0027321328, -0.0007468592, 0.013618748, 0.014197945, 0.00027268933, 0.014449438, -0.006862721, 0.0040505677, 0.013664474, -0.016369933, 0.0023225034, 0.007563854, -0.005391866, 0.023442233, 0.0060815676, -0.010387439, 0.005910095, -0.013222456, 0.007632443, -0.0025263655, -0.004172504, -0.012475597, 0.00030841283, -0.01551638, -0.0005868179, 0.0105093755, 0.002333935, -0.007788674, 0.031215664, 0.01287951, -0.004332545, 0.0064626182, -0.011995473, 0.004564986, -0.012856647, 0.021415044, -0.018778173, -0.028822666, 0.021933272, -0.012285071, -0.003366582, -0.0055404757, 0.021978999, -0.0014994341, 0.016202271, 0.0024539658, -0.01867148, -0.0072132875, 0.011545833, -0.017375907, -0.0036599908, 0.02772524, 0.011576317, 0.0030750784, 0.010181672, -0.0029855315, -0.022832552, 0.009251908, 0.00042415695, -0.0009878736, 0.015013393, 0.0066836276, -0.028441615, 0.0043211137, 0.011629664, 0.029127507, -0.006512155, -0.018366639, 0.005460455, 0.014007419, 0.029798156, 0.022558196, -0.03328858, -0.019067772, 0.0055328547, -0.013725442, -0.014426575, -0.0010050209, 0.00073876185, 0.01107333, -0.010235019, 0.005879611, 0.015158192, -0.006454997, 0.004481155, -0.013504433, 0.010265503, -0.001058368, -0.006085378, -0.016247997, 0.018519059, 0.0056128753, -0.014274155, 0.03969023, 0.003177962, -0.011088572, -2.7760132e-06, -0.0029607632, -0.007411434, -0.019753663, 0.032130186, -0.033410516, -7.805583e-05, -0.009251908, -0.011233372, 0.008855616, 0.008002062, -0.0023739452, -0.01069228, 0.010577965, -0.005708138, -0.0047250274, 0.020088987, -0.0070189517, 0.0060587046, 0.01928116, -0.00037414406, 0.0046526277, 0.01822946, -0.0035094758, 0.0076553063, 0.0051479936, -0.022924004, 0.0129404785, 0.006748406, 0.03487375, 0.0020138524, -0.010280745, 0.018762931, -0.010829458, -0.011911642, 0.00089546887, -0.023289813, -0.007994441, 0.0054032975, -0.0007582907, 0.004126778, -0.004976521, -0.00067017274, 0.019692695, 0.00084688497, -0.01792462, 0.017985588, 0.0068055633, -0.01633945, 0.009145214, 0.013146246, 0.0013412981, 7.805583e-05, 0.006047273, 0.0029207529, 0.014274155, -0.009945421, 0.003578065, 0.01626324, -0.005662412, -0.032282606, 0.006180641, -0.016034609, 0.0061044306, 0.004248714, -0.016369933, 0.0040200837, -0.0025358917, 0.0020919677, -0.011622043, -0.008329766, 0.00027435643, -0.018808657, -0.016202271, -0.021735126, 0.004812669, 0.014449438, 0.0018376164, 0.015577348, 0.003570444, -0.016232755, -0.01431226, 0.013062415, -0.019631727, 0.0008473613, 0.0047402694, -0.00828404, -0.0152877495, -0.011538212, -0.029066538, -0.0036123595, -0.012178377, 0.0167205, -0.011477244, 0.004427808, 0.007666738, 0.0015680232, 0.018961078, -0.011263856, 0.020500522, -0.019159224, -0.0063368715, 0.0053651924, -0.013344392, 0.0043706503, 0.011401034, -0.0073542763, 0.018961078, 0.015074361, 0.010776111, -0.011530591, 0.026566848, 0.02033286, 0.0019681263, -0.013397739, -0.005887232, 0.009419571, 0.017452117, 0.014167461, -0.0015089604, -0.023503201, -0.008329766, 0.010577965, -0.022786826, 0.004690733, -0.016080335, 0.0137102, 0.0036180753, -0.007270445, 0.00836025, 0.0053956765, -0.00519753, -0.0031817725, -0.00753337, 0.0075676646, 0.0074609704, 0.020165198, -0.020424312, 0.0123155555, 0.01249846, -0.0076591168, 0.011797327, -0.03621505, -0.008375492, -0.007811537, 0.0004836961, 0.0035761597, 0.018625753, 0.035117622, -0.0123460395, 0.010448407, 0.0025549443, 0.029462831, 0.0117439795, -0.0088861, 0.00041534516, 0.003766685, -0.003012205, 0.0037952638, -0.015127708, -0.013870241, 0.0048012375, -0.014220808, 0.004119157, -0.027664272, -0.0024158608, 0.0071675614, 0.018138008, -0.0033856346, 0.012033578, -0.008146862, -0.000104967534, 0.01047127, 0.0022729668, -0.007941094, 0.020531006, -0.00964058, -0.008253556, -0.0044468604, -0.004526881, -0.022984972, -0.028152017, 0.051975302, 0.00031198518, 9.794191e-05, 0.011233372, 0.015607832, 0.030468805, -0.0018500006, -0.0005996784, -0.026079103, 0.003682854, -0.0070761093, 0.0025339865, -0.03072792, 0.0063140085, -0.012018336, 0.015005772, 0.022939246, -0.004888879, -0.0021757989, -0.0137102, -0.0026006703, 0.0147619, -0.0011955462, -0.016933888, 0.009511023, -0.012269829, -0.0035914017, 0.0019852736, 0.014121735, -0.008817511, 0.0108447, -0.015249644, -0.01559259, -0.043287348, -0.013961693, -0.019250676, 0.012711848, 0.004991763, -0.009274771, 0.02627725, 0.006203504, 0.0018261849, -0.006489292, -0.0030312575, -0.009571991, 0.00632544, -0.00084545603, -0.008672711, 0.0041382094, 0.0052013407, 0.026475396, 0.0075066965, 0.0032332144, -0.0007692459, -0.026521122, 0.019159224, 0.016537596, -0.007849642, -0.008428839, 0.00836025, 0.0005977731, 0.007674359, -0.0326789, -0.0068589104, 0.007933473, 0.016766226, -0.019265918, -0.005715759, -0.011340066, 0.0073695183, -0.000102764585, -0.002989342, 0.00873368, 0.007163751, 0.003094131, 0.012635638, 0.010806595, 0.010250261, 0.0123231765, -0.008444081, 0.014731416, -0.010928531, 0.007918231, 0.0005429971, -0.028289195, 0.001336535, 0.017208245, -0.016979614, -0.014548511, -0.009556749, -0.027679514, 0.010494133, -0.0011612517, -0.007441918, 0.0042372826, 0.0043706503, -4.8851878e-05, -0.0025339865, -0.0047326484, 0.013321529, 0.00089546887, -0.0041763145, 0.018168492, -0.0006911305, 0.016842436, 0.0047326484, 0.010295987, 0.011355308, -0.009541507, -0.013435844, 0.006519776, -0.008474565, -0.0040581888, -0.024570143, -0.0153258545, 0.0020691047, 0.006900826, 2.924861e-05, 0.021262623, 0.020241408, -0.0059520104, 0.004542123, 0.002922658, -0.0032255934, 0.0035666334, -0.00078925106, 0.0018585742, 0.017055824, 0.017360665, -0.0071446984, 0.004164883, 0.0031817725, -0.025591359, 0.014434196, -0.010684659, -0.0063368715, -0.0069884676, 0.013001447, 0.025332244, -0.0066683856, -0.015729768, 0.0073542763, 0.00012753287, 0.013062415, -9.7882374e-05, 0.0012622301, 0.00013789268, -0.013169109, 0.012178377, -0.026383944, 0.0129404785, -0.0052966033, 0.014662826, 0.010776111, -0.0072209085, 0.0010059736, 0.0023263139, -0.01544017, -0.01687292, 0.011942126, 0.0055557177, 0.023213603, 0.026643058, -0.0016004125, 0.00753337, 0.000955008, -0.016507111, -0.029965818, -0.003442792, -0.009015657, 0.0027835746, -0.009129972, 0.004812669, -0.0031798673, 0.0009073767, -0.021110203, -0.0046373857, -0.009091867, 0.013435844, -0.01604985, -0.010738006, 0.020210924, 0.0066836276, -0.026947899, 0.009709169, 0.0065845544, 0.0066302805, -0.011843053, -0.017223487, -6.2337494e-05, 0.0058186427, 0.00579959, -0.05279837, 0.00088117947, 0.019083014, 0.001310814, 0.0054490236, 0.025835231, 0.02642967, 0.007480023, 0.011233372, -0.038806193, -0.011949747, -0.003682854, -0.008444081, -0.0007001805, 0.010143567, -0.005708138, 0.0021586516, -0.0025892388, 0.0010193103, 0.005353761, 0.008024925, 0.0045764176, -0.013451086, 0.0052737403, -0.014297018, 0.0011431518, -0.008245935, -0.012147893, 0.008184967, 0.0044011343, -0.0018681005, -0.011576317, 0.02394522, -0.016019367, -0.02998106, -0.0105322385, 0.010006389, 0.0023987135, 0.031459536, 0.0491098, -0.007994441, -0.012399387, 0.011568696, -0.001996705, -0.005468076, 0.03517859, 0.0023663242, 2.0600548e-05, 0.011469623, 0.0021300728, 0.007594338, 0.009579612, 0.008832753, -0.0023453664, 0.018168492, -0.003282751, 0.019296402, -0.01317673, -0.0024577763, -0.0020691047, -0.0007187567, 0.0025054077, 0.01589743, 0.0027797641, -0.008497428, 0.030224932, -0.0065845544, 0.042982507, 0.01792462, 0.0009573896, 0.021628432, 0.021399802, -0.013763547, -0.020805363, 0.002116736, -0.008687953, -0.007842021, 0.013603506, 0.02025665, -0.027938629, 0.01348157, 0.006870342, 0.0031055624, -0.023411749, 0.014396091, 0.0188239, -0.013512054, -0.016842436, 0.012163135, -0.027603304, 0.021506496, -0.015851704, 0.0029055108, 0.015912673, -0.013900725, 0.014380849, -0.0014127451, -0.02153698, 0.0003629507, -0.0024939761, -0.013672095, 0.02409764, -0.0047174064, -0.018031314, 0.009861589, 0.012666122, -0.015866946, -0.016690016, -0.025286518, 0.00026221044, -0.01920495, 0.025042646, 0.0018728636, -0.0056662224, 0.007864884, -0.006496913, -0.0035571072, 0.006535018, 0.0072437716, -0.006333061, -0.004309682, -0.0020900625, -0.007697222, -0.014670447, -0.024051914, 0.004481155, -0.007803916, -0.015927915, 0.014731416, 0.012742332, -0.020470038, -0.012826163, 0.0023167876, -0.0011726832, -0.008345008, 0.0010936152, 0.00798682, -0.00399341, -0.00474408, -0.008680332, -0.003962926, 0.00903852, 0.018793415, -0.00031746278, 0.001170778, 0.02757282, -0.0031912988, 0.023777558, 0.022177145, 0.00068065163, 0.021125445, -0.028334921, -0.012155514, -0.026444912, 0.010036873, 0.0022386722, 0.011454381, 0.011271477, -0.02266489, -0.030484047, -0.012429871, 0.01792462, 0.0038676634, -0.036123596, 0.00986921, -0.0064778603, -0.0093204975, 0.0013384402, -0.019296402, -0.006211125, 0.002198662, 0.011553454, -0.003511381, 0.0056890855, 0.026185798, 0.012483218, 0.00048131452, 0.024341512, -0.009709169, -0.00880989, 0.0027549958, 0.0035723492, -0.021796094, -0.014899078, 0.004031515, 0.0248445, 0.017833168, -0.010212156, 0.0135272965, -0.0028902688, -0.01935737, 0.0005939626, 0.024814015, 0.013161488, -0.001020263, -0.015226781, 0.004835532, 0.0068970155, -4.221326e-05, 0.009023278, -0.001321293, 0.013062415, -0.003208446, 0.01016643, -0.021780852, -0.023686105, 0.012041199, -0.0031798673, -0.034965202, 0.0077467584, 0.00956437, -0.003412308, -0.025012162, -0.019143982, -0.00919094, -0.013771168, -0.011766843, 0.021963757, -0.0156688, -0.0065007233, -0.0028140587, -0.005460455, 0.013595885, 0.0034828023, 0.0028788373, 0.0099378, 0.026521122, -0.006710301, 0.035452947, 0.020744395, 0.0052584982, -0.013222456, 0.019692695, 0.004705975, -0.00036533226, -0.006954173, -0.010852321, -0.004458292, 0.013603506, 0.006588365, 0.022573438, 0.009000415, -0.01649187, 0.004164883, 0.004187746, 0.026856447, -0.004420187, -0.0049574682, 0.023061182, -0.010882805, 0.042647183, -0.023442233, -0.00414202, 0.020515764, -0.030941308, -0.03533101, -0.012262208, -0.011004741, 0.0008087799, 0.017497843, -0.014800005, 0.012071683, 0.0032255934, 0.018168492, -0.030819371, 0.013717821, 0.0123307975, 0.014045524, -0.00519753, 0.0031455727, 0.005384245, 0.018656237, 0.005475697, 0.007689601, -0.00873368, 0.00421823, 0.013771168, -0.003682854, -0.008863237, 5.5401182e-05, -0.010494133, 0.0077620004, -0.0025816178, -0.01769599, -0.011751601, 0.016750984, 0.0047250274, -0.018275186, -0.0022653458, -0.017650263, -0.006195883, 0.026322976, -0.023594653, -0.0152953705, -0.00836025, -0.0045687966, -0.009160456, 0.0033646768, -0.0005568102, 0.0028521637, -0.00022446261, 0.009350982, -0.0064854813, -0.013131004, -0.001423224, -0.007849642, 0.016430901, -0.0039172, 0.015912673, 0.019464064, -0.03901958, 0.009107109, 0.0021148308, 0.026932657, -0.00707992, 0.0004286819, -0.021872304, 0.008215451, 0.033654388, 0.023259329, -0.0011059993, -0.00021457911, 0.018138008, -0.003511381, -0.009290013, 0.0007682933, -0.0033761084, -0.0049155527, 0.0062987665, -0.0045687966, -0.031459536, 4.7720634e-05, 0.0081011355, -0.0064130817, 0.021354076, 0.00244825, 0.0016871016, 0.00029626684, 0.012056441, -0.003848611, 0.00047678954, -0.015577348, -0.0156688, -0.00851267, 0.0355444, 0.013382497, -0.0105169965, -0.029493315, -0.010097841, 0.006371166, 0.010867563, -0.011683011, 0.008459323, 0.01121813, 0.01725397, 0.010364576, 0.0069884676, 0.0037000012, -0.013115762, 0.006123483, -0.00012562762, 0.010356955, -0.0014508502, -0.008817511, 0.004458292, 0.0140836295, 0.005807211, -0.008413597, 0.004172504, -0.018869625, -0.010105462, -0.013702579, -0.013313908, -0.014723795, -0.008253556, 0.011949747, -0.01348157, 0.0005506181, -0.0062987665, 0.006294956, 0.018762931, 0.010638933, -0.0011641096, 0.01641566, -0.023167877, -0.0070761093, 0.00858888, -0.015028635, 0.018488575, -0.0040048417, 0.019525032, -0.0008087799, -0.024387239, -0.011058088, -0.015104845, 0.0072742556, -0.008787027, -0.010143567, -0.009549128, 0.006908447, 0.013184351, -2.0183774e-05, 0.016019367, -0.027984355, 0.007872505, -0.0061653988, 0.012391766, -0.006489292, -0.00700752, 0.00045868964, -0.028914118, 0.006687438, 0.010196914, -0.009983526, -0.0023282191, -0.008428839, 0.008032546, -0.015036256, -0.007464781, 0.018168492, -0.005708138, 0.025957167, -0.015539243, 0.04060475, -0.018564785, -0.0011917357, -0.012010715, -0.019296402, 0.026140071, -0.0056967065, -0.010684659, 5.9628463e-05]"
ジェットコースター,fromCluster,0.5957,70.0,3.3254,"[-0.027425542, -0.055119965, -0.007902022, -0.011905314, -0.035342503, 0.008454716, -0.066084206, 0.02623053, -0.05682286, -0.011098681, 0.00603108, -0.0035738351, 0.010448893, -0.013892024, -0.015042223, -0.022242175, -0.0064642723, -0.02373594, 0.012219005, 0.018014818, 0.047113378, -0.027754173, 0.0048360676, 0.0012594315, -0.009029815, 0.00045723244, -0.021181602, 0.051295925, -0.04493248, -0.029755818, 0.021106914, 0.019538458, 0.021525167, 0.05538884, 0.016804866, 0.05583697, 0.018029755, -0.014646376, -0.0041190595, -0.018821452, -0.016311925, -0.02699235, -0.005750999, 0.0421242, -0.00062084646, 0.032922603, -0.012233944, 0.024094446, 0.0041377316, 0.0064194594, 0.0026850444, 0.019000703, -0.002096874, 0.025812276, -0.043737467, 0.0019456302, 0.01385468, 0.051325798, -0.00061104365, 0.008880438, 0.016565865, -0.014018994, -0.024916017, 0.019971652, 0.0035869055, -0.016311925, 0.024408136, 0.0072111553, -0.013346799, 0.0018522699, 0.015042223, -0.018388258, 0.009843918, -0.020345092, 0.034685247, -0.0024497763, 0.01678993, 0.026977414, -0.0028026784, 0.028695244, -0.047322508, 0.025767462, -0.019120205, -0.01583392, 0.0035887728, 0.010142671, -0.00023561824, -0.04448435, 0.018149257, 0.012801575, -0.007633144, -0.00024343717, 0.014564218, -0.0033703095, 0.012233944, 0.023332624, 0.038091034, -0.016879555, 0.009373382, 0.031548336, 0.039405547, -0.00239376, -0.012659667, -0.016730178, -0.0013098461, 0.014526874, 0.0005218845, 0.03414749, 0.021241352, -0.039674424, 0.021286165, 0.0018812115, -0.002348947, -0.034685247, -0.0048995526, -0.013518582, -0.01640155, -0.02004634, 0.062379666, -0.047830388, 0.001057773, -0.03880804, 0.019448834, 0.009246412, 0.04352834, -0.023646316, 0.05359632, 0.046814624, 0.009410726, -0.006598711, -0.0029893992, 0.022645492, -0.012540165, -0.01513185, 0.023750879, -0.0052692597, -0.01723806, 0.01065802, 0.0108298035, 0.011121088, -0.013287049, -0.054343205, 0.038897667, 0.01934427, 0.015818981, 0.008133556, -0.0059862672, -0.012801575, -0.0035178189, -0.01704387, 0.040481057, 0.011188307, -0.0020259202, 0.041198067, -0.0053514168, 0.0005321541, -0.090522215, 0.03874829, -0.027291104, -0.022944245, -0.0067518223, -0.025961652, 0.012144318, 0.031876966, -0.0024945892, -0.031876966, 0.0840094, 0.021390729, -0.009642259, -0.0029557894, -0.016640553, 0.011546811, -0.011591624, -0.027754173, 0.012950951, 0.023332624, 0.024094446, 0.013003233, 0.00673315, 0.010217359, -0.005399964, 0.023392376, 0.04403622, -0.011218183, 0.029143374, -0.015669605, 0.012136849, 0.00038394454, 0.0107327085, -0.03121971, 0.00095460983, -0.026663722, 0.041974824, -0.02611103, -0.01353352, -0.0059078443, 0.008163431, -0.004977975, -0.012771699, 0.0033871143, 0.009545164, -0.014414841, 0.015923545, -0.0398238, -0.014011525, -0.012838919, 0.0328031, 0.004193748, -0.02125629, 0.019628085, -0.0013079789, -0.017402373, -0.001251029, -0.0052356496, -0.022301925, 0.001990443, -0.033998113, -0.004604534, -0.014340153, -0.01015014, 0.044006344, -0.0017290341, 0.0061281747, 0.013869617, -0.027649608, -0.010807397, -0.0034879437, -0.009985826, -0.038987294, -0.025692774, -0.011367559, 0.00048313994, -0.030681953, 0.018104443, -0.016864618, -0.0085069975, -0.028351678, 0.018746763, 0.03492425, -0.0233625, 0.015759232, 0.0061431127, -0.018522698, -0.0088580325, -0.004869677, 0.017417312, -0.008566747, 0.004951834, -0.0026215592, -0.025662899, -0.027216416, -0.0064157248, -0.009664666, 0.010411548, 0.03599976, 0.012390789, -0.020673722, 0.012786637, -0.007550987, -0.03331098, -0.010941836, 0.0031555807, -0.020852974, 0.030413074, 0.032713477, -0.008193307, -0.0035757022, 0.00669954, -0.018209007, -0.042273577, 0.04920465, -0.03797153, 0.03964455, -0.017267935, 0.059900016, 0.00504146, -0.022705242, -0.03133921, -0.015774168, 0.008484591, 0.05688261, -0.02885956, 0.008096212, -0.0021267494, 0.00045933304, 0.021808984, 0.04544036, 0.022496115, 0.023437189, -0.011658844, -0.025558336, -0.02623053, -0.0020109825, -0.0066435244, 0.05547847, 0.036776517, -0.0017766479, 0.0005727659, 0.02636497, -0.0010727107, -0.04857727, -0.005388761, -0.005840625, 0.0041526696, 0.009709479, -0.004537314, -0.011897846, -0.017760877, 0.0025319334, -0.016999057, 0.04302046, 0.010799928, -0.013249705, 0.019628085, 0.020524345, -0.043319214, -0.009231473, 0.0040107616, -0.0013135804, -0.04812914, 0.0028120144, 0.008574217, -0.02527452, -0.029143374, 0.029711006, 0.0044252817, 0.020658784, -0.008462184, 0.0130853895, 0.037045397, 0.0045709237, -0.026917662, -0.02654422, 0.016072921, 0.0015983296, -0.018746763, 0.0021622262, -0.044215474, -0.0011389966, -0.00050414604, -0.030428013, -0.0019549662, 0.0029016405, -0.021017287, 0.013443894, -0.01684968, 0.044663604, -0.001493766, 0.041855324, 0.006949746, 0.0006735951, -0.014384966, -0.014721064, -0.00449997, 0.040301807, -0.05694236, 0.040510934, -0.008514466, 0.022511054, 0.013421487, 0.0012995764, 0.008387496, 0.03537238, 0.015878733, 0.03561138, 0.03077158, 0.00680037, -0.006841448, -0.037194774, 0.0257824, -0.027216416, -0.017193247, -0.059272636, 0.006561367, -0.015094506, -0.041586444, -0.019105267, -0.02246624, -0.00950782, 0.011524404, -0.007244765, 0.010501175, 0.0023713536, -0.011733532, -0.01091196, 0.005500793, 0.032086093, -0.054104205, 0.002914711, 0.002376955, 0.025364146, 0.0033142932, -0.02272018, 0.0034674043, -0.0055231997, -0.005067601, 0.04908515, 0.014885378, -0.009097035, 0.011703656, -0.008865501, 0.019792398, -0.023974944, 0.004544783, 0.021913547, -0.0046120025, -0.02457245, 0.003086494, 0.010336861, 0.025244646, 0.02387038, -0.063395426, 0.027081978, -0.025199832, 0.019747587, 0.039614674, 0.03644789, -0.01825382, -0.029292751, -0.033281107, -0.036776517, 0.047501758, -0.008387496, 0.00970201, -0.03561138, 0.051385548, -0.010172546, -0.009724417, 0.029128436, -0.034804747, -0.0020763348, -0.026140904, -0.036776517, -0.01148706, 0.011770876, -0.00829787, 0.040301807, 0.02745542, 0.025647962, -0.0023993617, 0.0063298335, 0.005635232, 0.008357621, 0.04576899, 0.05482121, 0.047890138, 0.012360914, -0.014093682, 0.03695577, -0.03707527, 0.0002754131, -0.026768286, 0.00083230773, -0.028560806, -0.015684543, 0.0163418, 0.03313173, -0.0006978688, 0.0002973528, 0.0024628467, 0.02987532, 0.09213549, 0.006139378, -0.06966925, -0.0016683498, 0.0067107435, -0.00784974, 0.06763773, -0.0035962416, 0.008260526, 0.021077039, -0.03830016, 0.020718534, 0.04269183, -0.030353324, -0.002798944, -0.048218764, -0.008066337, -0.019299457, -0.0078049274, 0.046665248, -0.021420604, 0.039405547, -0.012786637, 0.032713477, 0.019374145, 0.023078684, -0.040510934, -0.04908515, 0.009672135, 0.017536813, -0.0053514168, -0.019807337, -0.0029109765, 0.00071093923, -0.020688659, -0.002384424, -0.009119442, 0.009194129, -0.0074090795, 0.031876966, -0.039614674, 0.03223547, 0.02437826, -0.014093682, -0.013227298, -0.028874496, 0.014750939, -0.019583272, 0.001166071, 0.0033161605, -0.02482639, -0.0023358765, 0.027081978, -0.0010829803, -0.0140712755, 0.031309336, -0.0018289298, -0.004481298, -0.010994118, -0.012921075, 0.015296164, 0.011277933, -0.02509527, 0.030054571, 0.0001744672, -0.027559983, -0.010889554, -0.0018830787, 0.0027952096, 0.0001510104, 0.012487884, -0.019702774, 0.008058867, -0.058944006, -0.01901564, -0.010314454, 0.042034574, 0.0020016464, 0.0085069975, -0.019135142, 0.0058107497, -0.016879555, -0.010015701, 0.008783344, -0.010165078, -0.017596563, 0.004227358, -0.0012360914, 0.0070953886, 0.02443801, 0.032414723, -0.024602326, -0.004268436, -0.011599093, 0.013354268, -0.004048106, -0.009687073, -0.0020838035, 0.023452125, -0.0044850325, -0.015228944, 0.0001729501, 0.011203245, 0.02061397, 0.015550104, 0.007760114, 0.019523522, -0.050310038, -0.011651374, 0.011412372, -0.016296986, -0.016580801, 0.007961772, 0.03689602, -0.021734295, -0.0010288313, -0.017506937, 0.018911077, 0.01136009, 0.018716889, -0.017521875, 0.02086791, 0.008902845, 0.021928485, -0.0014377497, -0.0108298035, 0.008559279, -0.010247234, 0.007577128, -0.036208887, 0.04774076, 0.020942599, 0.0060236114, -0.065307446, -0.0023340094, 0.0044775633, -0.013802398, -0.0020259202, -0.028560806, -0.00083137414, 0.0041974825, 0.004653081, -0.0012360914, -0.0090148775, 0.0070356377, 0.050369788, 0.0012874396, -0.012779168, 0.022391552, -0.01698412, -0.0053140726, 0.038330033, 0.01085221, 0.032713477, 0.010590801, 0.0023508142, 0.034386493, -0.027843798, -0.020703597, -0.0024161665, -0.009104503, -0.0047651134, -0.0043804687, -0.0059451885, 0.0015423134, 0.026842974, 0.02534921, 0.010075452, 0.000947141, -0.0032340034, 0.01155428, 0.009171723, -0.021106914, -0.011673781, 0.02726123, -0.00023503473, -0.025319334, 0.024004819, 0.0029464534, -0.0022462506, -0.032504346, 0.00938085, -0.041317567, -0.003420724, -0.021540105, 0.010635613, -0.0021715623, 0.018477885, 0.035969883, 0.004977975, 0.04857727, 0.0035084828, 0.03874829, -0.0445441, -0.022481179, -0.0064157248, 0.016431427, 0.002582348, -0.006568836, 0.0052767284, 0.029053748, 0.018238883, 0.0041825445, 0.009836449, 0.025379084, -0.017312748, -0.0052767284, -0.02917325, -0.030413074, -0.007730239, -0.0004226891, 0.0034281928, 0.027380731, 0.025498586, -0.021749232, 0.01155428, 0.013361737, 0.0014993676, 0.013623145, -0.021435542, -0.014945129, -0.01065802, 0.018179132, -0.0006983356, -0.012950951, 0.008932721, -0.008671312, 0.02125629, -0.011509467, -0.037613027, -0.033938363, -0.023631377, -0.0013761319, -0.033549983, -0.005807015, 0.035193127, 0.011905314, -0.013354268, -0.037135024, 0.009261349, -0.01002317, -0.022033049, 0.0026439659, 0.021106914, 0.012204068, -0.0065016164, 0.0020800692, -0.008454716, -0.0123534445, 0.019553397, 0.017178308, -0.025752526, 0.024467887, 0.007300781, -0.016476238, -0.0049630376, -0.008716124, 0.00083510857, 0.0008925252, 0.018731825, 0.014280403, -0.006102034, -0.033221357, 0.020584095, -0.009522758, 0.012861325, 0.03785203, -0.011098681, 0.0045485175, -0.00925388, 0.008790812, 0.0065651014, 0.0013023772, 0.008238119, 0.015818981, 0.027306043, -0.029920133, -0.038449537, 0.0013574598, 0.049563155, -0.017432248, -0.0068265107, -0.011643906, -0.0018578714, -0.023691129, 0.008686249, -0.010747646, 0.0023713536, 0.04364784, -0.0020782019, 0.009933543, -0.033908486, -0.020823097, -0.041078564, 0.009866324, -0.051534925, 0.028127613, 0.00050414604, -0.034834623, 0.0163418, 0.004455157, 0.009642259, -0.014795752, -0.028784871, -0.035462003, 0.005388761, -0.018731825, -0.005807015, -0.01180822, -0.00091726566, 0.019478709, -0.021106914, 0.0074987053, -0.040630434, -0.006524023, 0.022540929, 0.032593973, 0.0056464355, 0.019433895, -0.029979883, 0.005067601, -0.018746763, -0.022242175, -0.039913427, 0.0005461582, -0.023989882, 0.008387496, -0.009634791, 0.0059227822, 0.007173811, 0.032593973, 0.048786398, 0.047113378, 0.011838095, 0.023646316, 0.002709318, 0.0025692775, -0.023601502, -0.0123161, 0.022540929, 0.00090419524, -0.011539342, 0.015288695, 0.043767344, -0.0015833919, 0.0046568154, -0.026439657, -0.007297047, 0.024736764, -0.014870441, 0.029008936, -0.0002749463, 0.012771699, 0.007278375, -0.013354268, -0.012749293, -0.020927662, -0.0070841853, 0.007588331, 0.0026831771, -0.009933543, 0.00982898, -0.013496175, -0.018462947, -0.0018027888, -1.8190685e-05, 0.026514346, 0.013578333, -0.0014321482, -0.0060497522, 0.01448953, -0.031100208, -0.0070393723, -0.024273697, -0.016222298, 0.0016972916, 0.04959303, -0.015169194, 0.0040742466, 0.01640155, -0.0282023, 0.016162548, -0.0032153314, -0.008439777, -0.00925388, 0.0020501937, -0.015355914, 0.0163418, -0.031428836, 0.008790812, 0.008126087, 0.008499528, 0.03835991, -0.011860502, 0.018567512, 0.01442978, 0.027559983, 0.0010923163, 0.019448834, 0.018687012, 0.005724858, -0.0041900137, -0.034834623, 0.02745542, 0.0021099444, -0.039793927, -0.011957597, -0.0064792098, -0.013832273, 0.0034711387, 0.0022145081, -0.04352834, 0.026589034, 0.008096212, 0.0041900137, 0.03313173, -0.013242235, -0.00016594806, -0.013809866, -0.0024553777, 0.006923605, 0.025155019, -0.0041974825, -0.0233625, 0.0021099444, -0.032713477, 0.009246412, -0.01825382, -0.018537635, 0.0063933185, -0.018418135, -0.011942659, -0.025513522, 0.0017094284, -0.0039024637, -0.04110844, -0.010949304, -0.014825627, 0.017596563, -0.0075397836, -0.044962358, 0.020076215, -0.0078049274, -0.00030878943, -0.02585709, 0.006094565, -0.00038114373, 0.05261044, -0.0015516494, 0.0070207003, -0.0026570363, 0.0011427309, -0.005138555, 0.016700303, -0.025886964, -0.0036223824, 0.007233562, 0.008701187, -0.011255527, -0.03689602, -0.021689482, 0.044753227, 0.0046568154, -0.011748469, 0.012883731, 0.0049630376, 0.015221476, 0.0053178067, 0.020031402, -0.02649941, -0.01569948, -0.006594977, 0.0051310863, 0.044215474, -0.003887526, 0.032325096, 0.02036003, -0.0064754756, 0.00031555805, 0.0024105648, -0.03453587, -0.010672958, -0.024288636, -0.0030006024, -0.010344329, -0.03656739, 0.022929307, -0.0302637, -0.0034674043, -0.02700729, -0.02776911, -0.04275158, -0.035282753, 0.020882849, 0.022361677, -0.016267112, -0.029128436, -0.0061767222, 0.038270283, 0.036029637, -0.015161725, -0.01525882, -0.0013434557, 0.0025860823, -0.03217572, -0.017432248, -0.0041190595, -0.0027784046, -0.04161632, -0.035641257, -0.005765937, 0.022062924, 0.01321236, -0.011322746, -0.015116911, 0.011755939, 0.0010017568, 0.0076182066, -0.014504468, 0.056075975, 0.020524345, -0.005605357, -0.042094324, -0.006617383, 0.004440219, -0.012405726, -0.0123235695, 0.04415572, 0.017178308, -0.01410862, -0.010897023, 0.010187484, -0.018552573, -0.0050265226, 0.03012926, -0.014018994, 0.004104122, -0.028769933, 0.008163431, -0.0035514287, 0.0066808686, 0.0004455624, 0.028321803, -0.021465417, -0.008200775, -0.048726644, 0.0106057385, 0.013160078, 0.025633024, -0.016774992, 0.0656062, 0.013316924, -0.009784167, 0.0022201096, 0.0141683705, 0.04122794, 0.0074762986, 0.008559279, 0.08078286, 0.008783344, -0.02310856, -0.0026383642, -0.027470356, 0.0055269343, 0.021166664, 0.0032993555, -0.003006204, -0.015968358, -0.014355091, 0.009164254, 0.020703597, -0.0018513362, -0.002113679, -0.0018746763, -0.009388319, 0.0011810088, 0.061304156, -0.0072036865, 0.0038949947, -0.041586444, -0.011210714, -0.0078049274, 0.012017347, -0.013175016, 0.0121965995, 0.00043015793, 0.02100235, 0.007543518, -0.018552573, 0.013428956, -0.041586444, 0.0014853636, -0.005011585, 0.031070333, -0.005732327, -0.028754994, -0.013869617, 0.02675335, 0.016550926, -0.013899492, 0.0053663542, 0.022092799, 0.018388258, 0.009746823, -0.006247676, -0.0055045276, -0.02891931, -0.012017347, -0.010538519, -0.0044887667, 0.035641257, 0.03567113, -0.007760114, 0.0008584486, 0.0025972857, -0.014332685, 0.00293525, 0.00028241513, 0.031249585, -0.017282872, -0.014623969, -0.025394022, -0.02502058, -0.015565041, -0.012674605, -0.013555926, -0.011375028, -0.0106057385, 0.02993507, -0.0003713409, 0.04155657, 0.018343447, 0.01289867, -0.03868854, -0.026887788, 0.015579979, -0.00028031453, 0.003607445, 0.0015749895, 0.0062140664, -0.038210534, -0.0031649168, -0.0038539162, -0.0071402015, 0.033370733, -0.012697011, -0.0139443055, 0.008439777, -0.0023900256, -0.041138314, 0.0054858555, -0.00031439107, 0.028381554, 0.0031443774, -0.00075435184, -0.010635613, 0.017013995, -0.0014480194, 0.013615677, -0.025423897, 0.02794836, 0.00887297, 0.005579216, 0.003771759, -0.040122554, 0.015101974, 0.005933985, 0.02406457, 0.010799928, -0.0128912, -0.0126073845, 0.0027672015, 0.01327211, -0.009858855, -0.008320277, -0.018238883, 0.02572265, -0.0017645111, 0.024662076, 0.006243942, -0.014885378, 0.011248058, 0.010501175, -0.0012006144, -0.0031518461, -0.0021360854, 0.0155351665, -0.01704387, -0.017028932, -0.0038016343, 0.004481298, 0.022436365, 0.0032003936, -0.011793283, 0.014586625, -0.0022126408, -0.0118455645, -0.015654668, 0.0035084828, 0.009306162, -0.015214006, 0.004335656, 0.008394965, -0.01218913, -0.03414749, -0.014870441, -0.005265525, 0.019941775, 0.009933543, 0.019882025, 0.007233562, -0.012988295, -0.024199009, -0.01136009, 0.0025431365, -0.0028269521, -0.0029315157, -0.010493706, 0.021077039, 0.0082530575, -0.0028064128, -0.007588331, -0.0074762986, -0.001363995, 0.033101853, 0.0048173955, 0.004888349, 0.01206216, -0.007984179, -0.030218886, -0.0032209328, -0.016311925, -0.010194953, -0.012092035, 0.003682133, -0.0070244344, 0.01895589, -0.01423559, -0.05066854, -0.005732327, 0.036537517, 0.010448893, -0.0075285807, -0.007909491, 5.149408e-05, -0.0026869115, -0.036089387, -0.014160901, 0.0010969844, 0.016431427, -0.017970005, -0.0291135, 0.012233944, 0.0012230208, -8.60666e-05, 0.024691952, -0.041466944, -0.020509407, -0.018089507, -0.027798984, -0.034117617, 0.032444596, 0.014033931, 0.005119883, 0.009149317, -7.474665e-05, -0.004668019, -0.028575743, -0.010926899, -0.0076630195, -0.031189833, -0.01244307, 0.022152549, -0.008133556, -0.010135202, 0.0074352203, 0.010493706, -0.014541812, 0.00063671777, -0.0075584557, 0.03447612, -0.006389584, -0.013219829, 0.034057863, 0.005956392, -0.0004938764, 0.03235497, 0.033430483, -0.0048099263, 0.038658664, -0.0058966414, -0.0089850025, 0.039017167, 0.0092389425, 0.002509527, -0.008215713, 0.0020147169, -0.0048808805, 0.010172546, -0.010015701, 0.018776638, -0.0056539043, 0.006344771, -0.008066337, 0.01410115, 0.01148706, 0.029292751, -0.024542576, 0.005418636, 0.031100208, -0.00016641487, -0.013832273, 0.00027354588, 0.0069796215, -0.00063811813, 0.013555926, 0.021988235, 0.0006978688, -0.04576899, 0.0034263257, -0.0033721768, -0.0092688175, -0.041825447, 0.0047389725, -0.010486237, 0.012129379, -0.0027559982, 0.021166664, -0.0015591183, -0.0017290341, 0.0094928825, 0.0053028692, 0.028605618, -0.017641377, -0.001561919, -0.0019867087, 0.0067555564, 0.03166784, 0.0071252636, -0.004668019, 0.021674544, -0.014280403, -0.011023993, 0.006949746, -0.01819407, 0.0023265404, -0.022884496, 0.013122734, 0.02636497, -0.03307198, -0.017447187, 0.0012491618, -0.028112676, 0.020195715, -0.015034755, 0.0017663783, -0.016834743, 0.023078684, -0.010493706, 0.004264702, -0.02361644, -0.017701127, -0.00066705985, -0.006135644, 0.0020352562, -0.00063811813, 0.01589367, -0.014384966, 0.020509407, 0.0015273757, 0.005803281, 0.0065576327, 0.0037101412, -0.036418013, -0.03006951, 0.005373823, 0.014609031, 0.017327685, 0.0117185945, 0.004768848, -0.0073754694, -0.00015976295, 0.0077451766, -0.018627262, -0.018418135, 0.02579734, 0.014713595, -0.011569218, 0.028889434, 0.005433574, 0.010635613, -0.00022919972, 0.01276423, -0.007715301, -0.021614794, -0.0012809043, -0.0014097416, -0.01614761, 0.005347682, 0.014302809, -0.007532315, -0.0011240589, 0.0014918988, -0.001166071, 0.019060453, -0.011091213, 0.005892907, -0.0066248523, -0.0018485354, -0.048099265, 0.0060609556, -0.032862853, 0.0034524666, 0.005272994, -0.021525167, 0.01698412, 0.019732649, 0.022047985, 0.03874829, 0.012338507, 0.006453069, 0.0009709479, 0.017492, 0.005228181, 0.020838035, 0.017223122, 0.0019325598, 0.01563973, 0.005892907, 0.024288636, -0.0073045157, -0.018657137, -0.0071887486, 0.02654422, 9.756159e-05, -0.012084567, 0.013428956, -0.0063933185, 0.014407373, 0.009926075, -0.02700729, -0.012413195, -0.009687073, -0.022107737, -0.002916578, -0.0024740498, 0.02137579, 0.01321236, -0.012293694, 0.004940631, -0.020225592, -0.00288857, 0.009067159, -0.018567512, -0.014220652, 0.009731885, 0.016431427, -0.027798984, -0.03707527, 0.02981557, -0.011143494, 0.027888611, 0.003607445, 0.00615805, 0.0125775095, -0.018687012, -0.0093211, 0.025110206, -0.011561749, -0.010889554, -0.012487884, 0.00011016524, 0.003473006, 0.016506115, -0.031578213, -0.022301925, -0.006923605, -0.022884496, 0.00015754563, 0.00089065795, 0.0130853895, -0.031637963, 0.009604915, -0.017790753, -0.013675427, -0.035252877, 0.02699235, -0.002024053, 0.030428013, 0.010314454, 0.0034692716, 0.0050526634, 0.0016254041, -0.009201598, 0.008394965, 0.006919871, 0.023332624, 0.001182876, 0.0075173774, 0.0034449978, -0.02195836, -0.019553397, 0.018731825, -0.030741705, 0.015774168, -0.005553075, 0.012271288, -0.005470918, -0.024423074, -0.010306985, -0.012286225, -0.007614472, -0.01608786, 0.015505291, -0.017880378, 0.009612384, 0.015520228, 0.004813661, -0.0062103323, -0.00734186, -0.00944807, 0.013107796, 0.008245588, -0.005519465, -0.0011501998, 0.039106794, 0.020718534, -0.00119688, -0.006949746, 0.0026962475, -0.019239705, -0.011643906, -0.0017374365, 0.00804393, 0.00026537688, -0.017521875, -0.0072111553, -0.01698412, -0.019239705, 0.021077039, -0.014504468, 0.014093682, -0.0016711507, 0.015818981, -0.011875439, -0.010926899, 0.008193307, 0.01940402, 0.008394965, -0.00507507, -0.0075360495, 0.0060609556, 0.016311925, 0.0044215475, 0.017955067, -0.014877909, -0.013234766, -0.011404904, -0.0062924894, 0.00849206, -0.016446363, -0.008574217, 0.0032918868, 0.0030323449, 0.016819805, 0.034834623, -4.6826062e-05, -0.031040456, -0.0050974763, 0.0029539221, 0.008484591, -0.002914711, -0.02080816, 0.0017477062, -0.03274335, 0.0022369146, -0.036925893, 0.0032321361, -0.0021902344, 0.018373322, 0.015938483, -0.015818981, 0.009104503, -0.02170442, 0.009776698, -0.0052393842, -0.028037988, 0.0054933242, 0.003555163, 0.017432248, -0.018029755, -0.034834623, -0.009873793, -0.0043057804, -0.005399964, 0.013249705, 0.004697894, 0.008260526, -0.005246853, -0.0010222961, 0.014160901, 0.0005676311, -0.0031649168, 0.009918606, 0.016162548, 0.011292871, 0.03133921, -0.007450158, -0.0015227076, -0.0033684422, 0.023556689, -0.00066239183, 0.0067368844, -0.00855181, -0.0010615075, -9.292275e-06, 0.0054036984, -0.024677014, 0.008828157, -0.005534403, 0.0014106752, -0.002879234, 0.01410862, -0.0057360614, 0.0087310625, 0.0086339675, -0.007009497, -0.004249764, -0.0074128136, -0.001048437, -0.007550987, 0.0058779693, -0.0032881524, 0.029053748, -0.007050575, 0.013959243, 0.0163418, -0.016894493, 0.017208183, 0.013443894, -0.021106914, -0.015176662, -0.014668782, -0.002726123, -0.0061767222, 0.008178369, 0.003473006, 0.02579734, -0.039913427, 0.02412432, 0.015221476, 0.0047651134, 0.007584597, -0.028291928, -0.01684968, 0.007872147, -0.02720148, 0.011240589, 0.020434719, -0.010359267, -0.00073848054, -0.02361644, -0.008723593, 0.014056338, 0.019837212, -0.008521935, 0.004985444, 0.021226415, 0.00033889816, -0.008372558, 0.0034524666, -0.0066846027, 0.0046381433, -0.0075173774, 0.0029707272, -0.002770936, 0.0038016343, 0.025931777, 0.007909491, 0.018716889, 0.015445541, 0.010187484, -0.018343447, -0.0037194772, -0.0018896139, -0.0075547216, 0.022764994, 0.02201811, 0.015804045, -0.0009830848, 0.004025699, 0.0035943743, 0.031578213, -0.015072099, -0.014384966, -0.0139443055, 0.0040966533, 0.006012408, -0.013107796, 0.003258277, 0.00021881338, 0.019687835, 0.00068059715, -0.0058779693, -0.025438834, 0.0018532034, 0.0187617, -0.035312627, -0.0087310625, -0.022764994, 0.012973358, 0.00950782, -0.009119442, -0.0054933242, 0.01794013, 0.012861325, -0.010344329, 0.009500352, -0.0023097356, -0.007326922, -0.0062887548, 0.0062962235, 0.009724417, -0.015878733, 0.017716065, -0.0067256815, 0.0187617, 0.021584919, 0.011651374, -0.007857209, 0.011980003, 0.012413195, -0.007128998, 0.0060684243, 0.016550926, 0.016356738, -0.016685367, -0.006486679, -0.013331861, -0.011651374, 0.01563973, -0.014190777, -0.013384143, -0.0030024697, 0.012936014, -0.0059078443, 0.012659667, -0.024467887, -0.016715242, 0.0065837735, -0.009119442, 0.019687835, 0.025229707, -0.005030257, -0.026125968, 0.008126087, 0.0002705117, -0.025364146, -0.011434779, -0.0019213565, 0.010306985, 0.006594977, 0.0042236233, 0.018403197, 0.00074081455, 0.029576566, -0.0059414543, -0.006344771, -0.006057221, 0.0051497584, 0.004544783, -0.019807337, 0.0029184453, -0.010740178, 0.0002975862, -0.015968358, 0.013555926, -0.010067983, -0.013578333, 0.004122794, -0.011277933, 0.0088879075, -0.01819407, 0.0029128436, -0.040570684, -0.008163431, -0.010717771, -0.0013509246, -0.007117795, -0.028456243, 0.013951775, 0.011397434, 0.022570804, -0.0001486764, 0.028486118, 0.009642259, -0.012106974, -0.020897785, 0.0073717353, 0.0049182246, -0.020509407, -0.012121911, 0.005407433, -0.02406457, -0.0047987234, -0.010628145, 0.010956774, 0.0077003636, -0.019628085, -0.0028120144, 0.012017347, 0.0046754875, -0.005661373, 0.0030080713, -0.011277933, -0.008223182, -0.005739796, -0.00651282, -0.0037213445, 0.02527452, 0.026917662, -0.0140414005, 0.0012323569, -0.00021437876, -0.02751517, -0.007031903, 0.003680266, 0.003482342, -0.023003995, 0.008723593, 0.0020557954, -0.009306162, -0.016207362, -0.004395406, 0.03396824, -0.0063036922, 0.023571627, -0.0022294456, 0.0006423194, 0.021047162, -0.0037400166, -0.01794013, -0.0067630257, 0.010008232, -0.001349991, -0.0022518523, 0.008066337, -0.008738531, -0.009485414, 0.0008943924, 0.004309515, 0.005138555, -0.0047987234, -0.006740619, -0.019329332, 0.019075392, -0.015101974, -0.0072858436, -0.009433133, 0.00036994048, 0.012823981, 0.026439657, 0.002177164, -0.005579216, -0.02151023, 0.00042222228, 0.023661254, 0.009739354, -0.0075173774, -0.016700303, -3.8452803e-05, 0.0005302869, 0.026125968, 0.012861325, -0.004290843, -0.019777462, 0.0018522699, -0.007386673, -0.005067601, 0.016640553, -6.3951855e-05, -0.0063298335, -0.020569157, -0.0047464413, 0.004951834, -0.019896964, 0.010837272, -0.0056763105, 0.013653021, -0.0012855723, 0.033370733, 0.019568333, -0.017462125, 0.0051086796, -0.005821953, 0.009171723, 0.0024647138, 0.01339908, -0.017865442, 0.005721124, -0.014444717, -0.008955127, 0.00046586827, -0.003133174, 0.009754292, 0.0043692654, 0.013623145, 0.018672075, -0.005284197, -0.010411548, 0.016252173, -0.009627322, -0.017477062, 0.01915008, 0.03172759, -0.016819805, 0.009052222, -0.03830016, -0.0022089065, 0.00359064, -0.01085221, -0.010038108, -0.005515731, -0.021883672, 0.029442128, -0.00970201, 0.010381673, 0.019792398, 0.004671753, 0.011292871, 0.009552633, -0.0062065977, 0.012009879, 0.0030902284, -0.012420665, 0.018776638, -0.0032806834, -0.0075958, -0.0063148956, -0.0029016405, -0.00094387337, -0.017850503, 0.001960568, -0.019762523, 0.0046194713, 0.00019675698, -0.007760114, 0.010822334, -0.042900957, -0.027619733, 0.0039696833, -0.0038539162, 0.010665489, -0.01410115, 0.00078516075, 0.011815689, 0.033848736, 0.0005176833, -0.0061953943, -0.020076215, 0.009246412, 0.0012538298, -0.007939367, 0.01180822, 0.010142671, -0.01168125, 0.036686894, 0.01889614, -0.00408545, 0.01780569, 0.013518582, 0.014048869, -0.0075099086, -0.0060908305, -0.016819805, -0.010381673, -0.0044663604, 0.017402373, 0.007442689, 0.0011501998, -0.010560925, -0.002124882, 0.011150963, 0.008073805, -0.0017122292, 0.004623206, 0.00046656845, -0.014504468, -0.0063746464, -0.024945892, -0.015094506, 0.0107327085, 0.0398238, 0.013369205, -0.009716948, -0.012988295, -0.012943482, 0.030801455, 0.013048046, -0.013242235, 0.015087036, -0.009941013, 0.0010727107, -0.004750176, 0.01301817, 0.011225651, -0.01410115, -0.024228884, -0.0058705, 0.018238883, 0.0017887847, -0.010568394, -0.0020128496, 0.021405667, -0.008051398, 0.010635613, -0.010292048, -0.0029893992, 0.003319895, 0.009537696, -0.0027634671, 0.006497882, -0.0025748792, 0.00804393, 0.006714478, 0.02891931, -0.03471512, 0.018926015, -0.020404844, 0.02636497, -0.008141025, -0.00520204, -0.0049817096, 0.0024460417, 0.010508643, -0.012106974, 0.002259321, 0.012868794, -0.010015701, -0.0037418837, 0.006221535, -0.0026607707, 0.0051908367, 0.00791696, 0.015288695, 0.0011754071, -0.029038811, 0.009791636, -0.0069534807, 0.006863855, -0.030293575, -0.00532901, 0.011651374, -0.018044693, 0.009731885, 0.022496115, 0.008163431, -0.0049891784, -0.013585801, -0.0056837797, 0.00867878, -0.019538458, 0.0034991468, -0.01327958, -0.0055941534, 0.027993174, 0.022540929, 0.0040891846, 0.0016590138, -0.0023153373, -0.015430602, 0.0017691791, -0.039495174, 0.0015152389, 0.017716065, -0.027231354, 0.010628145, -0.0020128496, 0.0052617905, 0.009657197, -0.023198185, -0.020823097, 0.0027149196, -0.002348947, -0.010725239, 0.00561656, -0.02131604, -0.0020501937, -0.028710183, 0.01398165, 0.03229522, 0.0068713236, -0.0071775457, 0.017402373, 0.013070452, -0.010956774, -0.0028642963, 0.021913547, -0.020509407, 0.019508583, 0.0048472704, -0.012614854, 0.004275905, -0.0012024816, -0.0077451766, 0.009791636, -0.024019757, -0.009731885, -0.0052393842, -0.007775052, -0.002492722, -0.005866766, -0.0071588736, -0.004440219, 0.0076368786, -0.003951011, -0.0010605738, 0.005470918, -0.0011950128, -0.0014592226, -0.007760114, -0.0035850382, -0.006830245, 0.003943542, 0.012345976, 0.0036223824, 0.00073661335, -0.020464594, -0.0061281747, -0.0014844299, -0.0061767222, 0.0062252698, 0.011479592, 0.0076443474, 0.022167487, -0.016804866, -0.030980706, 0.017402373, 0.0257824, -0.019165017, 0.042781457, -0.0044850325, 0.008447247, 0.011404904, 0.007677957, 0.003060353, -0.00051301526, -0.018567512, -0.041407194, -0.020972474, 0.015400727, 0.0074090795, -0.011091213, 0.013287049, 0.0044327504, -0.035910133, -1.27349385e-05, 0.012741824, 0.00036107126, 0.023138436, -0.021136789, -0.017267935, 0.0013061116, 0.013966712, 0.00023841906, 0.019165017, -0.0056725764, 0.02502058, -0.01583392, 0.008215713, -0.0120696295, 0.004249764, 0.0038949947, 0.008835626, -0.013361737, 0.005930251, 0.006919871, -0.008267995, -0.02769442, -0.007692895, -0.0032377378, 0.008723593, 0.0006768627, 0.0074650953, 0.007386673, 0.025199832, 0.002673841, -0.008208244, -0.0061057685, -0.015109443, 0.003962214, -0.018298633, -0.008641436, -0.0210621, 0.014848034, 0.0041900137, -0.003465537, -0.0059377197, -0.008469653, 0.014459655, 0.008589154, 0.0143252155, -0.014310278, -0.016371675, 0.0013163813, -0.0060012047, -0.015624792, -0.0069086677, -0.0033908489, -0.016580801, -0.0042534987, 0.028247114, 0.014638906, -0.011173369, 0.005093742, -0.003347903, -0.0074576265, 0.009037284, -0.006094565, -0.024348386, 0.0049443655, 0.008238119, 0.012495352, -0.027828861, -0.0060086735, 0.032773226, -0.008141025, 0.0036410545, 0.016207362, 0.009709479, 0.031637963, 0.014190777, 0.006990825, 0.004007027, 0.010844741, 0.001997912, -0.0029987353, 0.025752526, 0.020255467, -0.023452125, 0.023332624, -0.0018111912, -0.0061879256, 0.008686249, 0.006202863, 0.016072921, -0.0163418, -0.0047837854, -0.005821953, 0.010613208, 0.006344771, 0.013757585, -0.00034169896, 0.0039734174, -0.020688659, -0.00899994, 0.0041265287, -0.0004000492, 0.007961772, 0.017477062, -0.00083977653, 0.021988235, 0.015789106, 0.0065651014, 0.021166664, -0.008155962, 0.007577128, -0.0052169776, 0.018298633, 0.01595342, -0.011994941, -0.005930251, 0.008290401, 0.005624029, 0.011651374, -0.012532696, 0.020135965, 0.013936836, 0.015684543, 0.014609031, 0.006949746, 0.0015544503, -0.013959243, 0.0111136185, -0.020509407, -0.011061337, 0.01825382, -0.023900256, 0.0041078567, 0.024901079, 0.004851005, 0.01314514, 0.007002028, 0.01148706, -0.0021752967, -0.0027559982, 0.0148032205, 0.015124381, -0.024169134, 0.008544342, 0.008230651, -0.002475917, 0.012801575, -0.002070733, -0.030174073, -4.3033296e-07, -0.016685367, -0.019941775, 0.022167487, 0.017910253, 0.009806573, -0.0051310863, -0.016760055, -0.02636497, 0.005291666, -0.019135142, 0.014228121, -0.007155139, -0.004955569, 0.01360074, 0.0077227703, 0.021988235, -0.0029707272, -0.010486237, -0.0005022788, 0.009963419, -0.010075452, 0.017506937, -0.010471299, -0.0029016405, -0.011651374, -0.007192483, -0.011733532, -0.00040355022, -0.0064941477, 0.0071588736, -0.015184131, 0.011942659, -0.006083362, 0.0064941477, -0.0044439537, 0.00078376033, -0.008193307, -0.008970065, 0.0037269462, 0.010336861, 0.0010633747, 0.007577128, -0.0056651076, -0.0059638605, -0.006650993, 0.021435542, -0.004040637, 0.010799928, 0.008155962, -0.0049630376, -0.003204128, -0.014736001, -0.017477062, 0.0014956332, -0.0039360733, -0.0063036922, 0.020942599, 0.008103681, -0.007939367, -0.031518463, -0.021495292, -0.0041339975, 0.02310856, -0.0051908367, -0.00938085, 0.0015703215, -0.004851005, -0.0062588793, -0.009941013, 0.011927721, -0.009522758, -0.019508583, 0.027276168, 0.0037941656, 0.013055515, 0.012002409, -0.008477122, 0.0048285984, 0.0032470739, -0.01698412, 0.001917622, -0.010643083, 0.00053682213, 0.0096198525, -0.031428836, 0.013033108, -0.02534921, 0.0024647138, -0.022316864, -0.011860502, -0.0032022607, 0.026125968, 0.0121965995, -0.006075893, 0.005082539, 0.0029483207, 0.011009055, -0.020195715, 0.025498586, -0.018268758, 0.0029557894, 0.0014368162, -0.001597396, 0.005082539, 0.0031537134, -0.0013667959, 0.012614854, 0.008432309, -0.008611561, -0.018373322, 0.006434397, -0.0026178248, -0.0056763105, -0.019762523, -0.018403197, 0.011150963, 0.011591624, -0.0013322525, 0.006964684, -0.00031322407, -0.008753468, 0.0032900195, -0.0015787239, 0.017402373, -0.018492823, -0.023840506, 0.0049705063, 0.00028218172, 0.004395406, 0.02847118, -0.0069161365, -0.012741824, 0.00574353, 0.008596623, 0.009664666, 0.0055754813, -0.011509467, -0.00043412574, 0.010127733, 0.00033446355, -0.010038108, -0.01569948, 0.0010661755, 0.00019874089, 0.0017281005, 0.00367093, -0.013892024, 0.035462003, -0.021614794, 0.003962214, 0.0010260305, -0.0052431184, -0.0018027888, -0.009231473, 0.016804866, 0.028366616, 0.00046166705, 0.005060132, -0.0014648243, -0.004473829, -0.0049107554, -0.0020091152, -0.018119382, -0.0073904074, 0.0011679382, 0.02041978, 0.013451363, -0.002933383, 0.011352621, -0.009530227, -0.004204951, -0.015684543, 0.008701187, -0.01027711, 0.023003995, 0.012816512, -0.013122734, -0.035969883, -0.012487884, -0.0052692597, -0.00938085, 0.05395483, 0.0046493467, 0.01665549, 0.00169169, 0.036776517, 0.025543397, -0.003868854, 0.0006642591, -0.005355151, 0.0031779872, 0.0054634493, -0.00861903, -0.027604796, -0.0045933304, 0.017193247, 0.003906198, 0.01710362, -0.017910253, 0.0056016226, -0.029890258, -0.01301817, -0.003932339, 0.0077227703, -0.015923545, 0.0031182365, -0.006923605, 0.018149257, 0.0105758635, -0.0064231935, 0.014825627, 0.01385468, 0.002240649, -0.007046841, -0.018881202, 0.0020128496, -0.013137672, 0.039584797, 0.014571687, -0.0043692654, 0.0063933185, -0.029352501, 0.030233823, -0.004832333, 0.013518582, -0.0186422, 0.008357621, -0.011375028, -0.0145791555, 0.017970005, -0.0032713474, -0.0017439718, 0.012413195, 0.019523522, -0.010837272, -0.016446363, 0.005508262, 0.02699235, -0.0056501697, -0.0081709, -0.00829787, -0.0041713417, -0.024736764, -0.023765817, -0.006075893, 0.019687835, -0.0060460176, -0.010165078, 0.0056912485, -0.02373594, -0.017118558, 0.030592328, -0.015594916, -0.0030622203, -0.0052580563, 0.0006941344, 0.005833156, 0.005119883, -0.018582448, 0.010755115, -0.018851327, -0.00028848354, -0.0052879318, 0.028501054, 0.004824864, -0.015609855, -0.010643083, 0.007610738, -0.025513522, -0.0044215475, -0.016207362, -0.0055829505, 0.0013807999, 0.0030454153, -0.01065802, 0.0049817096, 0.011860502, -0.00995595, -0.031996466, 0.0035495614, 0.02342225, 0.000803366, 0.0151916, 0.02182392, 0.002395627, -0.008267995, 0.007584597, -0.013615677, 0.018418135, 0.0009821511, -0.018179132, 0.01538579, -0.021540105, -0.027022226, -0.021838859, 0.0009793503, 0.012435602, 0.02611103, -0.0015133717, 0.02182392, 0.011442248, 0.0025954184, 0.0056576384, 0.01020989, 0.019448834, 0.012390789, -0.01920983, 0.0078049274, 0.002879234, 0.005560544, 0.009201598, 0.002123015, 0.0052393842, 0.006038549, -0.0052356496, 0.0010344329, -0.01774594, -0.0016860884, -0.011188307, 0.0029595238, 0.0008089676, -0.003131307, 0.008596623, 0.023198185, -0.002843757, -0.017596563, 0.00073848054, -0.005687514, -0.0019101532, 0.009746823, 0.013219829, 0.009410726, -0.0009728151, -0.0038464474, 8.810885e-05, -0.006139378, 0.004175076, -0.022167487, 0.004007027, -0.031578213, -0.002386291, 0.009918606, 0.030920956, 0.016580801, 0.0028362882, -0.006613649, -0.007984179, -0.030801455, -0.00842484, -0.030442951, 0.00010771453, 0.0019643023, -0.0028269521, -0.01569948, 0.009754292, 0.0016636818, -0.011255527, -0.007416548, 0.004130263, 0.018911077, -0.0039472766, -0.008126087, 0.00048594075, 0.0012715682, -0.013316924, -0.028486118, -0.017641377, 0.0013658623, -0.008604092, -0.01569948, 0.008783344, 0.024990704, 0.0020838035, -0.0012332905, -0.010740178, 0.01378746, -0.012749293, 0.020643845, 0.03133921, 0.024796516, 0.022346739, 0.0060422835, -0.01934427, -0.020718534, -0.015460478, -0.0059227822, -0.018612323, -0.0048285984, 0.01366049, 0.022331802, 0.008850563, -0.0032694803, 0.03313173, 3.9036306e-05, -0.014280403, -0.020912724, -0.0009597446, 0.015326039, 0.0032190657, 0.009164254, -0.0122264745, 0.029277813, -0.017417312, 0.000949475, 0.004417813, -0.008708656, -0.017193247, -0.015004879, -0.012906138, 0.0026084888, 0.01455675, 0.013331861, 0.0279633, 0.0035719678, -0.005788343, 0.0056501697, -0.013481238, -0.002718654, 0.004974241, 0.0011287269, -0.023332624, 0.0017028932, 0.0045671896, 0.002610356, -0.0039360733, 0.0035626318, 0.0014265465, 0.0210621, -0.02406457, 0.000744549, -0.020838035, 0.0066211177, -0.02802305, 0.008394965, 0.033998113, 0.0041638725, 0.0092688175, 0.005508262, 0.016386613, 0.0064007873, 0.0140712755, 0.009276287, -0.013421487, 0.008185837, 0.018089507, 0.0041713417, 0.005866766, 0.023750879, 0.021450479, 0.007834802, -0.008574217, 0.00861903, -0.015236413, -0.0199119, 0.0037157428, 0.007065513, -0.012263819, 0.0030211417, 0.008335214, 0.0043692654, -0.0033721768, -0.012204068, 0.01123312, -0.007730239, -0.00912691, -0.004992913, 0.020121029, 0.002197703, -0.0012118176, -1.821986e-05, -0.022959184, 0.011815689, -0.012950951, 0.0044439537, 0.008865501, 0.020524345, 0.009216536, -0.0043655313, 0.0039995583, -0.0246322, -0.011770876, -0.01589367, -0.0026308952, 0.011315277, -0.0075808624, 0.0053812917, -0.014609031, 0.027335918, -0.0039734174, 0.0024628467, 0.020449657, 0.0016851547, -0.020703597, 0.007872147, -0.0030528842, -0.0002245317, 0.00334977, -0.007379204, -0.00343006, 0.0010783123, -0.012286225, 0.011546811, -0.0028008113, -0.003465537, 0.0026122232, -0.006344771, -0.001467625, 0.008155962, -0.0012388922, -0.0056651076, 0.011703656, 0.018164195, -0.022944245, -0.016909432, 0.009761761, 0.017282872, -0.0020539283, -0.008596623, 0.0077451766, -0.0039920895, 0.013451363, 0.00784974, -6.710277e-05, 0.0034879437, 0.010620676, -0.00309583, -0.022227237, -0.023661254, -0.036477767, 0.0026925132, 0.0141982455, -0.018612323, 0.01251029, -0.008917782, 0.0058592972, 0.0012799707, -0.0120995045, 0.0012874396, -0.011539342, 0.0051758992, 0.0007258769, -0.011666312, -0.0063522398, -0.012375851, -0.005825687, 0.0029501878, -0.010904492, -0.0066659306, -0.00028614956, -0.017701127, -0.0036111793, 0.0071850144, -0.02508033, 0.00797671, 0.0064605377, -0.005668842, 0.0007249433, -0.022705242, 0.0072933123, 0.018970829, -0.003939808, 0.02987532, 0.0044775633, 0.00074221496, -0.008828157, -0.00140414, -0.0062514106, -0.004563455, 0.0023732206, 0.019702774, 0.0075958, -0.0034543339, -0.017088683, -0.009716948, -0.0053439476, -0.0029184453, 0.0012332905, -0.013287049, 0.0038389785, -0.013361737, 0.020464594, 0.0089850025, -0.015878733, -0.0007912292, -0.005284197, -0.014526874, -0.01302564, 0.015714418, -0.0048547396, -0.02201811, -0.006038549, -0.0060908305, -0.023960005, 0.00083604216, -0.0056651076, 0.02597659, 0.0028642963, 0.0070804507, 0.0028194832, 0.00089532597, 0.0020016464, 0.032922603, 0.012024816, -0.020016463, 0.011262995, 0.002709318, 0.011076274, 0.01684968, 0.01915008, -0.017880378, -0.028127613, -0.002087538, -0.0011259262, -0.009806573, 0.03420724, -0.029203124, -0.0050265226, -0.0047800513, 0.014668782, -0.012271288, -0.00692734, 0.035820507, -0.011195776, 0.026693597, -0.003536491, -0.00022196429, 0.014870441, -0.0072858436, 0.014780815, -0.00090886327, -0.00721489, -0.00912691, -0.026783224, -0.006819042, 0.012734355, 0.026917662, 0.019613147, -0.0075397836, 0.003906198, -0.0050003817, 0.0065389606, 0.0066099144, 0.03190684, 0.021928485, 0.024662076, 0.0014032064, -0.023750879, 0.0022126408, 0.023257935, -0.004141466, 0.00395848, 0.009933543, 0.01378746, 0.02770936, 0.0075733936, 0.018298633, -0.02036003, 0.009082098, -0.011770876, -0.00038137712, -0.008350152, 0.0015544503, -0.014332685, -0.00062971574, 0.0035813039, -0.02151023, 0.0009765495, 0.01710362, -0.00023631845, -0.008962596, -0.007954304, -0.0025039252, 0.0142953405, -0.017447187, 0.01569948, -0.003473006, 0.0044140783, -0.018388258, 0.0187617, -0.004346859, 0.0008066336, 0.0038128376, 0.011016524, -0.024781577, 0.007132733, -0.027276168, -0.0012379586, -0.0023582831, 0.020061277, -0.0043804687, -0.012233944, 0.024781577, 0.008096212, 0.010135202, 0.0071140607, 0.01238332, 0.00950782, -0.011733532, -0.012024816, 0.0069161365, 0.0060497522, 0.000114074704, -0.007543518, -0.0044514225, 0.01825382, 0.009059691, -0.010292048, -0.019269582, -0.0032918868, -0.02030028, -0.019433895, 0.0001486764, 0.037045397, -0.0068899957, -0.0021752967, -0.013346799, -0.014975004, 0.009941013, 0.003123838, 0.023885317, -0.024871204, 0.005306604, 0.015848856, 0.0016151344, -0.0046344087, -0.017178308, 0.009156786, 0.017028932, 0.012697011, 0.02981557, 0.003411388, -0.011315277, -0.011860502, -0.0144521855, 0.020838035, 0.015744293, -0.0066211177, -0.015908608, 0.03868854, -0.0009718815, 0.0014274801, 0.017910253, -0.03133921, 0.014825627, -0.0042833737, 0.009082098, -0.01384721, 0.0035159516, -0.008469653, 0.0010232297, 0.0038109703, -0.009298693, 0.029128436, -0.004664284, 0.02266043, -0.0020987412, 0.011703656, -0.015609855, -0.007192483, 0.023989882, -0.006426928, 0.0233625, -0.01889614, 0.004473829, -0.013608208, -0.011987472, 0.00867878, 0.0006250477, 0.020643845, -0.010292048, 0.014653844, -0.0008948592, -0.0016907564, -0.00013303853, 0.0019194892, 0.009970888, -0.018985765, 0.005470918, 0.004122794, 0.026021404, -0.010590801, -0.009918606, 0.018268758, -0.00091213087, -0.006759291, -0.013884555, 0.019687835, -0.021435542, 0.018567512, -0.024736764, -0.012741824, -0.010232297, 0.00063064933, 0.004044371, 0.020584095, 0.015370852, 0.0064642723, -0.044663604, 0.016476238, -0.006426928, -0.0044327504, 0.016102796, -0.008977533, 0.0019773727, 0.0139443055]"
乗り物,fromCluster,0.22,60.0,2.8504,"[-0.01078123, -0.02358816, -0.0015971151, -0.025478816, -0.02899003, 0.00043983967, -0.0578, 0.029635252, -0.021007268, -0.025943976, -0.015605399, 0.01847139, 0.031600934, 0.011381438, 0.014810124, 0.017165938, -0.06830363, -0.008140316, 0.007780192, -0.002682178, 0.0013710994, 0.0132495845, 0.018171286, 0.017361006, -0.010428608, -0.0011863479, -0.009895924, 0.022732865, -0.04531568, -0.0002532126, 0.003968873, 0.016895846, -0.020362046, 0.052128036, 0.0476865, 0.05879034, 0.050597504, -0.0052218065, -0.006962409, -0.03607248, -0.010158515, -0.024878608, 0.013039512, 0.014787616, -0.01219922, 0.025613861, -0.02240275, 0.036762718, 0.012769418, 0.03373167, -0.024503477, 0.009678349, 0.017270975, 0.012446807, -0.016205607, 0.03745296, 0.034361888, 0.04675618, -0.025643872, -0.02751952, -0.05248816, -0.049907267, 0.008072793, 0.013332113, 0.005465641, 0.05248816, 0.035592314, 0.0147801135, 0.010788732, 0.009520794, -0.02742949, -0.0019356697, -0.020992262, 0.005128024, 0.057529904, -0.013654724, -0.03427186, 0.03199107, 0.042884838, -0.011891615, -0.0053343456, 0.0121392, 0.006711072, -0.006500999, -0.021787537, -0.0029091316, 0.02265784, -0.06284174, 0.011516484, -0.0008130938, 0.026409136, -0.018201297, -0.012791926, -0.003445567, 0.016145585, 0.00040725028, 0.021307372, -0.018276323, 0.032591276, 0.016400674, 0.015800467, -0.009325727, 0.015680425, -0.003558106, 0.0476865, -0.013212071, -0.027174402, 0.047236342, -0.020046936, -0.05008733, -0.0027103126, 0.0055106566, 0.013774766, -0.044085253, -0.0118090855, -0.008567965, -0.010803738, -0.04147435, 0.034211837, -0.014382476, 0.0146900825, 0.016220612, 0.0069173933, -0.003841329, -0.017826168, -0.015725441, 0.010833749, 0.006182139, 0.019476738, 0.017060902, 0.024173364, 0.01000096, -0.0147501035, 0.028029697, -0.02699434, -0.021022273, -0.018291328, 0.009730867, -0.021982605, -0.0239933, -0.0367027, -0.036282554, -0.03826324, 0.04996729, 0.007682658, 0.013302102, -0.012769418, 0.027234422, -0.03055057, 0.019041589, 0.014427491, -0.038023155, 0.02280789, 0.059810694, 0.0049779722, 0.027249428, -0.038983487, 0.032561265, -0.0033123961, -0.019326687, -0.038683385, -0.037422948, -0.013302102, 0.032591276, 0.009430762, -0.013339615, 0.04084413, -0.0032936395, 0.029650258, 0.006200895, -0.03127082, 0.010706204, -0.010593665, -0.029665263, 0.06398214, 0.011801583, 0.016910851, 0.015770456, 0.004857931, 0.053058356, -0.007735176, 0.016610747, 0.04690623, 0.009918432, -0.0016290011, -0.01569543, 0.017706126, 0.027144391, 0.0006822673, -0.034872066, -0.0004499213, -0.0026784267, 0.045015574, -0.024998648, 0.0017340374, -0.022072637, 0.0070711966, -0.04309491, 0.026529178, 0.027234422, 0.034992106, -0.03286137, 0.022567809, 0.0031173285, 0.0035055878, -0.048346728, -0.01176407, -0.0033217743, 0.017361006, -0.037392937, 0.01656573, 0.005990823, -0.0025827687, 0.04153437, -0.02306298, -0.0020744677, -0.011801583, -0.0066322945, 0.02349813, -0.009828401, 0.0448055, 0.0029035045, -0.011711552, 0.013827284, -0.035292212, -0.03778307, -0.025328763, 0.024623519, -0.018846521, -0.021652492, -0.0072625126, 0.010871261, -0.020392055, 0.01063868, -0.02127736, -0.0320811, 0.010083488, -0.012521832, -0.0073112794, -0.027309448, -0.03925358, 0.0023145508, -0.028224764, -0.033431567, -0.044355348, 0.014419989, -0.011471469, 0.0110438205, -0.0010747468, -0.0015746073, 0.014157398, 0.01135893, 0.0023952036, -0.0029560227, 0.027984682, 0.027999688, 0.025388785, 0.00031862585, -0.0115615, -0.017481048, -0.006320937, -0.015110228, 0.0078026997, 0.007997767, 0.032711316, -0.016370663, -0.006786098, 0.0075138495, 0.010068484, -0.038623363, 0.008793042, -0.051977985, 0.019521754, 0.0061033615, -0.006812357, 0.0021232346, -0.01081124, -0.040874142, 0.0013242081, -0.010473624, -0.00589704, -0.021952596, -0.0033424064, -0.030940704, -0.009423261, 0.0064747403, -0.016745795, 0.018621443, 0.0060395896, 0.01806625, -0.025163706, -0.038773414, -0.01928167, -0.029470196, 0.034932084, 0.010128505, 0.004700376, -0.023228036, 0.016145585, -0.018951558, -0.04642606, 0.015590394, -0.0208122, -0.03991381, 0.033311523, -0.009130659, 0.025388785, 0.00667731, 0.004396521, -0.022702854, 0.04243468, -0.006410968, -0.04789657, -0.010128505, 0.018831516, -0.027339458, -0.016775804, -0.0021963848, -0.03229117, -0.010758722, -0.005386864, -0.038203217, -0.013489667, -0.033941742, 0.0029428932, 0.01679081, -0.010586163, -0.014082372, -0.034992106, 0.0106311785, -0.026784267, -0.034061786, -0.0024533488, 0.038713396, -0.038233228, -0.011741563, -0.026769262, 0.008125311, -0.013182061, 0.021817548, -0.0076901605, 0.0073600463, -0.0049929773, -0.030205451, -0.0042164586, -0.018741485, 0.03616251, -0.0009706483, 0.026364122, 0.0022414005, 0.0003788811, -0.027309448, 0.022447767, -0.009243198, 0.03679273, -0.0154853575, 0.034241848, -0.020767186, -0.014442497, 0.006058346, -0.03745296, -0.034692004, 0.0035468522, -0.0050792573, 0.022027621, 0.027084371, -0.001410488, 0.022192677, -0.023002958, -0.0018765867, -0.017571079, -0.018951558, -0.0010147261, -0.0026521676, -0.04000384, -0.030265471, -0.012379283, -0.039433643, 0.0066585536, 0.009265706, -0.015327803, -0.003049805, -0.029320143, 0.008875571, -0.02786464, 0.034872066, 0.007930243, -0.049787227, -0.02112731, 0.051347766, 0.0019103484, -0.008627985, 0.022297714, 0.0113364225, 0.020542108, 0.00043374381, 0.060020767, -0.003745671, 0.0018053121, 0.0037738057, -0.02820976, -0.009423261, 0.021232346, -0.0113664325, 0.03667269, -0.028659916, -0.046606123, 0.018621443, 0.026019001, 0.011381438, 0.0043890183, -0.031630944, 0.020302024, 0.009303219, -0.011711552, -0.0048429254, 0.00031065434, -0.00042084872, -0.030700622, -0.034932084, -0.029200103, 0.043365, -0.016910851, 0.0029091316, -0.027609553, 0.044895533, 0.02390327, -0.017811162, 0.0013645346, -0.021382397, -0.01913162, -0.016655762, 0.014232424, 0.03451194, 0.014352466, 0.01199665, 0.036612667, 0.0005992698, 0.015545378, 0.016325649, -0.02315301, -0.041354306, -0.019986914, 0.005068003, -0.01465257, 0.060560953, 0.013789771, -0.03682274, 0.001693711, -0.011929127, 0.00468162, -0.020932242, 0.0064747403, -0.0033123961, -0.033191483, 0.019866873, 0.010098494, -0.024968639, -0.0413243, 0.016955866, 0.039703738, 0.032771338, -0.018111266, -0.0081028035, -0.0053568534, -0.020497091, -0.013977336, 0.040484007, -0.005161786, -0.017300986, 0.017826168, -0.017451037, 0.018966561, 0.030535564, -0.019881878, -0.023828244, -0.025988992, 0.0019806852, -0.02390327, 0.000994094, 0.049036965, -0.018936552, 0.01291947, -0.0006958658, 0.016355658, 0.023047974, 0.045195635, -0.005630698, -0.016310643, 0.0014029854, 0.04927705, -0.014922663, -0.025673883, 0.0022564058, 0.0034118055, -0.029110072, 0.01291947, -0.016355658, -0.023768224, 0.012844444, 0.005049247, 0.009318224, 0.029215109, 0.01728598, -0.038203217, -0.00014383883, 0.011163862, -0.0009650214, -0.011171365, -0.025448805, 0.041984525, -0.006804854, 0.0069361497, 0.003361163, -0.015147741, 0.0025396287, 0.0118090855, -0.010526142, -0.03859335, -0.004456542, -0.0032786343, 0.03997383, -0.015425337, 0.007026181, 0.008830555, -0.010346079, 0.02633411, 0.009858411, 0.008462928, -0.020542108, -0.017556073, -0.0015830477, -0.017556073, 0.0069323983, -0.029140081, -0.027189407, -0.022492781, 0.018021235, -0.03292139, 0.014209916, 0.013489667, 0.018516406, 0.022537798, 0.00091484777, 0.006125869, -0.014997689, -0.03229117, -0.007300026, -0.020602128, -0.0076976633, 0.022582812, 0.00956581, -0.0035487278, 0.009108151, 0.0017443536, -0.0016862084, 0.016625753, 0.0110738315, -0.004531568, 0.023123, -0.007517601, -0.023288056, 0.037182864, 0.04879688, -0.005210553, -0.0023689447, -0.027999688, 0.031030735, -0.019701816, -0.014074869, -0.02777461, -0.0018887785, -0.006804854, -0.00687988, 0.018081255, -0.013624714, 0.009505789, 0.00010773259, -0.0034586967, 0.014697585, 0.03292139, -0.0297703, 0.02265784, 0.02583894, -0.0065422636, 0.026439147, -0.044565417, -0.027144391, -0.0073600463, 0.00531934, -0.018186292, 0.037963133, -0.0065310095, -0.0034980853, -0.052428138, -0.029650258, 0.005972066, -0.0052480656, -0.013924818, -0.011726557, 0.017796157, 0.035952438, 0.0017077783, -0.0061896415, -0.0071537253, -0.024443457, 0.025823934, 0.018561421, -0.022447767, 0.04144434, 0.028449843, 0.017466042, -0.011666536, 0.0077651865, 0.033191483, 0.021292366, -0.0065160044, 0.049126998, -0.00066116627, 0.015920509, 0.006853621, -0.00073853676, -0.020527102, -0.014149896, -0.01020353, 0.0017837421, 0.0034643235, 0.014922663, 0.021862565, 0.009235695, 0.011253893, -0.0056081903, -0.00028720874, -0.019791847, 0.036912773, 0.0010456743, -0.006437227, 0.005893289, -0.0031454633, 0.01641568, 0.03838328, -0.05395867, 0.020392055, -0.0014845761, -0.0110138105, 0.030910695, -0.01511773, -0.02424839, 0.010698701, 0.0048016612, 0.021802543, 0.011276402, -0.0047528944, 0.016970871, 0.0036125, -0.0035562303, -0.009385747, -0.031000726, -0.00027478256, 0.011921625, 0.016115576, 0.00062083977, -0.004722884, 0.005739486, 0.0073600463, 0.017421028, 0.020302024, -0.021892574, -0.037182864, -0.023092989, 0.018501401, -0.015785461, -0.007877725, 0.0129569825, -0.0110738315, -0.017886188, -0.016445689, -0.036612667, -0.023723207, -0.019296676, -0.010998805, -0.016715784, -0.0023689447, -0.013714745, -0.0081028035, -0.013009501, -0.03427186, 0.0042652255, -0.009348234, -0.01803624, -0.02190758, -0.0006546015, -0.0051055164, -0.0064072167, -0.018606437, -0.021337382, 0.025973987, 0.017436033, 0.0055069053, -0.036882762, 0.009783384, -0.012416796, -0.026003996, -0.0199419, 0.011906619, 0.010368587, -0.00087123894, 0.006598533, -0.013827284, -0.0329514, -0.01196664, 0.02505867, -0.019701816, 0.01913162, 0.03211111, 0.0024552245, -0.027249428, 0.0049554645, 0.01288946, 0.010571158, 0.0037813082, 0.009093146, -0.013399636, -0.012994496, 0.004332749, -0.008883073, 0.047926582, 0.014322455, 0.009618328, 0.0072737667, -0.025238732, -0.010143509, -0.0014067367, 0.02078219, 0.015800467, 0.0017040271, 0.02633411, -0.020437071, -0.014082372, -0.003104199, 0.014930165, -0.032441225, 0.0016730789, 0.030850673, -0.015875492, -0.0011591511, -0.011058826, -0.005420625, 0.0056269467, 0.027549531, 0.024788577, -0.012251738, -0.013362123, 0.009940939, 0.009453271, 0.018711474, -0.0012041666, -0.023002958, 0.001533343, -0.015305296, -0.009400752, 0.02031703, -0.014142393, 0.013669729, 0.030850673, -0.023017963, -0.021142315, -0.013054516, 0.01057866, 0.0006269357, -0.026829282, 0.030880684, 0.014322455, 0.015282787, -0.0047378894, 0.0027046858, 0.0002532126, 0.020226998, -0.0110438205, 0.0064672376, -0.00046609875, -0.009385747, -0.021142315, -0.0132795945, -0.015605399, 0.003537474, -0.041414328, 0.022102647, 0.006058346, -0.007303777, 0.02624408, 0.020617133, 0.035622325, 0.03907352, 0.0129269725, 0.008177829, -0.025298752, 0.014427491, 0.023198025, -0.01092378, 0.0352622, 0.013819781, 0.019806853, 0.04483551, 0.04066407, 0.016190602, 0.013872299, -0.035622325, -0.021967601, 0.021862565, -0.011899116, 0.0052705733, 0.011553997, 0.019956905, 0.008763032, 0.008125311, -0.015177751, -0.037963133, 0.008177829, 0.020166976, 0.017075907, -0.025298752, 0.03301142, -0.00059270504, -0.011674039, -0.010128505, 0.01112635, 0.017060902, 0.01375976, 0.041894495, 0.01566542, 0.010788732, 0.0111038415, -0.003301142, -0.02777461, -0.011599013, 0.010886267, -0.007123715, 0.035652336, 0.0051392782, -0.0075663677, -0.039553683, -0.008537954, -0.000223085, -0.016295638, 0.00332365, -0.020151973, -0.012724402, 0.020512097, -0.014540031, -0.016385669, 0.011756567, 0.011441458, 0.020512097, -0.038773414, -0.018306334, 0.006219652, 0.0051805424, -0.025163706, -0.0007483839, 0.021952596, -0.035472274, -0.018336345, -0.038623363, -0.0018456385, 0.019146625, -0.008695508, -0.0117790755, -0.024968639, 0.0040589045, 0.0007474461, -0.0034661992, -0.02696433, 0.01309203, -0.00352622, 0.0019159754, 0.022207683, 0.022477778, -0.0110138105, -0.003456821, -0.0153203, 0.008447923, 0.004674117, -0.011163862, -0.008027777, -0.04156438, -0.008027777, 0.031150777, -0.0132495845, -0.055219106, 0.014577543, -0.007990264, -0.0017218457, -0.015800467, 0.0222527, 0.0032767586, -0.008297871, -0.015350311, -0.049066976, -0.002190758, -0.01309203, -0.0315109, -0.047116302, 0.006613538, -0.013032009, 0.006133372, 0.0051805424, 0.030355502, 0.041144233, 0.012176713, -0.017481048, -0.017766146, 0.0010906898, 0.02980031, 0.015575388, -0.00907814, -0.029740289, -0.0057357345, -0.008785539, -0.017075907, -0.054408826, -0.03667269, 0.011133852, -0.0074875904, 0.001239804, 0.013399636, -0.021727517, -0.0023689447, 0.011569003, -0.004910449, -7.004377e-05, -0.016745795, 0.011614018, -0.0037625518, 0.022762876, 0.0066247922, 0.018321339, -0.022357736, 0.0052555683, -0.0049404595, -0.0026784267, -0.0022357735, 0.029995378, -0.00234081, -0.0053831125, -0.001960053, -0.045165624, 0.003601246, 0.006058346, -0.0050942623, -0.02899003, 0.0040138885, -0.029320143, -0.018051246, 0.016925856, 0.042704776, -0.03367165, 0.005176791, 0.011659034, 0.012581853, 0.023573156, -0.013812278, -0.014127388, 0.0024214627, -0.031300828, -0.019866873, 0.0022901674, 0.017436033, -0.005101765, -0.018051246, -0.028629905, 0.0010241043, 0.025223726, -0.01569543, -0.0064822426, 0.022132657, -0.026574194, 0.0011441458, -0.009843405, 0.001212607, 0.046486083, -0.025208721, -0.025043665, -0.035472274, 0.006234657, 0.0110138105, -0.016205607, -0.0151627455, 0.0016702653, 0.01352718, 0.023543146, -0.010443613, -0.0052480656, -0.01800623, 0.011051323, 0.03826324, 0.0049929773, 0.037122842, 0.015980529, -0.0036256295, -0.045675803, -0.03373167, -0.033281516, 0.029350154, -0.013542186, -0.017315991, -0.015050207, -0.020136967, -0.010863759, -0.009558307, -0.0006738269, 0.0041901995, -0.024488473, -0.012649376, -0.03427186, 0.008162824, 0.016235618, 0.0046628634, -0.0062384084, 0.07592627, -0.016640758, -0.019641796, 0.0021344884, -0.00037090958, 0.009843405, 0.01448001, -0.0091606695, 0.017751142, 0.007528855, -0.016370663, -0.0012585605, 0.010496131, 0.016835826, 0.011238889, -0.023183022, -0.010196027, 0.018501401, -0.023978297, -0.004178946, 0.005251817, -0.007945249, 0.0045878375, -0.01841137, 0.06674309, -0.008372897, -0.021922585, 0.016625753, -0.018306334, 0.019311681, 0.0013907937, 0.035742365, -0.025418794, 0.020046936, -0.01575545, 0.009475779, 0.008537954, -0.0070862016, -0.02003193, 0.034872066, -0.0057619936, 0.0049217027, -0.0052330606, 0.016745795, 0.017165938, 0.009213188, 0.0045690807, -0.0448055, -0.016025545, -0.013032009, -0.00221139, -0.021382397, 0.022357736, 0.00841041, 0.0004316337, 0.013414641, 0.027249428, -0.012881957, 0.01312204, 0.0070449375, 0.02855488, -0.039553683, -0.011644028, -0.023243042, -0.02667923, -0.005338097, -0.010451116, 0.0025358773, -0.002323929, 0.01803624, 0.037002802, 0.0005064252, 0.016925856, 0.01000096, -0.006024584, -0.034902073, -0.028119728, -0.002933515, -0.011906619, 0.010218536, -0.027264433, -0.006234657, -0.011546494, -0.011298909, -0.0013054516, -0.0018662707, 0.002537753, -0.0110138105, 0.0069961706, -0.016580736, 0.020827206, 0.012844444, -0.015890498, 0.005919548, 0.011276402, 0.0075251036, -0.0049442104, -0.021112304, -0.00783271, 0.0040851636, 0.0071087093, 0.0114564635, 0.0052555683, 0.00010503634, -0.021412408, -0.015860487, -0.0037269145, 0.021877568, -0.0036556397, -0.010383593, 0.0047941585, -0.0043177437, -0.017015887, 0.009258203, -0.0070336834, 0.021502439, 0.0040138885, -0.028404828, 0.01610057, 0.0055744285, 0.028164744, 0.012079179, 0.012521832, -0.030820664, 0.009070639, 0.007705166, -0.008020275, -0.014284942, 0.0062909266, -0.027009344, -0.017451037, -0.009400752, 0.0027234422, 0.006294678, -0.02823977, -0.00901812, -0.003066686, 0.002387701, -0.0091606695, -0.004546573, 0.014997689, 0.0024008306, 0.011651531, 0.015140238, 0.0073900567, -0.016445689, 0.008245353, -0.030790653, -0.03268131, 0.0147501035, 0.0031660954, 0.012101687, 0.013429646, -0.00073150307, -0.013849792, -0.02009195, 0.015305296, -0.011621521, 0.005480646, -0.039553683, 0.013542186, 0.012641874, -0.009093146, -0.0022301467, -0.006005828, -0.00904813, -0.0035862408, 0.03136085, -0.016235618, 0.009408255, 0.0026334112, -0.02352814, -0.011238889, -0.00656102, 0.0026277842, -0.016985876, 0.009655841, -0.014532528, 0.017376011, 0.000117052216, -0.03346158, 0.013069522, 0.031570923, 0.0028003438, -0.046726167, 0.0076901605, -0.0143074505, 0.009483281, -0.028659916, 0.00520305, 0.0004738358, 0.021337382, 0.012461811, -0.016640758, 0.020797195, 0.0216825, 0.0009734618, -0.008552959, -0.009325727, 0.003083567, -0.0005833268, -0.034301866, -0.045255657, 0.008860566, 0.0068573724, 0.0028040952, 0.023858255, -0.02577892, -0.03772305, 0.0011872858, -0.033371545, 0.00021077605, -0.012356775, -0.005848273, 0.009708359, -0.015027699, 0.020992262, -0.033371545, -0.0066172895, 0.008065291, -0.011261396, -0.029665263, 0.017916199, -0.015140238, 0.017871182, 0.021577464, -0.004370262, -0.022522792, -0.0009969074, -0.031901035, -0.002445846, 0.017706126, -0.032351192, -0.036492627, 0.006193393, 0.017871182, -0.007326285, -0.024488473, -0.007378803, -0.023648182, -0.007142471, -0.041804463, 0.008350389, -0.016685773, 0.038173206, 0.005285579, 0.0077426787, 0.010916277, -0.005135527, -0.023948286, 0.008312876, 0.020647144, -0.023107994, -0.007318782, 0.010323572, 0.030910695, 0.023228036, 0.0062646675, 0.019086603, -0.022537798, -0.023303062, -0.011201375, -0.016250622, 0.0150427045, -0.04867684, -0.009505789, -0.006812357, -0.0034905826, 0.017406022, 0.012056671, 0.0010090991, 0.023513135, -0.028930008, 0.02792466, 0.02078219, -0.02864491, 0.014119885, -0.022852907, -0.009520794, 0.018441381, 0.011899116, 0.015200259, 0.005773247, 0.00046609875, 0.030565575, 0.017856177, 0.017015887, 0.0060883565, 0.025013654, -0.004497806, 0.022867912, 0.021022273, -0.011576505, -0.006587279, -0.026049012, 0.033041432, -0.04390519, 0.021757528, 0.004599091, 0.010991302, 0.0040514017, -0.0060020764, -0.011659034, -0.017270975, 0.009738369, -0.01529029, -0.015207762, 0.009070639, -0.0030798155, -0.00028298853, -0.0003115922, 0.016670767, -0.006144626, -0.04471547, -0.0019009702, 0.005919548, 0.0010175395, -0.0057694963, 0.0136322165, 0.017436033, 0.03532222, 0.0103085665, -0.025958981, -0.00038497694, -0.009940939, -0.034331877, -0.013977336, 0.005949558, -0.004584086, 0.0065685227, 0.002110105, 0.0025883955, 0.006973663, -0.022267705, 0.0037606761, -0.0048016612, -0.0062909266, -0.0070711966, -0.0047378894, -0.0126043605, 0.03538224, -0.009993457, 0.0043852674, -0.0146900825, 0.004332749, -0.019176634, 0.028569885, -0.008335384, 0.0039726244, -0.0022188928, -0.028524868, -0.030340496, 0.0011094464, -0.0048954436, 0.0020969755, -0.030790653, -0.01508772, 0.0027684579, 0.020016925, 0.035112146, 0.025268743, 0.01563541, 0.010383593, -0.025883956, 0.002173877, -0.013167055, 0.02702435, 0.031690963, -0.0061146156, -0.010946287, 0.0053155893, 0.00956581, -0.009138161, -0.013099533, 0.018261317, -0.015860487, -0.0059270505, -0.003211111, 0.015275285, 0.004456542, 0.040393975, 0.0066060354, -0.01673079, -0.002473981, -0.008860566, -0.009460773, -0.018801505, -0.012176713, -0.020602128, 0.01095379, -0.011944132, 0.022792885, -0.016085565, 0.011021313, -0.007892731, 0.008575466, -0.041894495, -0.015282787, 0.020076945, 0.009055633, -0.012101687, 0.022552803, -0.024908617, 0.026889304, -0.014089875, -0.0147801135, 0.008913084, -0.0003430093, -0.02537378, 0.017315991, 0.00014231486, 0.008763032, -0.034902073, 0.006245911, 0.008267861, -0.018591432, -0.012446807, -0.019866873, -0.016145585, -0.008155322, -0.008530451, -0.008943094, 0.041264277, -0.009355737, 0.007922741, -0.026769262, 0.014322455, -0.016145585, 0.0048166662, 0.0051542833, -0.0034511941, 0.035772376, 0.007577622, 0.0254338, 0.023918275, -0.004910449, 0.005150532, -0.02736947, -0.013272092, -0.0012810682, -0.025988992, -0.008507944, 0.00299166, -0.008552959, 0.031600934, -0.047626477, 0.006159631, -0.025943976, -0.0124843195, -0.0061146156, -0.0016749545, -0.005957061, -0.0066060354, -0.015140238, -0.016640758, 0.028479854, 0.0016927732, 0.06326189, 0.010856256, 0.0114264535, 0.0043852674, -0.019011578, 0.0077426787, 0.01607056, 0.013407138, 0.021397403, -0.016310643, 0.007149974, 0.023648182, 0.007945249, -0.013489667, 0.009010618, -0.01760109, -0.007532606, -0.0019656802, -0.0352622, 0.02378323, 0.015027699, -0.0046291016, -0.026844287, -0.020587122, 0.01393232, 0.006613538, 0.004246469, 0.0320811, 0.023573156, -0.028930008, -0.0146900825, 0.01673079, 0.0430649, -0.011081334, -0.010451116, 0.0006166196, 0.0053606047, 0.027609553, 0.011036319, -0.0058895377, 0.0067673414, 0.003676272, 0.009685851, -0.0013382755, 0.008950597, -0.031630944, -0.013024506, 0.002110105, -0.028599896, 0.047296364, 0.027744599, -0.011373935, -0.014224921, -0.0092507005, 0.0071837353, -0.036402594, -0.025223726, 0.023303062, 0.004081412, -0.044295326, -0.010796235, -0.00081121817, 0.013834787, -0.0042614746, -0.0024983643, 0.004850428, -0.012056671, 0.004872936, -0.0013392133, -0.007915239, 0.019956905, -0.014292445, -0.037843093, -0.024068328, 0.01153149, -0.0007094642, -0.016760798, -0.000392714, -0.0014920788, -0.014052362, 0.01604055, -0.020647144, -0.010901271, 0.010593665, 0.002927888, 0.020602128, 0.015890498, 0.009655841, 0.0047378894, 0.017766146, 0.02902004, 0.011959137, 0.003008541, -0.029935356, -0.009415758, 0.007922741, 0.009370742, 0.01413489, 0.013129543, 0.017330997, 0.018246314, -0.015995534, -0.017346002, -0.00089187105, 0.018891536, -0.020857217, 0.008312876, 0.018921547, -0.014787616, -0.023288056, 0.026604204, -0.009258203, -0.0013213947, -0.0056869676, 0.0008304436, -0.023948286, -0.011441458, 0.012094185, 0.004985475, 0.012694392, 0.037062824, 0.014937668, -0.0011357054, 0.020737175, 0.018456386, -0.00959582, -0.013009501, -0.006771093, 0.004707879, 0.0065047503, 0.0040626554, 0.023633176, 0.022222688, -0.021667497, 0.009948442, 0.024923623, 0.0076901605, -0.004876687, -0.02627409, -0.0045915884, 0.018846521, -0.019236656, 0.01060867, 0.013512175, 0.0038750907, -0.0024889861, -0.009543302, -0.0151327355, -0.01650571, 0.024908617, 0.017841173, 0.007975259, -0.0028097222, 0.01682082, 0.009813395, 0.0043590083, -0.018531412, 0.0015492861, 0.0030573078, -0.01673079, -0.011711552, 0.010015965, -0.015845481, -0.008267861, 0.022612823, 0.019821858, -0.007104958, -0.011006308, 0.0025358773, 0.012004153, -0.03217113, 0.027384475, 0.0055181594, -0.014735098, 0.016355658, 0.024143353, 0.010533645, 0.03139086, -0.010946287, 0.010623676, 0.01962679, 0.007810202, -0.0062271543, 0.0031604685, 0.013894808, -0.012379283, 0.008395405, -0.0051655374, -0.0028472352, -0.006167134, -0.007127466, 0.019356698, 0.0058107604, 0.0020763434, -0.008177829, -0.0103085665, 0.009940939, -0.020226998, -0.0042502205, -0.01511773, 0.004606594, -0.0019844365, 0.0022939187, -0.0071612275, -0.013857294, 0.0052480656, -0.012049168, 0.02820976, -0.016115576, -0.0048804386, -0.011006308, 0.024353426, -0.00045390704, 0.013992341, -0.011291406, 0.022297714, -0.0023107994, -0.010008463, 0.0021776285, 0.0036312563, 0.022132657, 0.013054516, -0.012334268, -0.018951558, -0.011666536, 0.0030254216, 0.009820898, -0.03772305, 0.04243468, -0.0019103484, 0.006283424, 0.0096033225, 0.009820898, -0.0074463263, 0.0016393171, -0.004482801, 0.019671805, 0.012289252, 0.0017490427, -0.012709397, 0.014179906, 0.00035566994, -0.0069323983, -0.020632138, 0.015012694, -0.0036462615, 0.0019159754, 0.012004153, 0.019086603, -0.01355719, 0.02552383, 0.018291328, -0.020136967, 0.0014217419, 0.0020238252, 0.0024533488, 0.015410332, -0.017300986, 0.00035707667, 0.0074725854, -0.004696625, 0.012529335, 0.028029697, -0.014637564, 0.022492781, -0.0016430685, -0.013752258, -0.009370742, 0.009895924, -0.013999844, 0.009100649, 0.00025860508, -0.0008820239, -0.008950597, 0.0065947818, 0.024938628, 0.021082293, 0.0064672376, 0.022237694, 0.0062271543, 0.002734696, -0.012656879, -0.0057619936, 0.012214226, 0.0014948922, -0.017556073, -0.019416718, -0.008215343, -0.0016393171, 0.0054843975, -0.0041489354, -0.0016458819, -0.016055554, -0.0030910694, 0.023032969, 0.0016177472, 0.008117809, -0.010968795, -0.0081328135, 0.011854101, -0.0071837353, -0.0011563376, 0.0018296955, -0.004096417, 0.009910929, 0.0092507005, -0.0075626164, -0.01063868, -0.009873416, 0.0060283355, 0.0024345922, -0.011711552, -0.010916277, -0.018591432, 0.014997689, -0.014284942, -0.021412408, 0.0051992987, -0.016235618, -0.0005959874, 0.029275129, -0.00372879, 0.0031754735, -0.0028416081, 0.045015574, 0.024383437, -0.022792885, 0.0013270216, 0.01485514, 0.021727517, -0.027129386, 0.009040628, -0.009295716, -0.037542988, -0.0084554255, -0.014645067, -0.014397481, 0.012806931, -0.013594704, -0.02583894, 0.00343994, -0.0018803381, -0.011756567, -0.018201297, 0.021502439, 0.016325649, 0.002907256, -0.030760642, -0.006260916, -0.022087641, 0.018171286, 0.015725441, 0.00029424243, 0.00047219463, -0.03127082, -3.768882e-05, 0.0046553607, -0.00034254038, -0.0024964886, -0.016055554, -0.0081028035, 0.023318067, -0.00221139, 0.006234657, -0.0118090855, -0.005514408, 0.021967601, -0.00054487603, -0.011253893, 0.023708202, -0.00901812, 0.009873416, -0.0067073205, -0.0037531734, -0.004231464, 0.040393975, -0.022537798, 0.015845481, -0.012994496, -0.017481048, -0.016940862, 0.017916199, 0.019341692, -0.01962679, 0.027144391, -0.0037625518, -0.013414641, 0.008470431, 0.03376168, 0.001917851, 0.0019694313, -0.013227076, -0.00029400797, 0.0076901605, -0.015605399, -0.0096033225, -0.02184756, 0.0033911732, 0.033521596, 0.013422144, -0.007930243, 0.020452077, -0.029095067, -0.009108151, -0.016175596, 0.006208398, -0.020572117, 0.011553997, -0.011133852, 0.012776921, -0.011283904, 0.010413603, 0.023948286, 0.0072887717, 0.0036368833, -0.00041803526, 0.000110663284, 0.0051205214, -0.008868068, -0.0061296206, 0.0029185098, -0.0055331644, -0.018201297, -0.020887226, -0.014269937, -0.0075138495, -0.00038474248, -0.0012435552, -0.00046328528, 0.007870223, 0.001757483, -0.007277518, 0.018801505, -0.04165441, -0.020932242, 0.02153245, 0.009730867, -0.0046253502, -0.008380399, -0.009865914, -0.013707242, 0.010151012, 0.00956581, 0.0064034653, -0.006752336, -0.0077126683, 0.021397403, -0.013549688, -0.0009537675, -0.0128669515, -0.0043590083, 0.05176791, 0.009235695, 0.02240275, 0.0024721052, 0.014412486, 0.013504672, 0.00861298, 0.00094063795, 0.0065947818, 0.003852583, -0.03856334, 0.000817314, 0.007056191, 0.003659391, 0.00013176433, 0.0007324409, 0.027789615, 0.0016965244, 0.003713785, -0.025688889, -0.010833749, -0.009948442, -0.0033349039, 0.004835423, 0.0019525505, 0.002425214, 0.009460773, 0.0053230915, 0.0042239614, -0.012469314, 0.005300584, 0.041174244, 0.013212071, 0.009333229, 0.0014526901, 0.014007346, -0.006058346, -0.014945171, -0.003130458, 0.003344282, 0.009378245, -0.030295482, 0.008372897, 0.042014536, 0.01291947, 0.00094392034, 0.03133084, 0.01393232, -0.016400674, 0.009888421, -0.00745758, 0.001988188, 0.0034174323, 0.009903426, 0.016265627, 0.019641796, 0.013579698, -0.007735176, -0.0052405633, 0.0031285824, -0.013414641, 0.00054159365, -0.021442419, 0.02699434, 0.0043252464, -0.0151027255, 0.0039313603, -0.0059007914, -0.002740323, 0.0076488964, -0.008920587, 0.029560227, 0.010443613, -0.005930802, 0.0009157856, 0.0028753697, 0.020467082, 0.0031192042, 0.013114537, 0.013774766, -0.003072313, -0.001976934, -0.015350311, -0.013767263, -0.030790653, -0.012986993, -0.011163862, -0.006752336, -0.0031079503, 0.010301064, 0.02031703, 0.0022526544, 0.0013101408, -0.0069436524, -0.00044148086, -0.01719595, 0.004557827, -0.0008613918, 0.0019084727, 0.009693353, 0.013789771, -0.013992341, 0.0035093392, -0.013609708, -0.014907658, -0.017706126, 0.008200337, 0.030760642, 0.0007441637, -0.036282554, 0.009640835, -0.023258047, 0.018021235, -0.018546417, -0.0033705411, -0.019041589, 0.025823934, -0.01488515, 0.0031961058, 0.00064616103, 0.009153167, -0.028014692, -0.016970871, 0.0050980137, -0.0016927732, 0.0047453917, -0.00062271545, -0.012086682, -0.004910449, -0.008447923, 0.019266665, -0.0042914846, 0.004081412, 0.0046403552, 0.003717536, -0.035562303, 0.0066473, -0.01760109, -0.0022057632, -0.0110138105, -0.035412252, 0.0028809968, 0.017421028, -0.011711552, -0.036252543, 0.016550725, 0.014322455, 0.014975181, 0.02193759, -0.02003193, -0.023543146, 0.026259085, -0.003638759, 0.0004306959, -0.0039463653, 0.009640835, -0.010946287, -0.0017059027, 0.034331877, -0.01607056, 0.0073225335, -0.0071612275, -0.0021063536, 0.014157398, -0.0106911985, 0.020977257, -0.008245353, 0.0043027387, -0.0021982605, -0.0046928735, -0.01919164, -0.008560462, -0.021742523, 0.002815349, 0.01060867, -0.021727517, -0.001650571, -0.01607056, -0.02184756, 0.012709397, -0.017346002, 0.020857217, -0.010060981, -0.012499324, 0.0031117017, -0.036912773, -0.026364122, -0.010196027, -0.0045540757, -0.014847637, -0.00904813, 0.0017218457, -0.004707879, -0.0164757, -0.0019037836, 0.008673001, -0.025253737, 0.0032580022, -0.0011010059, -0.006200895, -0.005882035, 0.016340654, -0.00684987, -0.013977336, -0.009438265, -0.012619366, 0.007014927, 0.015725441, 0.0013017004, 0.028359812, -0.011253893, -0.0062571648, -0.0019150375, 0.0012998247, 0.007495093, 0.008095301, 0.012791926, -0.011854101, -0.023077985, 0.012499324, -0.0015642912, 0.0013982963, -0.012326765, 0.00076948496, 0.017961213, -0.005034242, -0.016265627, -0.017421028, -0.011148857, 0.0020257009, 0.0042277128, 0.01641568, 0.0022957942, 0.015267782, -0.004268977, 0.0013973585, 0.021877568, -0.007990264, -0.008245353, -0.0010531768, -0.001175094, -0.016280632, -0.009663343, -0.03187103, -0.0067260773, 0.04540571, -0.020587122, 0.0015427213, 0.010233541, 0.0042277128, -0.005882035, -0.0032786343, -0.017060902, -0.0047528944, 0.011914122, 0.0067260773, 0.011944132, -0.010721209, -0.034631982, 0.007483839, -0.010706204, -0.014540031, -0.0075513627, 0.025808929, 0.015875492, 0.007930243, -0.007633891, -0.01485514, -0.007243756, 0.0025940225, -0.005908294, 0.008905581, 0.021487433, -0.0024702298, 0.020452077, -0.019071598, -0.018486395, 0.005225558, 0.014810124, 0.012679387, -0.010526142, 0.008312876, 0.007382554, 0.017796157, 0.02072217, 0.013032009, 0.012364278, 0.014600052, -0.0059458073, -0.0049779722, 0.010991302, 0.027249428, -0.008020275, 0.010383593, -0.01754107, 0.016190602, -0.0041226763, 0.0010653686, 0.012049168, 0.0032992666, -0.002404582, 0.0013317107, 0.019881878, -0.009355737, -0.01309203, -0.018021235, 0.0050980137, -0.009888421, 0.008620483, -0.0076376423, 0.020272013, 0.026694236, 0.02031703, 0.010946287, 0.019581774, -0.017391017, 0.0009579877, -0.011261396, -0.014052362, 0.012529335, 0.0014086124, 0.0052068015, 0.0028678672, 0.0041226763, -0.016640758, 0.009685851, 0.002916634, 0.0076226373, 0.0011619645, 0.017961213, 0.0026484162, -0.011058826, -0.039943818, -0.010991302, 0.024983644, -0.034902073, -0.012206723, -0.0012088558, -0.022042627, -6.0152647e-06, 0.008305374, -0.0056607085, 0.015425337, 0.000966897, -0.012124195, -0.026199065, -0.011861604, -0.010068484, 0.01424743, 0.0067673414, -0.0046703657, -0.0042352155, 0.0049704695, -0.006309683, 0.0007980886, 0.00450906, -0.009813395, 0.00078495906, -0.0027478256, -0.015267782, -0.022237694, 0.020962253, 0.0044790497, 0.0037644275, 0.007307528, -0.017330997, 0.017676115, -0.011914122, 0.026094029, 0.008477933, -0.007063694, 0.003616251, -0.004145184, 0.023768224, 0.001870022, -0.0012444931, 0.010286058, -0.0069173933, -0.0067598387, 0.025103685, -0.0064934967, -0.0049892263, -0.0030985721, -0.025028659, -0.013887305, 0.012994496, -0.0012895087, 0.020302024, 0.0071537253, -0.003867588, 0.0208122, -0.0033949246, -0.0046628634, -0.0020069443, 0.0021401155, 0.012064174, 0.028734941, 0.0103385765, 0.0059120455, -0.0033724168, -0.0031285824, 0.0034268105, 0.0001157041, 0.009723364, -0.01234177, 0.01881651, -0.01526028, 0.020362046, -0.0028641159, 0.00531934, -0.010998805, -0.026049012, 0.026229074, -0.011981646, 0.011066329, -0.0066322945, 0.011231386, 0.0099859545, -0.02156246, -0.0063059316, 0.013399636, 0.000903125, 0.005908294, 0.004471547, -0.011839096, 0.0032880125, -0.0049817236, 0.004231464, -0.015200259, -0.0041264277, 0.012784423, -0.008522949, 0.0030047896, 0.014374973, -0.0060470924, 3.1065436e-05, 0.014397481, -0.0049629672, 0.017976219, -0.0047791535, -0.007393808, 0.032501243, 0.0018522033, 0.016055554, -0.0029766548, 0.008492938, -0.0020332034, -0.012491822, 0.008327881, -0.0045015574, 0.0064897453, -0.0038056916, -0.043605085, -0.022297714, -0.017105918, 0.023393093, -0.0056869676, -0.012784423, 0.0032898881, 0.0050717546, 0.007787694, 0.01413489, 0.0021795041, 0.021367393, -0.0065572686, -0.015710436, 0.011021313, -0.013234579, 0.012581853, 0.0045015574, -0.031000726, -0.008462928, -0.008260358, 0.008748027, 0.03229117, 0.009003115, 0.011381438, 0.00095611205, 0.011981646, 0.0025096182, -0.0067448337, 0.013347118, -0.01563541, -0.010743717, -0.00064662995, -0.012904464, -0.0045653293, 0.01369974, -0.035412252, -0.0034905826, -0.007892731, -0.0024477218, 0.017330997, -0.009978453, 0.009580814, 0.0251487, -0.01332461, 0.02306298, 0.008793042, -0.0004937646, 0.014787616, 0.015245275, 0.0032767586, 0.0048954436, 0.00656102, 0.0005279952, 0.012949481, -0.007585124, -0.014194911, 0.0021813796, -0.007795197, -0.022852907, 0.026364122, 0.01719595, 0.007682658, 0.009303219, -0.009730867, -0.028809968, -0.028149739, 0.008477933, -0.020196987, 0.035472274, -0.00081074925, 0.018261317, 0.011351427, 0.010758722, -0.0076001296, 0.004205205, -0.00881555, 0.00052377494, 0.0127169, 0.010991302, -0.012964485, -0.030160435, -0.009115654, -0.017556073, -0.020842211, 0.021742523, 0.02696433, 0.0050454955, -0.030100415, 0.003803816, 0.010901271, -0.003563733, 0.0047941585, 0.0017762395, -0.00080559123, 0.021142315, 0.011238889, 0.013992341, 0.013782268, 0.014532528, -0.019206645, -0.002078219, -0.00030948207, -0.0027722092, -0.020797195, 0.025193717, 0.027039355, -0.007656399, -0.006399714, -0.014967678, 0.011006308, 0.015800467, -0.00083794614, -0.031060746, 0.013864797, 0.000339258, 0.009610825, -0.0020482086, 0.004396521, -0.016625753, 0.005829517, 0.030340496, -0.012761915, 0.007810202, -0.011403945, 0.007127466, -0.0073750517, -0.0005176791, 0.0036631424, 0.0007357233, -0.020302024, 0.009835903, -0.008072793, 0.016700778, 0.02280789, -0.014877647, 0.005934553, 0.0118090855, -0.019251661, 0.012964485, -0.0050229877, 0.019161629, -0.0013007625, -0.0019919393, 0.0036931527, 0.001127265, -0.033971753, 0.0012557469, 0.003349909, -0.02240275, 0.016940862, -0.011621521, 0.009483281, 0.0065085017, -0.0089280885, -0.0065572686, -0.009378245, -0.0018212551, 0.00076901604, -0.0018118769, 0.006804854, 0.027549531, -0.010511137, 0.0020857216, 0.018261317, 0.03448193, 0.0060696, 0.015875492, 0.015207762, -0.010518639, -8.663154e-05, -0.0026690485, -0.010053478, 0.008560462, -0.009745872, 0.007142471, 0.0043890183, 0.012431801, 0.011148857, -0.022327725, -0.005581931, -0.0075813727, -0.019101609, 0.0065797763, 0.0017462291, 0.03202108, -0.0016383793, 0.018546417, -0.0038863446, 0.00356936, -1.8316885e-05, 0.001875649, 0.01679081, 0.01815628, -0.0030385512, -0.025538836, 0.00841041, 0.01312204, 0.016340654, 0.006287175, -0.004445288, -0.006268419, -0.00064616103, 0.00066585536, -0.0027290692, 0.016520716, -0.0061971443, 0.018501401, -0.00010995992, -0.018276323, 0.014292445, -0.012229231, 0.007787694, -0.018276323, 0.029995378, -0.00077604974, 0.0057132267, 3.1094743e-05, -0.008943094, 0.008582969, 0.00055847445, -0.022327725, -0.0040626554, -0.011463966, 0.03508214, 0.0151327355, -0.004482801, -0.014142393, 0.0047866562, 0.016400674, -0.0049179513, 0.022972949, -0.013001998, -0.023813238, 0.0068948856, 0.0005040807, -0.041294288, -0.015027699, -0.018921547, 0.020557113, -0.005075506, -0.009618328, 0.0047303867, 0.006774844, 0.0015886746, -0.012116692, 0.0029203855, 0.0025771416, -0.010331075, 0.023678193, 0.0032073597, -0.006823611, -0.013272092, -0.02936516, -0.006534761, 0.027849635, 0.0015211513, -0.00696616, 0.008695508, -0.0009270395, -0.016325649, -0.034692004, 0.007202492, 0.008733021, -0.0239933, 0.008627985, 0.0049442104, 0.022672845, 0.031780995, 0.0005988009, -0.013212071, -0.016175596, -0.0023933281, -0.013339615, 0.0021757528, -0.015980529, -0.0035280955, 0.027879646, 0.0052480656, -0.021172326, 0.00299166, -0.0071462225, 0.0072625126, 0.016640758, -0.0010756847, -0.0031192042, 0.0010316069, 0.004749143, -0.028059708, 0.013849792, -0.0057957554, -0.007014927, 0.0009875292, -0.009325727, -0.016340654, -0.013542186, -0.004771651, 0.01176407, 0.02471355, 0.012634371, 0.041714434, 0.0037269145, -0.030460538, -0.016580736, 0.014540031, -0.0018503277, 0.01962679, 0.008635487, -0.01959678, 0.005176791, -0.00039083834, 0.021097299, -0.004606594, 0.0031323337, 0.013782268, -0.0058032577, -0.0018897163, 0.026979335, -0.05011734, 0.017421028, -0.0071124607, -0.0029522714, 0.006872378, -0.0004492179, 0.015905503, 0.008162824, 0.016055554, -0.005480646, 0.019026583, 0.0033349039, 0.008763032, 0.005814512, 0.015125233, 0.010136006, -0.0013420269, 0.010586163, 0.0060808538, -0.0012201096, -0.006107113, -0.0106911985, -0.006294678, -0.005300584, 0.013407138, 0.0176311, -0.00016634661, 0.01563541, 0.0066848127, -0.01607056, 0.00051721017, -0.00907814, 0.00644473, -0.0036256295, 0.0147801135, 0.0015174, 0.0074463263, 0.04228463, 0.010158515, 0.012701894, -0.004857931, 0.0029503957, 0.01060867, 0.005514408, 0.009805893, 0.0013185812, -0.029605243, 0.010121002, -0.0006475678, -0.010766225, 0.0025189966, 0.007176233, -3.9740313e-05, -0.007356295, -0.0016843327, 0.015147741, -0.0041751945, 0.007900233, 0.0032673804, -0.012214226, 0.017436033, -0.0063321907, -0.02153245, -0.001757483, -0.024383437, 0.008740524, -0.0036818988, -0.004111422, -0.0042239614, 0.016760798, -0.008868068, 0.020016925, -0.00823785, 0.0016543224, -0.0043402514, 0.01219922, -0.011719055, -0.007570119, -0.0034605723, -0.0011188246, -0.0049929773, -0.0151627455, -0.0095132915, -0.0047266353, 0.016610747, 0.04396521, -0.019341692, 0.009288213, 0.019506749, -0.002350188, -0.00044570107, -0.013272092, -0.010075986, -0.020121962, -0.0111038415, -0.0043665105, 0.016445689, -7.455704e-05, -0.029740289, 0.000619902, 0.01369974, 0.030340496, 0.026424142, -0.01153149, 0.018486395, 0.00066773104, -0.03136085, -0.0061408747, 0.0046441066, -0.0199419, 0.01448001, 0.010916277, -0.0013101408, 0.0022076387, 0.0024083331, 0.0029447689, 0.011629024, 9.2317096e-05, -0.016835826, -0.026199065, -0.014945171, 0.0034718262, -0.0005336221, 0.014037357, 0.0009467338, -0.013399636, -0.0021382398, -0.010788732, 0.019011578, 0.011846598, -0.0050454955, 0.008327881, 0.0017584208, -0.004328998, 0.013414641, 0.02633411, 0.0075663677, -0.004257723, -0.007967757, -0.0030648103, 0.0033724168, -0.018621443, 0.010211033, 0.0019206645, 0.0057957554, -0.0013185812, 0.0021757528, -0.00034840178, -0.014667574, -0.012664381, 0.005765745, 0.014810124, -0.008665498, -0.0011450837, -0.013032009, -0.007603881, 0.0020369547, 0.011861604, -0.004790407, -0.008830555, 0.006576025, -0.016700778, -0.01728598, 0.0015258404, -0.0022001362, 0.013939823, 0.008830555, -0.00019436413, -0.029140081, 0.012311759, 0.009400752, 0.030055398, 0.0151027255, -0.0007966819, -0.023002958, 0.0016093068, -0.005041744, -0.016940862, -0.003184852, -0.0020744677, -0.007885228, -0.014765108, 0.010226038, -0.0049442104, 0.016325649, -0.012679387, 0.003916355, 0.010773728, 0.013692237, 0.0064297244, -0.015830478, 0.030610591, -0.004824169, 0.008950597, -0.0030573078, -0.020737175, 0.0051805424, -0.022642834, 0.003803816, 0.0037681786, -0.018921547, -0.0006217776, 0.0012585605, 0.006009579, 0.01806625, 0.020482086, 0.018306334, -0.019371701, 0.009025623, 0.010938784, 0.023603166, 0.0022751621, 0.007555114, 0.0056494544, 0.0154853575, -0.008545456, -0.016625753, -0.013624714, -0.014727595, 0.014862642, -0.013264589, 0.0022076387, -0.002933515, 0.011298909, 0.011231386, -0.0069211447, -0.016205607, 0.009873416, -0.014472507, 0.010616173, 0.011478972, -0.016925856, 0.023708202, 0.0011225758, 0.008763032, -0.0187865, 0.019926894, 0.019656802, 0.0025790173, -0.031961057, 0.008087798, 0.013084527, 0.00043772956, -0.020992262, 0.013137045, 0.0033592873, 0.0050642523, -0.04240467, -0.0061971443, 0.0007080575, -0.012146702, 0.008245353, 0.02066215, 0.006182139, 0.0065047503, -0.024038317, -0.0006316248, 0.001613058, 0.014067367, -0.010301064, -0.013437149, 0.025583852, 0.0018024986, 0.014389979, 0.0274595, -0.00065882166, 0.021007268, -0.008297871, -0.0059458073, -0.0011169489, -0.012709397, 0.000432806, -0.0027872142, -0.006324688, 0.013024506, 0.0115615, -0.0111038415, -0.005068003, -0.012011656, -0.0071537253, 0.004891692, -0.009295716, 0.007603881, -0.014194911, -0.008530451, -0.022942938, 0.010616173, 0.043004878, -0.007787694, 0.0038113187, 0.0023220533, 0.001901908, 0.0096033225, -0.0054581384, -0.0040401476, -0.010121002, -0.008703011, -0.001640255, 0.0065947818, 0.013872299, -0.0034099298, -0.007179984, -0.0023014212, 0.009490783, 0.011824091, -0.0023370585, -0.011373935, 0.0039988835, -0.009468276, -0.0051955474, -0.00040303008, 0.011831594, -0.06506251, -0.0064334758, 0.006981165, 0.00708245, 0.010961292, 0.015380321, -0.008657996, -0.00528933, 0.018486395, -0.004872936, -0.01769112, 0.030940704, 0.0025283748, -0.005394366, 0.031660955, -0.007678907, -0.010706204, 0.0010306691, 0.009003115, 0.0018915919, -0.013114537, 0.013459656, -0.016280632, -0.008755529, 0.016355658, 0.007266264, -0.0021607475, 0.043665107, -0.0068573724, 0.0017462291, 0.009693353, 0.009978453, -0.016085565, 0.0033517845, -0.021292366, -0.001832509, 0.0053230915, 0.009873416, -0.008620483, 0.0030591835, 0.0037325413, 0.01803624, -0.0003141712, 0.009093146, -0.00024969576, -0.0061146156, -0.004546573, -0.015650414, -0.0034643235, -0.022222688, -0.0061971443, -0.026559189, 0.0062571648, 0.014502518, 0.010796235, -0.018186292, 0.020977257, 0.007892731, 0.01092378, 0.015327803, -0.011989148, 0.009888421, 0.013722247]"
FUJIYAMA,fromCluster,0.6385,26.0,1.2352,"[0.0114304535, 0.04757401, -0.0004997608, -0.023289656, 0.012347977, -0.0014159442, -0.015212021, 0.034865882, -0.04740251, 0.0086650215, -0.019808212, 0.029069195, 0.022466457, 0.0061997133, -0.009835507, 0.04729961, -0.044109717, -0.012639526, -0.023186756, -0.008570696, -0.016721219, -0.019568114, 0.03284219, 0.00806906, 0.006508413, 0.02030556, -0.028160246, 0.0263938, -0.029360745, 0.00528219, -0.0022123458, 0.009278133, 0.022963807, 0.059716187, -0.013557049, 0.051072605, 0.03700963, 0.013634224, 0.028743345, 0.008557834, -0.02193481, -0.0026046513, 0.03642653, 0.026651049, -0.02035701, -0.023564056, 0.011516203, 0.0025317639, -0.014603198, 0.033133738, 0.019808212, 0.04777981, 0.0041224235, -0.004707666, 0.009655432, 0.015743671, 0.020751461, 0.03556903, 0.0068128244, 0.008755058, -0.008857958, -0.041605823, 0.033133738, 0.024335803, 0.027354198, -0.000928242, 0.045721814, 0.0053336397, -0.0064483876, 0.0030526943, -0.012039277, -0.025330503, -0.0030677004, 0.025810702, 0.012262227, -0.020442761, 0.026702499, 0.004471854, -0.016918443, -0.014294498, 0.034608636, -0.01061583, 0.003848024, -0.008600709, -0.02035701, 0.0034235623, -0.03663233, -0.09453062, -0.017467242, -0.009964131, 0.002673251, 0.013900049, -0.0053893775, 0.0044504167, 0.04750541, 0.009192383, 0.0069200117, 0.0044932915, -0.01058153, 0.038930427, 0.040439624, -0.02068286, 0.011970677, 0.0076403106, -0.0057924017, 0.03745553, -0.03646083, 0.011653403, -0.013694249, 0.013462724, 0.002116949, 0.046167713, 0.00029905257, 0.02111161, -0.0033228062, 0.05169, -0.013085425, -0.007867548, 0.032602087, -0.056560595, 0.0056594894, -0.015220596, -0.005175003, -0.020271262, 0.0058352766, -0.0059853387, 0.010761605, 0.013436999, 0.0521359, -0.018916415, -0.071275264, 0.007768935, 0.04236042, -0.0007771079, -0.002033343, -0.011421878, 0.014748972, 0.04061112, -0.01582942, 0.03207044, -0.037901428, -0.050318006, -0.007275874, 0.0025446264, 0.00035237824, -0.016832693, 0.016652618, 0.020545661, -0.008917983, -0.016198143, -0.028794795, -0.055188596, -0.0014438129, 0.0005557661, -0.018744914, 0.0073659113, -0.049734905, 0.0049177534, 0.0011887071, -0.014388823, -0.018299015, 0.019328013, 0.027937297, 0.014851872, -0.028606147, -0.022294957, 0.006041076, -0.0261194, 0.014483147, 0.048808806, 0.041297123, 0.0009389607, -0.004960628, 0.011413303, 0.006345488, 0.041194223, 0.04208602, 0.038244426, 0.0057538142, -0.008111934, 0.041708723, 0.013882899, 0.011164629, -0.01550357, -0.016052369, -0.010761605, 0.022483608, 0.004236042, 4.8736725e-05, -0.039719325, -0.03663233, -0.00547084, 0.030664142, 0.027302748, 0.024524454, 0.013942923, 0.046236314, -0.023701254, -0.015735095, 0.0098440815, -0.0013216194, 0.0006993971, 0.030629842, -0.013136875, -0.029223545, -0.008364896, -0.030681292, -0.00048475456, 0.00803476, 0.037901428, -0.005921026, 0.01025568, -0.014371673, 0.005020653, 0.009381033, 0.017295742, 0.016704068, -0.028709045, -0.008892258, 0.0016539, -0.013805724, -0.024867453, 0.015340646, 0.0094324825, -0.019911112, 0.019550962, -0.034968782, 0.012056427, -0.030372592, 0.04181162, 0.0013709256, -0.011439028, -0.037592728, -0.012459451, -0.010161356, 0.0076831854, -0.034814432, -0.027182698, -0.0115076285, 0.027868697, 0.027337048, 0.0064741126, -0.03598063, 0.008630721, 0.024078554, 0.021763308, -0.031195791, -0.00046278114, 0.00021249881, -0.017372917, 0.006731362, -0.0037687053, 0.04767691, 0.016901294, 0.010572955, 0.046167713, -0.0074859606, 0.04133142, -0.024661653, 0.009312432, -0.031950388, 0.039376326, -0.010873079, 0.0019465213, -0.012416576, -0.022569356, 0.0008049766, 0.026771098, 0.013488449, -0.027611447, -0.018196115, 0.013737124, 0.029240694, 0.010212806, -0.003678668, 0.0100756055, 0.0026775387, 0.032670688, 0.03827873, -0.052170202, 0.050901104, 0.022294957, 0.039444923, -0.025536302, 0.0014695378, -0.028468946, 0.026771098, -0.00535079, 0.008334884, -0.034865882, -0.022826606, 0.0010509714, 0.0020451336, -0.07347046, 0.00072458613, 0.03116149, 0.019207964, 0.014646072, -0.019653862, -0.004514729, 0.0131626, -0.006139688, -0.02100871, -0.025982201, 0.023118157, 0.00386303, -0.02090581, 0.018281866, 0.0057924017, -0.019310864, 0.034848735, -0.04050822, -0.022020558, -0.018178966, -0.018762065, -0.00060721603, -0.03827873, 0.007751785, 0.0049349032, 0.030715592, -0.029377894, -0.02637665, -0.023461156, 0.0066456124, 0.03670093, 0.023718406, -0.016652618, -0.0260165, 0.0065684374, 0.0035586182, -0.022998106, -0.039890826, 0.0029819505, -0.022672256, 0.042977817, 0.010109906, 0.027337048, 0.014834722, -0.023203906, 0.014225898, 0.01300825, 0.029206395, -0.01311115, 0.022946656, -0.0025360514, -0.013016826, 0.05861859, -0.0019165089, 0.024678804, 0.0032349126, 0.0005493349, -0.040062323, -0.0038437364, -0.03618643, 0.017390067, -0.033699688, 0.0034557185, 0.02610225, 0.0024481579, 0.008073348, -0.03136729, 0.029738044, 0.035260335, 0.0071258117, 0.05844709, 0.050969705, 0.023169607, -0.020271262, 0.0048620156, 0.02112876, -0.009852656, 0.0007658532, -0.04122852, 0.04205172, 0.020854361, -0.010830205, -0.030646991, -0.0097411815, -0.000120451725, 0.0061311135, 0.016438244, -0.0012294383, 0.00076049386, -0.006834262, -0.025502002, 0.0015713657, -0.01058153, 0.005595177, 0.039067626, 0.03263639, -0.015434971, -0.024593053, 0.0063412003, 0.02123166, 0.014200173, -0.046682213, 0.042772017, 0.029532244, 0.030646991, -0.024507303, -0.016644044, 0.02052851, 0.019482363, 0.006877137, 0.009586832, 0.022054859, -0.0035328933, 0.02147176, -0.012493751, 0.008823658, -0.006118251, -0.025073253, 0.028846245, -0.012408001, 0.010272831, -0.030046742, 0.008043335, -0.014774697, 0.023924205, 0.0061311135, 0.009269558, 0.017973166, -0.014157298, -0.003569337, -0.06372928, 0.016781243, 0.037181128, 0.0070186243, -0.013942923, -0.016155269, -0.0062554507, -0.026599599, 0.029909544, 0.034917332, -0.02569065, -0.03700963, 0.04122852, 0.008635009, 0.014586047, 0.017089942, -0.04301212, -0.028709045, 0.019036464, 0.022003409, 0.0007910422, -0.002302383, 0.001020959, -0.033956934, -0.028846245, 0.049357608, 0.0051921527, 0.0063583506, -0.00045795774, -0.029292144, -0.015803695, 0.013728549, -0.03742123, 0.06925157, -0.017029917, 0.018813515, 0.032104738, 0.052581802, 0.017681617, -0.027491398, 0.0017557279, 0.009441057, -0.033305235, -9.385587e-05, 0.0032670689, 0.0086135715, -0.0041995985, 0.004100986, 0.017990315, 0.012485176, -0.008094785, 0.0070143365, -0.02589645, -0.04091982, 0.0020547805, -0.034883033, 0.023958504, 0.006032501, -0.013711399, -0.04201742, 0.018299015, 0.014731823, 0.011473328, -0.011833478, -0.025004653, 0.035946332, 0.029549394, -0.019911112, -0.017853117, -0.032670688, -0.016009495, -0.0036186432, -0.016781243, -0.009003733, -0.02068286, -0.005693789, 0.03121294, 0.024507303, 0.053816598, -0.014388823, -0.0012712413, 0.012553777, 0.039342027, 0.005205015, -0.04143432, -0.0021330272, 0.039616425, -0.0101013305, 0.012502327, -0.0054579773, -0.024781704, 0.0048148534, -0.009535382, 0.0005045842, -0.004428979, -0.004403254, 0.004081692, -0.0133512495, -0.0026689637, -0.006311188, -0.015752245, -0.016901294, -0.009655432, 0.0073873485, 0.013051125, -0.013188325, -0.0056251893, 0.018607715, -0.00064365973, 0.016541144, -0.015992345, -0.00788041, -0.040885523, -0.008433497, -0.0028661883, -0.015332071, -0.023529755, -0.055325795, -0.019482363, 0.00077174854, 0.0047891284, 0.011807753, 0.024009954, -0.03642653, 0.011190354, 0.034094136, 0.022860907, 0.0059853387, -0.009535382, -0.0072115613, 0.030749891, 0.0035907745, -0.018401915, -0.011061729, -0.03243059, 0.025107553, 0.011653403, 0.004489004, 0.015529295, 0.028897695, 0.02130026, -0.0043989667, -0.035706233, -0.005106403, -0.019979712, 0.0008794718, 0.012399427, -0.005642339, -0.030646991, -0.002506039, -0.0068128244, -0.0052178777, -0.0019047182, -0.027165549, -0.016129544, -0.008574984, 0.020271262, -0.020339862, 0.0003655087, 0.034660086, 0.010032731, 0.008917983, 0.038930427, -0.043595217, -0.024438703, 0.009423907, -0.018213265, 0.014834722, 0.009209532, 0.009046608, -0.022517907, -0.002083721, 0.010229955, 0.0037901427, 0.018007467, 0.00043919994, 0.012545201, -0.0010059528, -0.008622146, -0.012202201, -0.011679128, 0.024061404, 0.03639223, -0.02145461, 0.013685674, 0.0029648007, 0.07813525, -7.4562166e-05, -0.034299936, 0.0014545316, 0.017938865, 0.023152456, 0.0129225, 0.029069195, -0.010641554, -0.0113532785, 0.011670553, -0.03126439, 0.014620347, 0.004362523, 0.003477156, 0.050283704, 0.013591349, 0.010032731, -0.009638282, -0.0043646665, 0.0036850993, 0.012802451, 0.00021946599, -0.012690976, 0.02589645, -0.012468026, 0.027525697, -0.038210128, -0.0043217917, -0.02126596, 0.023787005, -0.0526504, 0.011610528, -0.102351, -0.016695494, -3.443392e-05, 0.0058309888, 0.008995158, 0.009286707, 0.024147155, -0.012167902, 0.01068443, 0.016995618, 0.027079798, 0.00024036752, 0.010350006, -0.010247106, -0.014465998, 0.008707896, -9.640158e-05, -0.00032718922, -0.0067527997, 0.012828176, 0.022998106, -0.0044589913, 0.035809133, -0.02063141, 0.0037193992, 0.007207274, -0.008978008, 0.014071548, 0.022963807, -0.023444006, 0.054776996, 0.005603752, -0.029309295, 0.032156188, -0.0007830032, -0.02599935, -0.008815084, -0.007653173, 0.0033956936, 0.013445575, -0.012262227, -0.010092756, -0.0068556997, -0.011293254, -0.015743671, 0.018350465, -0.014766122, 0.018676315, -0.018676315, -0.016918443, -0.008009035, -0.022294957, 0.021694709, -0.02136886, -0.011096029, -0.033493888, 0.008969433, 0.020048313, -0.011293254, -0.032550637, -0.021488909, 0.04356092, -0.0015081252, 0.009809782, 0.007383061, -0.01591517, -0.016626893, -0.0044761417, 0.023564056, -0.022226358, 0.021866208, 0.0024846015, 0.032670688, -0.0049477657, -0.030252542, -0.017835965, 0.008755058, -0.0074473736, 0.0064698253, -0.023392556, -0.0031020003, 0.01080448, 0.025279053, 0.015109122, -0.002304527, 0.009020883, -0.0040538236, -0.014654648, -0.024918903, -0.001771806, 0.010332855, -0.02090581, 0.037181128, 0.017072793, -0.004167442, 0.008313446, -0.015357796, -0.0009893387, -0.023564056, 0.009029458, 0.012956801, -0.033082288, -0.017681617, 0.019979712, -0.011173204, -0.018367615, 0.005376515, 0.023581205, -0.016995618, 0.015409246, -0.044761416, -0.03145304, 0.028846245, 0.02118021, 0.017681617, -0.030715592, -0.03755843, -0.007425936, 0.038415927, -0.012579502, 0.017261442, 0.0072158487, -0.0007996172, 0.0004590296, -0.013565624, 0.019773912, 0.004257479, 0.006624175, 0.017184267, -0.0066113123, -0.036049232, -0.019328013, -0.006641325, -0.009509657, 0.011979252, -0.0003145947, -0.018333316, -0.018367615, -0.021386009, -0.01034143, 0.0072930236, -0.022294957, -0.01649827, 0.0013795005, -0.0019175807, 0.024352955, 0.051347002, 0.0077089104, 0.015160571, -0.0012262227, -0.025827851, 0.044041116, -0.0062211505, 0.016369645, -0.00020392383, 0.008364896, -0.007207274, 0.0006956456, 0.006259738, 0.014465998, 0.026136551, -0.009886956, -0.008330597, 0.014646072, 0.012579502, -0.030269692, 0.025090402, 0.015246321, 0.009646857, 0.009149508, -0.019859662, 0.0263252, -0.019345162, 0.0077860854, -0.034951635, -0.04215462, 0.0026968324, -0.012879626, -0.0063755005, 0.0010054169, 0.005745239, 0.012450877, 0.004255336, -0.012459451, 0.03085279, -0.015520721, -0.04177732, 0.013840023, -0.0016935593, -0.007172974, 0.012305101, 0.002538195, -0.0021158773, 0.004900603, 0.031092891, 0.003391406, 0.039685026, 0.0032091876, -0.014303073, -0.006049651, 0.011336128, -0.0039616423, 0.009441057, -0.03615213, -0.0033206625, 0.015743671, -0.011833478, -0.014225898, 0.012545201, 0.004656216, -0.027731497, 0.013934349, -0.0060968134, 0.010855929, -0.03724973, -0.011567653, -0.019310864, 0.030012444, 0.011773453, -0.029686594, -0.024936052, 0.009921256, -0.02071716, 0.003908049, 0.0034900184, -0.017715916, -0.017904567, -0.0016153125, 0.002091224, -0.023975655, 0.004167442, -0.018419065, -0.008840809, 0.03224194, 0.0256392, -0.0064269505, -0.025193302, -0.006143976, 0.014311648, 0.0022466457, -0.004334654, 0.011276104, -0.02040846, -0.0027032637, 0.038861826, -0.01080448, -0.0134541495, -0.00079640164, 0.033888336, 0.0014373816, 0.012313677, 0.022466457, 0.024181454, -0.035363235, -0.00040623985, -0.029926693, 0.012279376, -0.012896775, -0.027165549, 0.019259414, 0.011524778, -0.015683645, -0.0036829556, 0.04812281, 0.014774697, 0.0025253326, 0.0061568385, 0.019705312, 0.014062974, -0.010067031, -0.008099072, -0.009226683, -0.04133142, -0.033476736, 0.028829096, -0.022672256, 0.018401915, -0.012382276, 0.02135171, -0.027782947, 0.0026110825, 0.015786545, -0.011499053, 0.014157298, 0.007987597, -0.0068942867, 0.043080717, 0.0020494212, 0.009466782, -0.011722003, -0.0034792996, 0.038896125, -0.0046219165, -0.025416251, 0.016249593, -0.018333316, 0.01056438, 0.004058111, -0.0034857308, 0.0062768883, -0.03227624, -0.023049556, -0.018127516, -0.01311115, 0.044555616, -0.019550962, -0.012502327, -0.026753949, 0.0006275816, -0.022020558, -0.0026646762, 0.029154945, -0.008909408, -0.02088866, 0.0054151025, -0.004707666, -0.0022209208, 0.040062323, 0.016781243, -0.03676953, 0.006980037, -0.024593053, 0.010247106, 0.017578717, -0.004647641, -0.009269558, 0.013462724, -0.024867453, 0.0131283, -0.019019313, 0.0068728495, -0.010521505, -0.014534597, 0.0048620156, 0.023666956, -0.039547823, -0.026651049, 0.0076917605, 0.028125947, -0.008643583, -0.018367615, 0.010092756, -0.03704393, -0.028468946, 0.0069500245, -0.029909544, 0.010384305, -0.013205475, -0.027457098, 0.018419065, -0.03577483, 0.02030556, 0.018384766, -0.0032220501, -0.0035093122, 0.0053379275, -0.006405513, -0.0006168629, -0.040405322, -0.02088866, -0.028691895, -0.022963807, -0.005175003, -0.028417496, -0.006109676, 0.002540339, 0.015289196, -0.012751001, 0.0134026995, 0.027251298, -0.025810702, 0.03167599, -0.016875569, 0.024936052, 0.0051578525, 0.03222479, 0.108662196, -0.022397857, -0.019448062, -0.027079798, -0.03567193, 0.01039288, 0.030801341, -0.0149890715, 0.014174448, 0.020802911, -0.023409706, 0.022826606, -0.0010064887, 0.030767042, -0.000835525, -0.028846245, 0.013385549, -0.0008810796, 0.070863664, -0.008596421, 0.0075888606, -0.00788041, -0.012519476, 0.016506843, 0.0060539385, -0.0132312, -0.0067527997, 0.011121754, 0.022517907, -0.00270112, 0.002068715, -0.0014438129, 0.004926328, 0.040405322, 0.0017910998, -0.00029342523, -0.008201972, -0.011567653, -0.007756073, 0.04229182, 0.018779214, -0.0016721218, 0.025707802, 0.02569065, -0.024610203, -0.0010724089, 0.012219352, -0.011258953, -0.004853441, 0.010058456, -0.022826606, -0.029274995, -0.008557834, -0.007730348, 0.005535152, 0.014028673, -0.00026448467, 0.008201972, 0.0054794145, -0.053953797, 0.028863395, -0.018333316, 0.0019540244, -0.0072115613, -0.0012969663, 0.0150919715, -0.018213265, 0.016378218, 0.0150147965, -0.008549259, 0.012150752, -0.020099763, -0.0057538142, 0.0017975309, 0.02162611, 0.0080004595, -0.0056594894, -0.01311115, 0.034917332, 0.010907379, -0.03248204, -0.002724701, -0.016695494, -0.00033254857, 0.0020194086, -0.0047805533, 0.022192057, -0.0023409706, 0.018384766, 0.02102586, -0.0034557185, -0.023992805, 0.0052779024, 0.00078246725, 0.006555575, 0.014603198, -0.0022166334, -0.0017514405, 0.020545661, 0.019156514, -0.024215754, -0.018916415, 0.043492317, 0.005307915, 0.0040945546, 0.015332071, -0.018161815, -0.004699091, -0.013822874, 0.01028998, 0.017990315, -0.025244752, -0.024044255, 0.029326444, -0.0010777683, 0.014405972, -0.0020451336, -0.027319899, 0.004454704, 0.01049578, -0.018676315, 0.0041245674, -0.0268397, -0.006242588, 0.0032392002, 0.026753949, 0.022792308, 0.00010303379, 0.0260508, -0.0521359, -0.0068471245, -0.019019313, 0.012236502, 0.0062211505, 0.015083397, -0.004926328, -0.015426395, 0.006954312, -0.012639526, -0.019705312, 0.02109446, -0.016661193, 0.007228711, -0.006135401, -0.019996863, -0.0009802278, -0.018213265, 0.024301505, -0.037695628, 0.011344704, -0.009946981, 0.0065470003, 0.033665385, 0.012845325, -6.786296e-05, -0.02112876, -0.011267529, -0.012065002, -0.029172095, 0.0073144613, -0.0022723707, 0.013985799, -0.018796364, -0.02106016, -0.008626434, -0.0113790035, 0.018007467, -0.00541939, -0.0039680735, 0.01601807, -0.02112876, -0.03253349, -0.027628597, -0.0028490385, 0.04843151, 0.0263938, -0.012528052, -0.0041652983, 0.021283109, -0.0033356687, -0.01039288, -0.02150606, 0.008039047, -0.0075416984, -0.0024417266, -0.00040623985, -0.0005220021, -0.005891014, -0.02668535, -0.0049220407, -0.023221057, 0.008403484, 0.005535152, -0.012107877, -0.005475127, -0.0059038764, -0.005526577, -0.022672256, -0.0008489234, 0.029978143, 0.020116912, 0.011499053, 0.019413764, 0.034094136, -0.0040623983, -0.02198626, 0.0043260795, 0.0035500433, -0.01073588, -0.024147155, 8.6017804e-05, -0.009552532, -0.033339538, -0.005445115, 0.012768151, -0.027354198, -0.013848599, 0.008339171, -0.017484391, -0.028777646, -0.017475817, -0.0117906025, 0.038415927, -0.019893963, -0.055154294, 0.021591809, 0.024318654, 0.026342351, -0.027542848, 0.017167117, -0.016592594, 0.003466437, -0.008056197, 0.034557186, 0.0019047182, -0.0027139822, -0.022878056, -0.014285923, -0.013934349, -0.0011201072, -0.0037987179, -0.026925448, 0.006881424, 0.017561566, 0.040954124, 0.00062061445, -0.0010847355, -0.015512146, -0.03129869, 0.022998106, -0.004428979, 0.008146235, 0.0035972057, 0.009775481, 0.0005094076, 0.009466782, 0.035363235, 0.0005354005, 0.021437459, -0.0023988518, -0.027457098, 0.0063154753, 0.014345948, 0.02100871, -0.005848139, -0.015417821, 0.019122213, -0.015743671, 0.008073348, -0.02647955, 0.0014030817, -0.027937297, 0.009826931, 0.03786713, 0.024918903, 0.0007101158, 0.017124243, 0.0061739883, 0.009072333, 0.0011511915, 0.02056281, 0.0051407027, -0.010718729, 0.003492162, 0.0010391808, 0.025090402, 0.0055394396, -0.023632655, 0.02073431, -0.0073401863, 0.006589875, -0.006135401, 0.032499187, -0.020168362, 0.012716701, 0.029566543, -0.02099156, 0.045859013, 0.016043795, 0.017887415, 0.029223545, -0.013411274, -0.009809782, -0.015632195, 0.0025875014, -0.032722138, -0.017450092, -0.001028998, -0.0080261845, -0.030286843, 0.0006538425, -0.013754274, 0.008746483, 0.0065255626, 0.0260508, -0.0012337258, -0.015100546, -0.004371098, 0.02111161, -0.023598356, 0.004463279, -0.010847354, -0.045138713, -0.0005163748, 0.0017375061, -0.0016003064, 0.0052436027, 0.0048920284, 0.001248732, 0.009518232, -0.029446494, 0.02107731, -0.006508413, -0.009269558, -0.024713103, 0.00398308, -0.0067399372, 0.01603522, 0.01321405, -0.03183034, 0.029995292, 0.031092891, -0.01051293, 0.0128196, -0.002480314, -0.017818816, 0.00017900279, -0.030098192, -0.03229339, -0.014706098, -0.0041031297, -0.024678804, -0.0062554507, -0.0068128244, 0.0052093025, -0.009338157, -0.019242264, 0.0041395733, -0.01300825, 0.04568751, 0.002572495, 0.016318195, -0.00044268352, 0.0002851182, 0.0019079339, -0.0041953106, 0.02030556, 0.029480794, -0.009629707, 0.012082152, -0.025364801, 0.012888201, -0.022912357, 0.00071333145, -0.018419065, -0.008467796, 0.034334235, 0.005710939, 0.019259414, 0.022277808, 0.024473004, -0.0074130734, 0.0022294957, -0.001020959, -0.0263595, 0.006345488, 0.0053893775, 0.0033742562, -0.004043105, 0.004454704, -0.01068443, 0.0035736244, 0.0078461105, 0.021488909, -0.0043646665, -0.022500757, -0.039033327, -0.026651049, 0.017055642, -0.0005091397, -0.04685371, -0.025656352, -0.010435755, 0.0261194, -0.013411274, 0.010487205, -0.010007006, -0.0025274765, 0.0039037613, 0.013985799, 0.00025349794, -0.010761605, 0.005102115, 0.012888201, -0.014637497, -0.016944168, 0.004827716, 0.0033078, -0.0046605035, -0.004278917, -0.032773588, 0.0010177434, -0.027079798, -0.009612557, -0.021900509, -0.014105848, 0.023992805, -0.030269692, -0.027800098, 0.008707896, -0.009303858, 0.028331745, 0.02124881, 0.0033849748, 0.0070443493, 0.030303992, 0.016918443, -0.02647955, -0.013291225, 0.017107092, -0.010744454, 0.009132357, -0.014354522, -0.022089157, -0.0006608097, 0.008304872, -0.0049306154, -0.019533813, 0.03229339, -0.034197036, -0.021334559, -0.033133738, 0.015434971, 0.0039016176, 0.029206395, 0.017750217, 0.0037558428, 0.03711253, 0.0072158487, 0.010067031, -0.022483608, -0.016995618, -0.0057238014, -0.0032713562, 0.0134541495, 0.003959499, -0.010058456, 0.0116877025, 0.002093368, 0.0034835872, 0.007901847, 0.0011168916, 0.031847488, -0.0035543307, -0.010375731, 0.0130940005, -0.005942464, 0.023066707, 0.0048963157, 0.0262223, -0.008755058, 0.02140316, -0.012948225, -0.009389607, 0.0023731268, 0.027508548, 0.006555575, -0.0021491053, 0.025244752, 0.0034792996, 0.000708508, -0.009501082, -0.00094699976, 0.008986583, -0.0031491627, 0.00068063935, 0.029412195, -0.016755518, 0.008917983, -0.0074473736, -0.0035757683, 0.0023238205, 0.0116619775, -0.012759576, 0.024061404, -0.0025703514, 0.012082152, 0.019756762, -0.025056103, 0.0048705908, 0.008969433, -0.00027815104, -0.0055823145, -0.007756073, 0.00095557474, -0.014937622, -0.029978143, -0.021951959, -0.0070443493, -0.013659949, -0.001534922, 0.014980497, -0.012733851, 0.004388248, 0.011447603, -0.015958045, 0.0052436027, -0.002514614, -0.016541144, 0.00026260887, -0.013900049, 0.0130940005, 0.007258724, -5.8350084e-05, -0.02076861, -0.004100986, -0.00019132932, 0.011944952, -0.01612097, 0.008124797, 0.007061499, 0.029738044, 0.014568897, -0.0029176383, -0.0039444924, -0.010898804, 0.010821629, 0.022946656, 0.017021343, 0.004010949, -0.02160896, 0.012999675, 0.0130940005, 0.002313102, 0.013848599, -0.008772208, 0.02071716, 0.0015767252, -0.006808537, 0.021711858, 0.0025253326, 0.009406758, -0.016832693, 0.08609284, 0.004428979, -0.0011972821, -0.0060625137, -0.00072940957, -0.014560322, -0.0056337644, -0.0056552016, 0.0016056657, -0.007696048, -0.0060110637, -0.0097669065, -0.004100986, -0.0037472679, -0.008969433, 0.0062297257, 0.009012308, -0.0044675665, 0.023221057, -0.003232769, -0.0037001055, 0.0037729929, 0.008369184, 0.008686459, 0.0036979618, 0.004278917, -0.016421095, -0.013908624, 0.035294633, -0.010452905, -0.011773453, -0.009012308, -0.022072008, 0.0046690786, 0.0052436027, 0.0056337644, 0.010212806, -0.007721773, 0.004969203, -0.0057023643, -0.0044847163, 0.023444006, 0.029103495, 0.0067870994, -0.0069928993, -0.016755518, -0.009878381, 0.008347747, 0.032670688, -0.0051321276, -0.009543957, -0.00039686097, 0.006135401, 0.016043795, 0.015220596, 0.024593053, -0.0012969663, 0.01047863, 0.016232444, 0.02183191, 0.0045661787, -0.005175003, 0.0040774047, 0.0068213996, -0.023649804, 0.017450092, 0.0035457558, 0.0151176965, -0.0060453634, 0.010401456, -0.0031941815, 0.022157758, -0.0130254, -0.0017074937, 0.019705312, 0.0015413533, -0.016180994, -0.009441057, -0.035809133, -0.02167756, 0.004186736, -0.0036979618, 0.011704853, -0.015254896, 0.011198929, -0.00029637286, -0.00822341, -0.025279053, 0.0022852332, 0.003787999, 0.0039359177, -0.025604902, 0.033596788, 0.00403453, 3.2943346e-05, -0.035037383, -0.02040846, 0.0048062783, -0.0040645422, 0.009526807, 0.02106016, -0.014714672, -0.015160571, 0.016686918, -0.012399427, 0.018830664, 0.0028533258, -0.007987597, -0.01629247, -0.019653862, -0.019791063, -0.023735555, -0.033322386, 0.019928262, 0.0044504167, -0.014020098, -0.012570926, -0.010332855, 0.01328265, -0.025210451, 0.0031341566, 0.004075261, 0.016223868, -0.003391406, -0.00801761, 0.0076617477, 0.0062511633, 0.003382831, 0.0022680832, -0.017552992, 0.00032129392, 0.0019122214, -0.020442761, -0.0037901427, 0.019808212, -0.025399102, -0.02651385, -0.017029917, 0.021917658, 0.016129544, 0.0150405215, -0.014294498, 0.023375405, 0.0017310749, -0.0017750217, 0.004184592, -0.001990468, 0.028091647, -0.00051744666, 0.01307685, 0.0149890715, -0.0017525123, -0.0022959518, -0.0056509143, -0.012528052, -0.004218892, 0.0072415737, 0.0069242995, 0.0066284626, 0.0058824387, 0.020648561, -0.005865289, 0.029738044, -0.010555805, 0.0059038764, 0.012442301, -0.011113179, 0.0018436215, -0.030835642, 0.008780783, 0.011799178, 0.020545661, 0.020802911, -0.005106403, 0.007953297, -0.020134062, -0.011499053, -0.0065855877, 0.008660734, -0.011018855, -0.019619564, -0.0074473736, -0.011293254, 0.01613812, -0.022740858, -0.017321467, -0.0009432482, 5.0712988e-05, 0.0072672986, -0.004281061, 0.010821629, 0.016258169, -0.0097411815, -0.00523074, 0.018624865, -0.018710615, 0.020031162, -0.016112395, 0.030081043, 0.007768935, -0.0041309986, -0.02082006, -0.009655432, 0.0080261845, 0.027182698, 0.011027429, -0.0047891284, -0.0078461105, 0.000120518715, 0.0036572306, -0.050661005, -0.00042178202, 0.002506039, -0.02107731, 0.009775481, 0.012399427, -0.022586508, -0.0023688392, 0.021746159, 0.008986583, 0.00069242995, 0.0080004595, 0.009981281, -0.030098192, 0.0021040866, 0.008682171, 0.0057023643, -0.00021879606, -0.003663662, 0.03243059, 0.0101013305, 0.025056103, -0.0055737393, 0.013617074, -0.008677884, -0.0016871281, 0.007867548, 0.0029390757, -0.025604902, -0.011001704, -0.0052693277, -0.0021373148, -0.0036143556, 0.0015220597, 0.0035843432, -0.0041995985, 0.0066842, -0.018093215, -0.021283109, -3.828596e-05, 0.0022509333, 0.004411829, -0.004827716, -0.023564056, -0.025707802, 0.016961318, -0.018007467, -0.0130682755, -0.0013259068, -0.005200728, 0.0130682755, -0.0042639105, -0.009569682, -0.0053293523, 0.017698767, 0.0010841995, 0.004853441, 0.00084999524, 0.029497944, 0.023255356, -0.0133341, 0.0028468946, -0.013016826, -0.004411829, 0.004707666, -0.0037001055, -0.014688947, 0.0034021249, 0.025724951, -0.02063141, -0.007644598, 0.022106308, 0.0012658819, -0.019482363, -0.009509657, -0.013685674, 0.013848599, -0.011241804, -0.017450092, -0.019996863, -0.02699405, -0.00065330655, 0.007147249, 0.038930427, -0.029978143, 0.010873079, 0.0003384439, 0.014002948, -0.008909408, -0.030749891, 0.0005830989, 0.0097154565, -0.03711253, 0.0059767636, -0.0016667625, 0.0020730023, 0.0086135715, -0.029377894, -0.010607255, -0.024507303, 0.008399197, 0.007678898, 0.014251623, -0.004626204, 1.3574267e-05, -0.015272046, -0.014611772, -0.022397857, -0.019310864, 0.010770179, -0.0072372863, -0.0042146044, -0.004994928, -0.01550357, 0.009080907, -0.0068128244, -0.01047863, -0.02040846, -0.0117906025, -0.0033313811, 0.01572652, 0.0132997995, 0.028228847, 0.0032027564, -0.020288412, 0.0047162413, -0.0049563404, -0.001956168, -0.033305235, -0.018590564, 0.008279147, -0.024335803, 0.001553144, -0.012416576, -0.0117648775, 0.029360745, 0.009466782, -0.004673366, -0.02083721, 0.015426395, -0.001300182, -0.0014191598, -0.012468026, 0.018401915, -0.0030591255, 0.018710615, -0.023032406, 0.01589802, -0.0267368, 0.0011361854, -0.0026775387, 0.011944952, -0.001400938, 0.007906135, -0.017055642, -0.008326309, -0.010024156, 0.0033785435, 0.003399981, -0.015357796, 0.025656352, 0.0064483876, 0.007653173, -0.006169701, 0.027388498, -0.011284678, 0.008322022, 0.02124881, -0.018967863, -0.0045404537, 0.0032735001, 0.0065512876, -0.007884698, -0.039582126, -0.01047863, 0.008875108, -0.013411274, 0.0149890715, 0.022466457, -0.012828176, -0.022020558, 0.00088536704, -0.0077174855, -0.0013237632, -0.0049906406, 0.0023581206, 0.012065002, 0.014097273, 0.009089483, 0.0009711169, -0.0004016844, -0.0132312, 0.0047205286, 0.012665251, 0.0039230553, -0.013497025, 0.0134284245, -0.001721428, 0.009046608, 0.00063669257, 0.0033635374, -0.025467701, -0.011807753, -0.0078203855, -0.009338157, 0.033133738, 0.017990315, 0.022826606, -0.020425612, -0.0012980382, -0.0057795392, 0.025827851, -0.011010279, -0.014937622, -0.0015627908, 0.003663662, 0.0035200308, -0.02061426, -0.016155269, -0.0044204043, 0.020391311, 0.008699321, -0.017938865, 0.0066370373, 0.017149968, 0.0149890715, -0.0013109007, 0.0055565895, 0.0015027659, 0.0055094273, -0.0012776726, -0.0040538236, 0.0097926315, -0.012167902, -0.017818816, -0.0040302426, -0.0005455833, 0.012425152, 0.013857174, -0.02051136, 0.0075374106, 0.0063755005, 0.012065002, 0.010427181, -0.026873998, 0.013659949, 0.015958045, -0.017750217, 0.011156054, -0.017552992, -0.017115667, -0.010924529, 0.0052093025, 0.027062649, 0.0040774047, -0.0057495264, 0.0014084411, -0.021951959, -0.019207964, 0.008926558, 0.024421554, -0.013925774, -0.00019615276, 0.011387578, 0.009492507, 0.0025274765, -0.0005557661, -0.0016431813, 0.0072415737, -0.010984554, -0.009998431, -0.013994373, 0.003991655, 0.0133255245, -0.0113532785, -0.02087151, -0.0004008805, -0.013857174, -0.008806508, -0.013582774, -0.004600479, -0.012227926, -0.0025510576, 0.0028447509, -0.0078203855, 0.0003518423, -0.011619103, 0.011318979, 0.0019679589, -0.028057346, -0.009655432, -0.008978008, 0.006658475, 0.029257845, -0.0012240789, -0.003451431, -0.022963807, -0.008780783, 0.01034143, -4.2288738e-07, 0.00261537, 0.0094324825, 0.02114591, -0.014491723, 0.0043732417, -0.019413764, 0.017287167, -0.025810702, 0.028314596, 0.0101013305, -0.011704853, 0.0006597378, -0.009501082, 0.0068471245, -0.014869022, 0.0265653, -0.0069242995, 0.007181549, -0.017081367, -0.0024245766, 0.0017246436, -0.0027225574, -0.0016324625, 0.0068899994, 0.004574754, 0.021814758, -0.0033849748, -0.013222625, -0.024198605, 0.0032199065, -0.0050335154, -0.009981281, 0.005080678, 0.009286707, -0.0037558428, 0.005938176, 0.016043795, -0.0011201072, -0.004819141, 0.009981281, -0.008729333, 0.013514174, -0.011344704, 0.010007006, -0.008167672, 0.0008478515, -0.00517929, -0.0151434215, 0.015289196, 0.011301829, 0.022020558, -0.009475357, 0.009595407, -0.013728549, -0.0063069006, 0.00646125, -0.0034578622, -0.011516203, -0.011250379, -0.039547823, 0.0133769745, -0.008656446, -2.6796824e-05, 0.0037408366, -0.006486975, 0.014354522, 0.016403943, -0.0016271032, -0.0028383196, 0.0067399372, 0.013394125, -0.0033871187, -0.0069242995, -0.017630167, 0.004784841, 0.009998431, -0.012236502, -0.0070915115, -0.023787005, 0.007876122, 0.00025872333, 0.0133341, 0.005646627, -0.017595867, -0.016112395, 8.729065e-05, 0.010332855, 0.012999675, -0.015074821, 0.019122213, -0.017818816, 0.0014105848, -0.008021898, -0.005612327, 0.013154025, -0.012896775, -0.01341985, -0.0132997995, 0.013291225, -0.008317734, 0.024627354, 0.015314921, -0.021951959, -0.007678898, -0.0077817976, -0.005054953, -0.01058153, 0.029429344, -0.0018939995, 0.01061583, 6.0962775e-05, -0.008832233, 0.0053636525, 0.0026561012, -0.0014813284, -0.010067031, 0.025570601, -0.00083820464, 0.01053008, 0.0069886115, 0.0014491723, -0.0055222893, 0.040748324, 0.011464753, 0.0150147965, 0.005256465, -0.012673826, 0.007327324, 0.02111161, -0.0054365396, -0.019550962, 0.015263471, 0.009252408, 0.0257421, 0.0007856829, 0.005475127, -0.00526504, -0.02114591, 0.013668524, -0.015237746, -0.017081367, 0.021694709, 0.014208748, 0.008969433, 0.0034492873, -8.548187e-05, -0.0117391525, -0.008364896, -0.024507303, -0.0046690786, 0.009981281, 0.0043496606, 0.0024245766, 0.0130940005, -0.016403943, -0.0022316396, -0.013625649, -0.0043325108, 0.025484852, 0.002969088, 0.01321405, -0.0040473924, 0.0133769745, -0.016335344, 0.0011372572, 0.0134026995, 0.0131969, -0.0061268257, 0.0055480143, 0.009809782, 0.015434971, -0.0011469041, -0.008437784, 0.0013955786, -5.384487e-06, 0.016764093, -0.005342215, -0.0040130923, 0.011258953, -0.019516664, -0.009072333, -0.027114099, 0.012811026, 0.013771424, 0.010873079, -0.014534597, 0.019876812, -0.006268313, 0.009183807, 0.001746081, -0.0008253422, -0.0068899994, 0.006859987, 0.007961872, 0.0018961433, -0.009055183, 0.0007444158, -0.0097926315, 0.027354198, 0.0020772899, -0.00056166144, -0.009406758, 0.009192383, 0.012665251, 0.009363882, -0.016944168, 0.003908049, 0.009363882, 0.007104374, -0.008952283, 0.004437554, -0.0026346638, 0.0021748303, -0.014560322, 0.0014245192, 0.00014336301, 0.008759346, 0.013719974, -0.0064698253, -0.014774697, -0.0021834052, 0.0012090727, 0.025296202, -0.0027632886, -0.0036850993, -0.0009679013, 0.003442856, 0.0010440042, 0.020116912, 0.0050506652, -0.009835507, -0.00065545033, -0.0037172555, -0.009801206, -0.0027890136, -0.017492967, -0.022637958, -0.015100546, -0.004784841, -0.0033806874, -0.00083070155, -0.0020622837, 0.0035800557, 0.013016826, -0.005736664, -0.00039310943, 0.0025617764, -0.0013955786, 0.0010622261, 0.0013398412, -0.007918998, -0.009621132, 0.0003837305, -0.015623621, -0.0014448848, -0.0014062973, 0.00065866596, -0.008656446, -0.004557604, -0.008257709, 0.015460696, -0.005972476, -0.022637958, 0.013488449, -0.004203886, 0.0259479, -0.009732607, -0.011190354, 0.014886172, 0.019945413, -0.002675395, -0.010607255, 0.005423677, 0.018796364, -0.0041481485, 0.002244502, 0.0016110251, 0.00091323577, 0.012347977, 0.033493888, 0.014680373, 0.017818816, 0.0054536895, -0.019516664, 0.0012133602, -0.0023581206, -0.014534597, 0.0016742656, 0.003873749, 0.000464121, 0.0045275916, -0.020185512, 0.019602412, -0.003528606, -0.010178505, 0.00082802185, 0.00329065, 0.015340646, 0.013668524, 0.0014277347, -0.0057238014, 0.0044589913, -0.005638052, 0.015837995, 0.023752704, 0.0017525123, -0.016558293, 0.016695494, 0.014911897, 0.010907379, -0.0026175138, 0.004184592, 0.022946656, -0.015126271, -0.01598377, -0.0063969376, -0.01591517, -0.016455393, 0.0070229117, 0.0064226626, 0.029515093, -0.00091269985, -0.00021571443, -0.004109561, -0.013754274, 0.023015257, 0.017990315, 0.004849153, 0.011722003, -0.003408556, -0.0027054073, 0.010315705, 0.00519644, -0.0056594894, 0.012399427, 0.01061583, 0.022758007, -0.006264026, -0.0021051585, -0.0012776726, 0.007031487, 0.014869022, -0.0012862475, 0.009655432, -0.018950714, -0.01300825, -0.012056427, -0.003603637, 0.016961318, 0.035294633, 0.014646072, -0.0078975605, -0.003627218, 0.0036057807, 0.005946751, -0.010718729, -0.01080448, -0.012682401, -0.013557049, 0.0030891378, 0.020597111, 0.030818492, 0.015546446, 0.008214834, -0.0042446167, 0.026136551, -0.012725276, -0.013308375, -0.012227926, -0.006289751, -0.004463279, 0.018367615, 0.019087914, -0.019156514, -0.0072672986, 0.0043003545, -0.04198312, -0.0134284245, -0.02157466, 0.001485616, 0.0021705427, -0.03284219, -0.014122998, -0.0029626568, 0.0020226242, -0.005256465, -0.018985014, -0.007138674, 0.028537545, -0.01025568, 0.00010939803, -0.006414088, 0.00794901, 0.0027547136, -0.0049563404, 0.025433403, 0.016455393, 0.00096897315, 0.008746483, -0.008292009, -0.035088833, 0.016789818, 0.00048234285, -0.00512784, 0.012082152, 0.01030713, -0.012356551, -0.014843297, 0.009012308, -0.004281061, -0.0016978468, -0.0032370563, -0.0054579773, 0.0019625993, -0.008926558, 0.00526504, 0.017510116, -0.016729793, -0.008540683, -0.0018329028, -0.011241804, -0.0065813, -0.027611447, -0.018007467, 0.010187081, -0.011233228, 0.00273542, -0.0035843432, 0.023255356, 0.025176153, -0.015134846, 0.0050892527, -0.009758332, 0.0068942867, 0.01044433, 0.001992612, -0.008797933, 0.0061053885, -0.01606952, 0.022655107, -0.009166658, -0.0038308739, 0.0026882575, -0.016000919, -0.016266745, -0.0018736339, 0.019585263, 0.007383061, 0.0064226626, -0.011884928, -0.0024181453, 0.012622376, 0.012828176, -0.0033871187, 0.014062974, 0.017295742, 0.010127055, -0.024095705, -0.008296297, 0.011096029, -0.00507639, 0.00786326, 0.0041995985, 0.009578257, -0.017424367, -0.0069457367, -0.023186756, -0.038313027, 0.01054723, 0.0016646187, -0.0012015696, -0.005492277, -0.0007036846, 0.01047863, 0.013239775, -0.0020772899, -0.003603637, 0.001847909, 0.02094011, 0.008403484, -0.0056766393, -0.019585263, 0.0041910233, 0.013557049, -0.0058352766, 0.0036915306, 0.018350465, -0.012562351, 0.017064217, -0.005663777, -0.0067184996, -0.015906595, 0.025484852, -0.0068213996, 0.0130682755, 0.003974505, -0.0021726864, 0.024078554, -0.012262227, -0.005106403, -0.0057924017, 1.6329315e-05, -0.0047891284, -0.011524778, -0.012939651, -0.005672352, -0.010238531, -0.030972842, 0.015280621, 0.00036818837, 0.0014470285, 0.0014245192, 0.00011931286, -0.0056294766, 0.0029347881, 0.012125027, 0.0016185282, -0.00086339365, 0.0256392, 0.014954772, -0.022758007, 0.021334559, 0.028949145, 9.6217345e-06, -0.008339171, 0.031195791, 0.007374486, -0.016026644, -0.0045704665, -0.0019636713, 0.005805264, -0.012690976, 0.025862152, 0.007953297, 0.029943842, -0.0073144613, 0.0012669539, -0.028691895, 0.020442761, -0.017347192, -0.010264255, 0.016489694, 0.016155269, -0.00325635, -0.011036004, -0.004793416, -0.018196115, -0.013033975, -0.017012767, 0.024610203, 0.013188325, -0.007867548, -0.004379673, -0.024918903, 0.0018050341, 0.019465214, 0.0044246917, -0.012202201, -0.0064955503, 0.009123783, 0.012905351, 0.0028490385, -0.004630491, 0.007010049, -0.016824119, 0.0023581206, -0.023701254, -0.0014352379, 0.0069671744, -0.01061583, 0.0033142313, -0.006932874, -0.0080519095, -0.0036186432, 0.002996957, -0.028023047, -0.0022380708, -0.0038158677, 0.010830205, 0.033888336, 0.015837995, -0.008364896, 0.0076231607, -0.004960628, 0.001552072, 0.022980956, -0.0030012443, -0.004167442, 0.006294038, 0.0036893866, 0.021900509, -0.009029458, 0.003957355, 0.009998431, 0.0058781514, 0.0067956746, 0.0054322523, 0.0003738157, 0.017124243, -0.016180994, -0.0052521774, 0.0025875014, 0.008532109, 0.0020140493, -0.008094785, -0.0033206625, -0.0014545316, -0.0035114558, -0.0046133413, -0.013754274, 0.0024267205, -0.015572171, 0.016892718, 0.00066777685, 0.017613016, 0.012553777, -0.00531649, -0.0006709925, -0.00064473157, 0.0053379275, -0.0013087569, 0.0078203855, 0.020134062, -0.0045961915, -0.016635468, 0.0058352766, 0.0044246917, 0.009569682, 0.0034985933, -6.993971e-05, 0.016326768, -0.009535382, 0.012065002, -0.0017149968, -0.010830205, -0.010187081, 0.00012969662, 0.012125027, 0.01593232, 0.012090727, -0.002480314, 0.0016549719, 0.025244752, 0.018264715, 0.018470515, -0.0040280987, 0.0048834532, 0.0016592593, 0.0098698065, 0.04273772, 0.001054723, -0.008184822, 0.0022702268, 0.009012308, -0.016249593, -0.012167902, -0.024112854, 0.0006388363, -0.008502096, -0.0063240505, -0.009338157, 0.006842837, 0.0030891378, 0.014448848, 0.019087914, -0.0011351134, -4.766485e-05, 0.0023581206, -0.001527419, -0.004066686, 0.0256392, 0.0065169875, -0.028245997, 0.020288412, 0.007031487, -0.010418605, -0.0014824003, -0.019619564, -0.03165884, 0.002836176, -0.0008258781, -0.02617085, -0.012039277, 0.025484852, -0.0045404537, 0.0131283, 0.0070743617, -0.0077089104, -0.0077346354, -0.021797609, 0.05779539, -0.0133341, 0.006984324, -0.009406758, 2.6897313e-05, 0.032859337, 0.011704853, 0.02124881, 0.0011683415, -0.017064217, -0.026239451, 0.014423123, -0.011893502, -0.0037858554, 0.018504815, 0.01054723, -0.0001459087, 0.017244292, -0.005372227, 0.00077282044, 0.0062211505, 0.008412059, 0.0062254383, -0.028794795, -0.008622146, -0.0035929182, -0.01099313, 0.0008339172, 0.014440273, 0.0068128244, 0.0049734907, 0.0113532785, -0.008510672, 0.019722462, -0.009218108, -0.010521505, -0.015023371, 0.013960074, 0.017801667, -0.017921716, -0.02118021, 0.0019358026, -0.00036068526, 0.009878381, -0.0008328453, -0.02051136, 0.001577797, 0.012107877, -0.0015499283, -0.0025510576, -0.0081548095, -0.005672352, 0.0057238014, -0.0074044983, -0.0019004308, 0.00540224, -0.0074130734, 0.002033343, 0.002810451, 0.01080448, -0.029909544, 0.007468811, 0.0040538236, -0.009955556, 0.023255356, 0.0038844675, 0.0017267873, 0.009501082, -0.02130026, -0.015417821, -0.024232903, -0.01555502, -0.012373702, -0.009972706, 0.004557604, -0.0012830319, -0.02699405, -0.017072793, -0.009106632, -0.009929831, 0.014225898, 0.0034128434, 0.0007320892, -0.0046433536, 0.0080261845, -0.016146695, 0.061636984, 0.005762389, -0.023255356, -0.0047205286, -0.00042660543, 0.019413764, -0.02083721, -0.0039766487, 0.0016378219, -0.0116362525, -0.019722462, 0.0068213996, 0.006379788, -0.002836176, 0.018453365, 0.011104604, -0.006641325, 0.0264967, 0.008364896, -0.006877137, 0.01572652, 0.00050404825, -0.012588076, 0.001434166, 0.01099313, 0.015563595, 0.022277808, -0.011936378, 0.011010279, 0.016901294, -0.014122998, 0.00044482728, -0.019242264, 0.028863395, -0.010555805, -0.0153234955, -0.02203771, 0.009355308, 0.011447603, -0.02162611, -0.0114819035, -0.010092756, 0.0036186432, 0.007901847, -0.017424367, -0.020151211, 0.020014012, -0.009784057, 0.008690746, 0.010367155, 0.012519476, -0.0033206625, -0.025399102, -0.0012144321, -0.018436216, -0.019207964, -0.017149968, 0.010375731, 0.0035200308, -0.023118157, -0.0060024885, -0.00794901, -0.008733621, -0.019739613, -0.008652159, -0.008532109, -0.0014330941, -0.006465538, -0.039307725, 0.004167442, -0.0037858554, 0.007610298, -0.016644044, 0.024250055, -0.0153749455, 0.0045104413, -0.00044991868, -0.0059338887, 0.009878381, -0.011216079, 0.0036079243, 0.017681617, -0.017973166, -0.02596505, -0.012879626, -0.016266745, 0.007434511, -0.0027740072, -0.011018855, -0.0097154565, 0.054365396, -0.013779999, 0.014568897, 0.0049906406, 0.018384766, -0.034197036, 0.014911897, -0.0007663892, 0.008472084, -0.0040966985, 0.016738368, 0.00024210931, -0.011730578, 0.010761605, 0.008553546, 0.0018425497, -0.009638282, 0.023238206, -0.010873079, 0.016944168, 0.030252542, -0.00663275, 0.017415792, 0.002960513, 0.009235257, -0.018419065, 0.008330597, -0.010572955, 0.00040356017, -0.00070100493, -0.028709045, 0.020202661, -0.003264925, 0.017544417, -0.012347977, 0.008009035, 0.0078975605, 0.020219812, -0.018299015, 0.018847814, -0.0068642744, -0.0025103264, -0.014654648, 0.013617074, 0.02057996, 0.007837535, 0.004283204, 0.006928587, 0.010178505, 0.0022102022, -0.009724031, -0.01606952, 0.0045919036, 0.014371673, 0.007618873, -0.0005675567, -0.019636713, -0.0034964497, -0.014448848, -0.01059868, 0.0132655, 0.01639537, -0.02099156, -0.0061739883, -0.023101006, 0.010024156, 0.01028998, -0.0032692126, -0.00014604269, 0.0264281, 0.014920472, -0.0010284621, 0.022809457, -0.0010574027, -0.0149633465, 0.005029228, -0.0048877406, 0.011301829, -0.0269426, -0.0017332186, 0.0038437364, -0.02145461, -0.0075459857, -0.012065002, -0.008429209, 0.00093681697, 0.0061997133, -0.01035858, -0.005663777, -0.00777751, -0.019945413, 0.004853441, -0.014028673, 0.004201742, 0.027954446, -0.030887092, 0.005946751, -0.00062972534, 0.0026218013, 0.0018768496, -0.016412519, -0.008733621, 0.009698306, 0.022963807, 0.022775156, 0.015443546, 0.0080004595, 0.0062297257, 0.008652159, 0.011884928, -0.014088699, -0.009029458, 0.012090727, 0.011198929]"
フジヤマ,fromCluster,0.2891,55.0,2.6128,"[0.009181004, 0.0019779608, -0.0003506891, -0.007388593, 0.008268099, -0.01099197, -0.020766733, 0.030430168, -0.019564372, -0.017916689, -0.008743106, 0.03975219, 0.013448649, -0.008104815, -0.026110567, 0.027773093, 0.007551877, 0.024091786, -0.018198725, -0.001304415, -0.017842468, -0.02950984, 0.020618293, 0.00782278, 0.014636168, 0.006416312, -0.01237246, 0.02000969, -0.023008175, 0.0049096476, 0.01128885, 0.041652218, -0.019356554, 0.03096455, -0.03550681, 0.052844584, 0.038208414, 0.02716449, 0.025249617, 0.0014250225, -0.0010446453, 0.014970158, 0.033547405, 0.019727655, -0.030192664, -0.048272636, 0.016076034, -0.004698121, 0.00093146, 0.043344434, 0.027728561, 0.029376244, 0.008780217, 0.019401086, 0.022310508, 0.018154193, 0.010420477, 0.07089487, -0.013812327, -0.012869734, 0.0076149637, -0.007384882, -0.0008159552, 0.012973642, 0.026778547, 0.038534984, -0.00047431167, -0.008616933, 0.016936986, -0.0008581678, 0.005703801, -0.010294303, -0.011392757, -0.0050617987, 0.010071643, -0.015482275, 0.017708873, 0.0015539796, 0.0048873816, -0.014079519, 0.013901391, -0.021390181, -0.012736138, -0.035833377, -0.044324137, 0.014777186, 0.006100877, -0.06626354, 0.013945923, 0.05450711, 0.008475915, 0.018005753, -0.009693122, -0.019653434, 0.058485296, 0.009099362, -0.013968189, 0.0010075354, 0.03794122, 0.025873063, -0.0069952277, -0.02600666, 0.022740982, -0.015957283, -0.030905174, 0.034081787, -0.017679185, 0.013478338, 0.0066835037, -0.022444103, 0.05029142, 0.007852468, -0.0023973035, -0.019430775, -0.046877302, 0.036308385, -0.017946377, -0.034823988, 0.01512602, -0.041563153, 0.011036502, -0.021375338, -0.002664495, -0.025012113, 0.015229927, -0.016224474, 0.0048280056, 0.013619355, 0.05088518, -0.03639745, -0.04735231, 0.046224166, 0.035417747, 0.015794, -0.0102200825, -0.017664341, 0.038030285, 0.038238104, -0.022444103, 0.006330959, -0.031736437, -0.042453796, -0.0113408035, -0.013070128, -0.035002112, -0.03476461, 0.01695183, 0.03657558, -0.01050954, 0.0049690236, -0.04527415, -0.03657558, 0.022073004, 0.0034809143, 0.021790968, 0.0193714, -0.035833377, 0.013700997, -0.0040746736, 0.027594967, -0.030905174, -0.018094817, 0.020766733, 0.023794906, -0.017115114, -0.029539527, 0.031172367, -0.025026957, 0.046639796, 0.02637776, 0.024804298, -0.013508026, -0.03699121, -0.0093146, -0.0035978106, -0.008112237, 0.04471008, 0.006431156, 0.00030221423, -0.0051323073, 0.03458648, 0.0069247186, 0.0389803, -0.018154193, -0.02101908, 0.012350195, 0.027446527, 0.0007380243, 0.026615264, -0.0547743, -0.00028667445, 0.014376398, 0.051894568, -0.0041154944, 0.031617686, -0.025976973, 0.03782247, -0.028515292, -0.003996743, -0.0062901382, 0.025501965, -0.031588, -0.008438805, -0.015957283, 0.010821264, 0.00012165109, 0.0043678423, -0.009982579, 0.009841561, -0.0053438344, -0.005518251, -0.0039447886, -0.0047278088, 0.00069766724, 0.017990908, 0.010680246, 2.8397817e-05, -0.023141772, -0.0033658734, -0.04355225, 0.01482914, -0.0029205538, 0.030148132, 0.048421077, 0.0077782474, 0.0078079356, -0.022221444, 0.014702966, -0.017560434, 0.026051192, 0.011274006, 0.000816883, -0.003163624, 0.008839592, 0.049578905, -0.0372584, -0.04717418, -0.0143912425, -0.038030285, 0.0085501345, -0.013997877, -0.0100271115, -0.033784907, -0.0075555877, 0.010472431, -0.008713419, -0.03431929, 0.019208115, -0.0041377605, -0.01512602, -0.005573916, -0.03241926, 0.0372584, -0.009707966, 0.01810966, 0.022637075, 0.018525291, 0.029049676, -0.025576184, 0.00096300343, -0.0137232635, 0.042691298, 0.025427744, -0.021494089, 0.010034533, 0.013649044, 0.015794, -0.0032823759, -0.008290365, 0.012491212, -0.0043195994, 0.0011949408, 0.061572846, -0.017040893, -0.024433197, 0.018733108, -0.029109053, 0.056733705, 0.00097599195, -0.034141164, 0.056733705, 0.019653434, 0.01643229, -0.033072397, 0.025160553, 0.025724623, 0.010108753, -0.008149347, 0.02965828, -0.041177213, -0.015764311, -0.02775825, -0.0077485596, -0.036842767, -0.012765826, -0.0007445186, -0.0076669175, -0.058663424, -0.010331413, -0.022874579, -0.02090033, 0.03520993, -0.03138018, -0.037169337, 0.039188117, 0.015348679, -0.024655858, 0.04776794, 0.010398211, -0.029005144, 0.035744313, -0.017219022, -0.028767642, -0.02432929, -0.011993939, -0.020425322, -0.0505883, -0.008572401, -0.00041702317, -0.0146064805, -0.008320053, -0.00044323207, -0.010932595, -0.00797122, 0.041266274, 0.04940078, 0.010479853, -0.0265262, 0.013359586, 0.0022525745, -0.052814893, -0.025487121, -0.031142678, 0.017308086, 0.013470915, -0.0048948037, 0.011890031, 0.020247195, -0.030548919, 0.01665495, 0.006230762, 0.0012515334, -0.00024051893, -0.0077485596, -0.0005176839, 0.005510829, 0.018807327, 0.03241926, 0.009633746, -0.00737746, 0.00060442847, -0.0214644, -0.019356554, -0.041592844, 0.017411994, -0.011511509, 0.019356554, -0.028752796, -0.02186519, -0.0066018617, -0.024076942, -0.007867311, 0.019534683, 0.021078458, 0.02608088, 0.0505883, 0.013997877, -0.014999846, -0.030177819, 0.050499234, -0.020395635, 0.019297179, -0.048747644, 0.026051192, 0.012721295, -0.039395932, -0.039663125, -0.013567401, 0.010071643, -0.018065128, -0.011073612, -0.014895938, 0.030355947, 0.0077782474, 0.0072401534, 0.014005299, 0.00354029, -0.04485852, 0.02324568, 0.035536498, -0.019608904, -0.00067957613, 0.0071844882, -0.018733108, 0.023794906, -0.036041193, 0.045630407, -0.0051248856, 0.034794297, -0.013426383, -0.037614655, 0.022221444, -0.016640106, -0.007540744, 0.019623747, 0.012684184, -0.019712811, 0.045214776, 0.018955767, 0.027847314, 0.005607315, -0.03051923, 0.014317023, -0.03580369, 0.0020020823, -0.01416116, 0.007247575, -0.024655858, -0.017946377, -0.02995516, 0.025635561, 0.017946377, -0.037050582, -0.0005473719, -0.048035134, 0.035536498, 0.019890938, 0.022755828, -0.039188117, -5.9346945e-05, -0.0049801567, 0.009730231, 0.014561948, 0.006531353, -0.0004279242, 0.005484852, 0.033577092, 0.016818235, 0.01828779, -0.0025438878, -0.010984548, 0.0052621923, -0.01643229, 0.009188426, 0.012832624, 0.022622231, 0.009218114, -0.0028890104, 0.02030657, 0.015096332, -0.02366131, 0.022859735, -0.0124837905, -0.03666464, 0.009143895, 0.027119959, 0.003840881, 0.017842468, -0.024210539, -0.0024789453, 0.045749158, 0.056763396, 0.015497119, -0.050202355, -0.0015020256, 0.007299529, 0.007986063, 0.0021560886, 0.0035458566, 0.0017887001, -0.002760981, 0.005726067, 0.04295849, 0.036545888, -0.0002950242, 0.022295663, -0.0137232635, -0.0010734056, -0.011711903, -0.035714626, 0.037733406, 0.02153862, 0.0049504684, 0.0030114732, 0.0140349865, 0.015957283, 0.00020317703, -0.0051211743, -0.009255224, 0.03621932, 0.048866395, 0.0060711894, 0.0051657064, -0.038505293, 0.009544682, 0.009589214, -0.02593244, -0.014955314, -0.045333527, 0.007477657, 0.046253853, 0.0372584, -0.011355648, 0.0041229166, -0.04031626, 0.016372913, 0.034675546, 0.0013869847, -0.017411994, 0.0042787786, 0.015408055, -0.0031766125, 0.03363647, 0.00480574, -0.021508932, -0.01643229, -0.0040524076, 0.0040746736, -0.0011281428, 0.008698574, 0.0043047555, -0.01643229, 0.010390788, -0.011014236, 0.021286273, -0.016016658, 0.0010947438, -0.0051657064, 0.0762387, 0.017248709, 0.01154862, 0.0036200767, 0.026704326, -0.007388593, -0.0097896075, -0.031320807, -0.032983333, 0.0024752342, 0.004419796, -0.03040048, -0.015304147, -0.034675546, 0.0077930917, 0.0022804071, -0.006776279, -0.0040004537, 0.025338681, -0.009893515, -0.009299756, 0.033072397, 0.052369576, -0.033695843, -0.02000969, 0.016714325, 0.0014630602, 0.019905783, 0.008661465, -0.013975611, -0.020647982, 0.041652218, 0.008156769, -0.013404118, 0.042542856, 0.0113408035, 0.0030689936, -0.012016205, 0.0044865943, -0.0076149637, -0.010672824, 0.014042409, -0.00054876355, 0.0041563157, -0.037733406, -0.0031005372, 0.0031654795, -0.009218114, -0.03797091, -0.019697966, 0.007418281, -0.034913052, 0.013174036, -0.0020002269, -0.003785216, 0.042691298, 0.015853375, 0.004627612, 0.029910628, -0.037763096, -0.0029261203, 0.026095724, -0.022711296, 0.041830346, -0.00035625562, 0.0051842616, -0.021924565, -0.013277943, 0.007347772, -0.010175551, 0.012743561, -0.013990455, 0.013255677, -0.004497727, -0.024195693, -0.029168429, 0.0014222392, 0.019846406, 0.039366245, -0.0061565423, 0.016179942, 0.013426383, 0.053735223, 0.017352616, -0.008134503, 0.0033788618, -0.0026496511, 0.007370038, -0.012802936, 0.025457432, -0.02667464, 0.014413509, -0.0030281728, -0.03856467, 0.0010604172, 0.020247195, -0.0060155243, -0.00054969126, 0.011556041, 0.020558918, 0.011771279, -0.033250526, 0.04408663, 0.019950313, -0.026956676, -0.030608295, 0.030727047, -0.015719779, 0.026615264, -0.027060583, 0.0032063005, -0.010390788, 0.0015428466, -0.02857467, 0.017887, -0.035388056, -0.008876703, -0.0015075922, 0.026437135, -0.0389803, 0.015452587, 0.045244463, -0.00797122, 0.013715841, 0.02664495, 0.034705233, 0.017233865, 0.0067354576, 0.0021264006, 0.027283242, -0.0051731286, -0.0039930316, -0.017144801, 0.0013990455, 0.0041934256, 0.014561948, 0.0001777799, 0.03342865, -0.03431929, 0.019905783, -0.0009296045, -0.0093368655, 0.025516808, -0.00114577, 0.013166614, 0.0380006, 0.020469854, -0.0340521, 0.021063613, -0.014599058, -0.03230051, -0.0010437176, 0.007537033, 0.013315054, 0.016610418, -0.0017673619, 0.0060229464, -0.01154862, -0.0030300282, 0.008817326, 0.03722871, 0.0131295035, -0.013804905, 0.009900937, -0.02309724, -0.018169036, -0.020796422, 0.0014964591, -0.0011800968, 0.047292933, -0.0019705389, -0.003959633, 0.02827779, -0.016684638, -0.003115381, 0.00062947767, -0.0011429868, -0.007214176, -0.0026793391, 0.012832624, 0.0008901752, 0.0050024227, 0.017976064, 0.020677669, -0.019104207, 0.013315054, 0.017857313, 0.02023235, -0.022058161, -0.029480152, -0.014539682, -0.0017506623, 0.008505602, -0.025101177, -0.049103897, 0.013700997, 0.029687967, 0.008809905, 0.0061528315, -0.0105763385, 0.027594967, 0.0024362688, 0.0023898815, 0.005577627, 0.022963643, 0.0040969397, -0.015467431, 0.02749106, 0.018094817, 0.014458041, 0.0136045115, -0.03345834, 0.043285057, -0.006379202, 0.0029038542, 0.007336639, -0.022755828, -0.0010260904, -0.0035087466, -0.015957283, -0.021657372, 0.008349741, 0.019401086, 0.0072067543, -0.003315775, -0.018688576, 0.05263677, -0.015118598, 0.0032842315, -0.016625263, -0.02000969, 0.007919266, -0.027149647, 0.004720387, -0.0068430766, 0.010049378, -0.005340123, -0.015177974, -0.005748333, -0.007440547, 0.0068096775, -0.020974549, 0.014124051, 0.030266883, -0.0121275345, -0.014962736, -0.030044224, 0.008268099, -0.021924565, 0.01892608, -0.0016615984, 0.0067911227, 0.021479245, -0.046639796, 0.004445773, 0.0022933956, 0.019237803, -0.00013127648, -0.008535291, 0.016981518, 0.010472431, 0.030192664, 0.009960313, 0.033784907, -0.004672144, 0.009522416, 0.030177819, -0.00942593, -0.006642683, -0.034734923, 0.024076942, -0.0077930917, 0.00462019, 0.013240834, 0.015066643, 0.04150378, 0.008527868, -1.619212e-05, 0.02887155, 0.015764311, 0.018540137, 0.03595213, 0.011585729, 0.009886093, 0.01818388, 0.0033027865, 0.010494697, -0.025694937, -0.023186304, -0.02474492, -0.016135411, -0.010257193, 0.006512798, 0.0066612377, 0.0071473783, 0.016476823, 0.0048725377, -0.0052696145, 0.0021820657, 0.008594667, -0.006475688, -0.063176, 0.012743561, -0.013136926, 0.0018387985, 0.025338681, 0.017990908, -0.021345649, -0.010628292, 0.021627685, 0.0057186447, 0.034408353, -0.014354132, -0.03755528, 0.005158284, -0.01114041, 0.002668206, 0.020707358, -0.016105723, -0.025902752, 0.026867611, -0.0051434403, 0.0021783547, 0.022815203, -0.00048057397, -0.014799452, -0.006197363, -0.017115114, -0.036130257, -0.0038186149, 0.0078821555, 0.0025902751, 0.017352616, 0.0053549674, -0.002668206, -0.0412069, -0.0034493709, -0.028396541, -0.016907297, -0.028708264, -0.008179035, 0.0029650857, -0.0043047555, 0.002616252, 0.033280212, 0.02171675, -0.0523102, 0.010353679, 0.018658888, 0.030608295, 0.008023174, -0.019267492, -0.013025596, 0.03316146, 0.017426837, -0.00975992, -0.008201301, -0.0060971663, 0.0059079058, 0.021939408, -0.042156916, -0.019683123, -0.006137987, 0.03681308, -0.028099662, -0.04150378, 0.0037648054, -8.436717e-05, -0.03740684, 0.01292911, -0.03696152, 0.012758404, -0.0107322, -0.0265262, 0.04233504, -0.0030615716, -0.013144348, 0.023394119, 0.037347462, 0.043819442, 0.006824522, 0.0007106557, 0.03212238, -0.033280212, 0.0089063905, -0.00804544, -0.03289427, 0.010168129, -0.04307724, 0.011073612, 0.008023174, 0.0103388345, -0.0025717202, -0.008483337, -0.014524838, 0.012142379, 0.006523931, 0.005325279, 0.0037165624, -0.009633746, 0.008594667, 0.020024534, -0.013463493, 0.02131596, 0.028797328, 0.023720685, 0.009693122, -0.0058411076, -0.037614655, 0.0038742798, 0.0318255, -0.0027628364, 0.019861251, 0.012877156, 0.03797091, 0.00025582677, -0.04049439, -0.006657527, -0.014843984, 0.018362008, 0.015081488, -0.025472276, -0.033488028, -0.0077114496, -0.010643137, 0.008067706, 0.012424415, 0.008602088, -0.015074066, 0.008691153, 0.009485305, -0.008898969, 0.019445619, 0.019742498, -0.033072397, 0.010784155, -0.009641168, -0.01076931, 0.002247008, -0.027594967, -0.0014435775, 0.011118144, -0.012587698, -0.012713872, 0.012320506, 0.019104207, 0.00018299848, 0.010962282, 0.0097896075, -0.00091707986, -0.027253555, -0.012186911, 0.03111299, 0.027298087, 0.0027739694, 0.016313538, -0.009195848, -0.04263192, 0.0008873919, -0.048747644, -0.006345803, 0.0023305055, -0.008520447, -0.031588, 0.015014689, -0.047886692, 0.019015143, 0.014265069, 0.0020874352, -0.009247802, -0.015794, -0.0023379275, -0.016076034, -0.05887124, -0.007963797, -0.016046347, -0.032775518, -0.026125412, -0.005444031, -0.0019761054, 0.014962736, 0.0062975604, 0.01490336, 0.011979095, 0.031320807, -0.026481668, 0.022176912, 0.00041957447, -0.005629581, 0.021790968, 0.022548012, 0.06887609, -0.0029149873, 0.009544682, -0.01897061, -0.023023019, -0.005470008, 0.034794297, -0.011919719, 0.0078821555, 0.00012536209, -0.020172974, 0.033102084, 0.0072067543, 0.023082394, 0.024240226, -0.022755828, 0.025546497, -0.011504088, 0.0035681226, -0.011036502, 0.02499727, -0.01091775, 0.0058559515, 0.008631777, 0.008624354, -0.013619355, -0.032389574, 0.012186911, -0.00031937758, 0.0013739963, -0.008320053, 0.014458041, -0.0008201301, 0.008832171, 0.0060452125, -0.011081034, -0.0076149637, -0.028411385, -0.0007463741, 0.03826779, 0.022369884, -0.0034178272, 0.041117836, 0.0070397593, 0.0122462865, 0.003740684, 0.009032564, 0.0019835273, -0.02958406, 0.012825202, -0.017486213, -0.034853674, 0.012981064, -0.028797328, 0.019653434, 0.03446773, -0.010665403, -0.0089063905, -0.005573916, -0.034527108, 0.03185519, -0.025665248, 0.0014296612, 0.01732293, 0.0042750672, 0.0225777, -0.041147523, 0.018911235, 0.013708419, -0.015467431, 0.01080642, -0.0016606707, -0.0026440846, 0.006245606, 0.019430775, -0.014317023, -0.021746436, 0.0042342464, 0.015571339, 0.0011541197, -0.018718263, 0.008067706, -0.0061305654, 0.019163582, -0.0045014382, 0.01606119, 0.0072549973, -0.0041266275, 0.025175396, 0.006364358, 0.017219022, 0.002876022, -0.00048103786, -0.010049378, 0.005640714, 0.023438651, -0.011006814, -0.0058522406, 0.02176128, -0.002295251, -0.03431929, -0.03565525, 0.012261131, -0.038178727, 0.019475307, 0.0042490903, 0.015304147, -0.0029279757, -0.008527868, 0.025487121, -3.6501126e-05, -0.02489336, -0.003751817, -0.0051842616, 0.007529611, 0.018243257, 0.013582245, 0.001319259, 0.003278665, 0.01966828, -0.017694028, -0.0060081026, -0.025398057, -0.007485079, 0.00756301, 0.029598905, -0.020944862, 0.014836562, -0.004891093, -0.030697359, 0.010977126, -0.026719172, 0.0058188415, 0.013582245, 0.008564979, -0.0061639645, -0.010858375, 0.0042490903, 0.0033139193, 0.008305209, 0.018569823, -0.029851252, -0.011927141, 0.009618902, -0.02131596, -0.028114505, -0.025338681, 0.0042973333, 0.0013777072, 0.006342092, -0.005637003, 0.019326868, 0.00797122, 0.018243257, -0.026199631, -0.012305663, -0.031944253, 0.0005367028, -0.0110290805, 0.02023235, 0.036605265, 0.0068096775, -0.03903968, -0.019401086, -0.014502572, -0.028678577, -0.017694028, -0.011385336, -0.021449557, -0.0146064805, -0.026466824, 0.0035291573, -0.010420477, -0.008446227, 0.031469245, 0.007551877, 0.0068504987, -0.009359132, 0.014962736, 0.010954861, -0.0019278624, -0.0006016452, 0.011377914, -0.005592471, 0.013812327, 0.0004750075, 0.00946304, -0.0060489234, -0.017634653, -0.016150255, 0.004857694, -0.008112237, 0.023290211, -0.02395819, 0.018213568, -0.016669793, 0.010279459, 0.014220537, 0.00032656765, 0.024952738, 0.017233865, -0.013470915, 0.0038149038, -0.011348226, 0.012320506, -0.014584214, 0.03752559, -0.0056704017, -0.01717449, -0.023171458, -0.0033510295, -0.017530745, -0.046046037, -0.0052993023, 0.0068393657, -0.026778547, -0.030385636, 0.017426837, -0.017263554, 0.0012932821, -0.007295818, -0.040850643, 0.022637075, -0.006572174, -0.005859663, 0.017515901, 0.012068159, 0.013597089, -0.005503407, 0.007837623, -0.020469854, 0.018762795, -0.01416116, -0.015601027, 0.008490759, 0.009626323, -0.014383821, -0.014554527, 0.027862158, -0.016788546, 0.0004520457, 0.021360492, 0.015823686, 0.016254162, -0.0016170664, -0.0011364925, -0.001803544, -0.013478338, -0.0053549674, 0.019965159, -0.008572401, 0.010977126, -0.0045014382, 0.010264615, -0.0021059902, 0.018465916, 0.016402602, 0.03212238, 0.011749013, 0.015452587, -0.018525291, 0.007332928, 0.0020039377, -0.0024362688, -0.017189333, 0.006379202, 0.015333835, 0.0049801567, 0.033488028, 0.0058633736, -0.0004309394, -0.007344061, 0.0116970595, 0.015764311, 0.013767795, -0.0029502418, 0.009633746, 0.0085501345, 0.01128885, -0.035595875, 0.018228412, 0.019163582, 0.017070582, -0.020187818, 0.0053215683, 0.0016059335, -0.00014287335, 0.0006447855, 0.011147832, 0.0014602769, 0.005414343, -0.012758404, 0.036872458, -0.038772486, 0.024166007, 0.015556495, 0.003326908, 0.042275667, -0.0062901382, 0.010368523, 0.049727347, -0.0150518, -0.03770372, -0.024611326, -0.011229474, -0.030133286, -0.012713872, -0.0034326713, 0.008973189, -0.014027565, 6.4217625e-06, 0.0016170664, 0.023186304, 0.012802936, 0.0055627828, -0.0002709027, -0.020796422, -0.007440547, 0.022874579, -0.022310508, -0.0050580874, -0.0017757115, -0.024566794, -0.0002838912, 0.009299756, -0.009299756, -0.00368873, 0.016417446, -0.013092394, 0.021152677, -0.0389803, -0.008513025, 0.00935171, 0.02000969, -0.03066767, 0.00028319538, -0.017575277, 0.014198271, 0.0104575865, -0.022666764, 0.019697966, 0.0019779608, -0.025457432, 0.007318084, -0.019683123, -0.013767795, 0.023349587, -0.0009384181, -0.042424105, -0.058336858, -0.0021449556, -0.010761889, -0.013025596, 0.010056799, -0.0048651155, -0.0044531953, -0.012201754, 0.0043789754, -0.008513025, 0.02716449, -0.006527642, 0.030845799, -0.005499696, 0.008193879, 0.00924038, 0.01114041, 0.03372553, 0.030608295, -0.015764311, 0.012023627, -0.014146317, 0.020143285, -0.021880032, -0.0021857766, -0.012290819, -0.017397149, 0.010954861, 0.01471781, 0.009366554, 0.0059338827, 0.060474392, 0.015007268, -0.014547104, -0.011348226, 0.012862312, 0.029999692, 0.016476823, 0.012914266, 0.025487121, -0.012439258, -0.03764434, 0.0020855798, -0.0024418354, 0.013715841, -0.008149347, 0.00084285997, -0.020128442, -0.028945768, 0.022102691, -0.01140018, -0.04643198, -0.01732293, -0.000942593, 0.03081611, -0.0021857766, 0.0072661303, -0.021597996, -0.007466524, 0.017100269, 0.018940924, 0.0072290204, 0.022592543, 0.026362915, 0.015897907, -0.011993939, -0.015630715, -0.016936986, 0.0059524374, -0.012053315, 0.006765146, -0.022458948, -0.008564979, 0.027357463, 0.0005849457, 0.010420477, -0.0060674786, 0.017219022, -0.037466217, -0.017679185, 0.006271583, -0.009210692, 0.0148217175, 0.023616778, 0.020351103, 0.02462617, 0.0061454093, 0.017426837, 0.003382573, -0.0029205538, 0.00040751375, 0.020796422, 0.026763704, -0.017931532, -0.008156769, -0.010962282, -0.00024701317, 0.029346555, -0.023171458, 0.035863064, 0.0130330175, 0.0057446216, -0.024433197, 0.018792484, -0.011318537, 0.0144877285, 0.03051923, -0.008958344, 0.0017404571, -0.0011671082, 0.010932595, -0.0053475453, 0.000118519936, 0.01043532, -0.010873218, 0.030133286, 0.0040486967, -0.017263554, 0.018614355, 0.006664949, 0.0053475453, -0.011155254, -0.0030374501, 0.01759012, -0.0140349865, 0.016105723, 0.01497758, 0.008483337, 0.0040412745, -0.0067428797, 0.021405024, 0.026288696, 0.023973035, -0.021360492, -0.017679185, 0.037614655, 0.027030895, -0.0031005372, 0.033814594, 0.02768403, -0.0017237576, 0.0035235907, -0.0034772032, -0.0107915765, -0.0040635406, -0.00046596193, -0.0060897446, 0.03253801, -0.020930016, 0.004720387, 0.005566494, -0.017530745, -0.014710388, -0.008639199, 0.0007811647, -0.010546651, -0.019015143, 0.027891846, 0.017515901, -0.0029576637, 0.00086883694, 0.032627076, 0.0069321403, -0.011645106, -0.035744313, 0.01643229, -0.023186304, -0.017115114, 0.0011773135, -0.020351103, -0.0078079356, 0.0020874352, 0.011199786, -0.013062706, -0.008008329, -0.015014689, -0.029895784, 0.0034512263, 0.02280036, -0.00044694307, 0.00013336392, -0.015838532, 0.024418354, -0.0070174932, -0.0077708256, -0.006664949, -0.0032693874, -0.014413509, -0.010405633, -0.004683277, 0.009396242, 0.018436229, 0.0061342763, 0.02358709, 0.0010557784, 0.0026051193, 0.0046573, 0.010828686, 0.0007811647, 0.024091786, 0.006635261, -0.017916689, -0.023468338, 0.0015641848, 0.006171386, -0.0017775671, 0.003104248, 0.024551949, 0.018733108, -0.013775217, 0.010635714, -0.01263223, 0.0041229166, -0.0021356782, -0.00071343896, 0.00048799597, -0.0063606473, 0.013174036, -0.008505602, -0.016907297, -0.0027925244, -0.00961148, 0.021152677, -0.011793545, 0.012906844, -0.021998784, 0.033517715, -0.016372913, 0.015526807, 0.022473792, 0.023690999, 0.0040524076, 0.025769155, 0.00734035, -0.0096857, -0.0080009075, -0.010502119, -0.022904268, 0.0044494844, 0.012305663, 0.013055284, -0.013233412, 0.022265976, 0.010294303, 0.0018916802, -0.0004283881, -0.014205692, -0.00054458866, 0.006160253, -0.0114595555, 0.025219928, -0.0039002567, 0.009106784, -0.009307178, 0.007065736, 0.0013962622, 0.017352616, 0.020291725, 0.0031320807, -0.0123650385, -0.0008238411, 0.008386851, 0.015059222, 0.00905483, -0.005451453, -0.011073612, 0.016387759, 0.006427445, -0.016269006, 0.013901391, -0.021226898, 0.0102200825, 0.024373822, 0.011607995, -0.0040412745, -0.004382686, -0.005373522, -2.2381944e-05, -0.025798844, 0.030148132, 0.00797122, -0.0042973333, 0.008038017, 0.006364358, 0.0040190085, 0.030697359, -0.010821264, -0.020737046, -0.01833232, 0.014450618, -0.013196302, -0.011051346, -0.0044643283, 0.0026218186, 0.0068467874, 0.0033603068, 0.010145863, -0.0013721407, 0.009477884, -0.00030267812, -0.005024689, -0.017976064, -0.0075667207, -0.018896392, 0.0071548005, -0.025308993, 0.00983414, 0.0114595555, 0.019386243, -0.010665403, -0.017768249, -0.00190003, 0.0065053757, 0.00023147337, 0.029836407, 0.008349741, -0.008876703, 0.0076669175, -0.0075926976, 0.012914266, 0.004853983, -0.017694028, 0.0014055397, 0.008713419, -0.007392304, -0.0193714, -0.018050285, 0.012595121, 0.012283397, -0.023646466, -0.0030968261, -0.025323836, -0.0035569896, 0.0034159718, -0.005566494, 0.006427445, 0.022904268, 0.00708058, 0.010249771, -0.01978703, -0.011429868, -0.011607995, 0.0038779909, 0.020588607, 0.008179035, -0.015972126, -0.0265262, 0.0025642982, 0.010821264, -0.026986362, 0.0029279757, -0.011452134, 0.00916616, 0.0058745067, 0.0054551642, 0.006605573, 0.023334743, -0.0094556175, -0.0027034606, 0.013233412, 0.0005329918, 0.026333228, 0.009448196, 0.02395819, 0.0011940129, -0.007436836, -0.00038339227, -0.004590502, -0.009039986, -0.025873063, -0.0053067245, 0.00748879, 0.02321599, 0.0070100715, 0.00525477, -0.017560434, 0.012379883, -0.018065128, 0.0017682896, 0.006635261, -0.0069952277, 0.013634199, 0.0051026195, 0.036545888, -0.011036502, 0.00905483, 0.011095878, -0.011303694, -0.0035458566, -0.010309147, -0.0030226063, 0.0053957882, 0.030207507, 0.008535291, -0.020974549, 0.013136926, -0.017411994, 0.022414416, 0.008965766, -0.015229927, -0.019905783, 0.0050321105, -4.305335e-05, 0.0060006804, -0.00581142, 0.024581637, 0.008320053, 0.0051434403, 0.01877764, -0.015497119, -0.00700636, 0.010190395, 0.03636776, 0.004627612, -0.0062641613, -0.00024492573, -0.02153862, -0.006635261, 0.02116752, -0.010687669, -0.008765372, -0.020217506, -8.825212e-05, 0.0021542332, -0.017070582, -0.006716903, 0.019801874, 0.0036460536, 0.016922142, 0.023186304, -0.01803544, -0.014079519, 0.035447434, 0.017575277, -0.009232958, 0.016981518, 0.0025642982, 0.015467431, -0.00329722, 0.0048242947, 0.01222402, -0.010902906, -0.0044865943, 0.002451113, -0.015660403, 0.013493181, 0.0058373967, -0.0006058201, 0.015289304, -0.0143689765, 0.0041414713, -0.017857313, -0.006642683, -0.0039410777, -0.0010214517, -0.014621324, 0.0049950005, 0.005651847, 0.0016244885, -0.017337773, 0.003248977, -0.0049727345, -0.002668206, -3.319602e-05, -0.0012376171, 0.0013211146, -0.009270068, 0.0018193158, -0.026259007, 0.03051923, -0.029494995, -0.00368873, -0.004794607, 0.027283242, 0.018465916, -0.0012088569, -0.00061277824, -0.012268553, -0.0044754613, 0.00055154675, -0.0014138895, -0.0015873786, -0.01564556, 0.024581637, -0.02600666, 0.019401086, 0.01307755, -0.011081034, -0.0003506891, 0.013107237, -0.010487274, 0.0003891907, 0.0018248822, 0.008327475, 0.010041955, 0.011912297, -0.0034994693, -0.0063606473, -0.0018972467, 0.00611201, 0.004631323, -0.00756301, -0.030697359, -0.015088909, -0.01803544, 0.0034605036, 0.036456823, 0.0041377605, -0.010620871, 0.014554527, 0.012186911, 0.013983033, 0.0074702348, -0.011073612, 0.012847468, 0.013515447, -0.0027294375, 0.0022971064, -0.022102691, 0.014999846, 0.02723871, -0.003996743, 0.022147223, 0.01695183, -0.01680339, 0.011147832, 0.003289798, 0.005518251, -0.0028704554, -0.0037128516, -0.013886547, 0.010524385, 0.006219629, 0.025962127, -0.012491212, -0.02358709, -0.0138197495, 0.014294757, 0.0110290805, -0.009366554, -0.0032248555, -0.018451072, -0.0214644, 0.0004147038, 0.016239319, 7.839479e-05, 0.02280036, -0.009581791, -0.018451072, 0.0022637076, -0.011674793, -0.0060192356, -0.022147223, -0.018540137, 0.014509995, 0.0039559216, 0.0034957582, 0.0026849057, -0.010747044, 0.024507418, 0.013522869, -0.00034883362, -0.010858375, 0.010591183, 0.007214176, -0.0016105722, 0.009678277, 0.02802544, -0.01635807, -0.0049467576, -0.023690999, -0.00015945686, -0.002421425, -0.009225536, 0.008468493, 0.011570886, -0.010301725, 0.00879506, -0.0084313825, 0.0039188117, -0.0138197495, 0.009069674, -0.01050954, 0.008884124, 0.017560434, 0.026926987, -0.025190242, 0.007251286, 0.01885186, -0.013122082, -0.013552558, 0.0077782474, 0.003636776, -0.017382305, -0.019326868, -0.0053215683, -0.027565278, 0.0014630602, 0.016981518, 0.00044624726, -0.016847922, -0.008475915, 0.0074962117, 0.004312177, -0.028708264, -0.012995908, -0.0075259, 0.013871703, 0.009589214, -0.011830655, 0.0005186117, 0.0034252494, -0.013159192, 0.022236288, 0.0050914865, -0.0132631, -0.0119345635, -0.00078673114, 0.005748333, -0.017040893, 0.011600574, -0.005314146, 0.007503634, 0.0077485596, -0.008750528, -0.021375338, -0.013730685, -0.00060628395, 0.025516808, 0.017872157, 0.002469668, 0.00022950191, -0.018673731, 0.013047862, -0.018866703, 0.0077708256, -0.01088064, -0.011415023, 0.00879506, -0.0018861137, -0.0017720006, -0.009804452, 0.009381398, -0.01885186, 0.01106619, 0.002764692, -0.0018415818, -0.008950923, 0.0077337157, 0.010940016, -0.020707358, -0.0146807, -0.00916616, -0.0024232804, 0.0014946036, 0.0017636508, 0.020974549, 0.0030244617, 0.008446227, -0.015660403, 0.0060452125, -0.010932595, -0.0017488069, -0.0026700615, -0.016892454, 0.01643229, 0.023260523, 0.02459648, -0.021182366, -0.003521735, 0.009618902, 0.013738107, 0.00311167, -0.00059051224, -0.022889424, -3.7457867e-05, -0.0059264605, 0.018584669, 0.0031562021, -0.01564556, -0.0077559818, -0.021345649, -0.0043641315, 0.022340195, -0.0021542332, -0.01050954, 0.019237803, 0.00708058, -0.010502119, 0.016818235, 0.0057780207, 0.013589667, -0.009143895, 0.004675855, -0.028530138, -0.0035922441, 0.00012408642, -0.0059709926, 0.0069469847, -0.036159944, -0.013062706, -0.023898814, 0.0060192356, -0.016936986, -0.0047908956, -0.007455391, 0.0027442814, -0.00031427498, -0.01292911, 0.0033027865, 0.016135411, 0.0106950905, -0.010999392, -0.010131019, 0.007399726, -0.004460617, 0.022844892, 0.018896392, -0.006449711, 0.002362049, -0.01702605, -0.007429414, 0.012862312, -0.006486821, 0.009797029, 0.013901391, 0.006538775, -0.0059079058, 0.026837923, 0.0009806306, 0.048628893, -0.011674793, -0.005599893, -0.0051360186, -0.015014689, -0.0061565423, -0.014064675, -0.015615871, -0.011734169, 0.011867765, -0.011259162, 0.005314146, -0.0030801266, -0.00439753, -0.024759766, -0.0025531652, -0.0024603903, 0.006464555, -0.011489243, 0.0090028765, 0.041770972, 0.0011318538, -0.012008783, 0.011110722, 0.00014913565, -0.005763177, -0.0049356245, -0.00082801597, 0.0028407674, 0.018317476, 0.006497954, 0.02060345, -0.015348679, 0.01125174, -0.010116175, 0.0019278624, 0.0014213114, -0.012981064, 0.00023414065, -0.008349741, -0.020054223, 0.0031729015, 0.017768249, 0.0024993557, 0.009997423, 0.0066760816, 0.0152744595, 0.013300209, 0.018837016, 0.0018805473, 0.0031135257, -0.03488336, -0.0151557075, -0.016343227, -0.005314146, 0.0033918503, -0.0015474854, -0.021078458, -0.007934109, 0.011615417, 0.0028333454, -0.0060823224, 0.010405633, 0.013960767, 0.021137834, 0.0134857595, -0.003248977, 0.009158738, 0.0038891237, -0.006872765, 0.015185395, 0.0034104052, -0.0106950905, -0.007436836, 0.014918203, 0.028559824, 0.009359132, 0.0013276088, -0.014688122, -0.013886547, 0.01125174, 0.0021635108, -0.009544682, 0.0015725346, -0.02104877, -0.0053957882, 0.004783474, -0.0060897446, -0.007622386, -0.006694637, -0.026659796, 0.020930016, 0.01307755, -0.0111255655, 0.03200363, -0.00056128815, -0.012201754, -0.022815203, 0.0024715234, 0.008342319, 0.004423507, 0.03212238, -0.024462886, 0.033695843, 0.020291725, -0.01408694, -0.009039986, 0.018614355, -0.0071436674, -0.024967581, 0.021627685, -0.012802936, 0.0089063905, 0.003122803, 0.005462586, 0.023082394, 0.0254129, 0.0017246854, 0.009373976, -0.0059598596, -0.013530292, -0.0026440846, 0.011756435, -0.020781577, -0.019208115, 0.01759012, 0.005495985, 0.022904268, -0.0039559216, -0.015838532, -0.006587018, 0.0052287932, 0.0059635704, -0.004301044, 0.0032322775, 0.019237803, -0.033547405, 0.0063495142, -0.009255224, 0.008253255, -0.009151316, -0.02153862, -0.01687761, 0.01318888, 0.009433351, -0.0038742798, 0.0059672818, 0.0042156912, -0.017189333, -0.007436836, 0.0035050358, -0.017456526, 0.0006716903, -0.00469441, 0.030207507, -0.011637683, -0.014294757, -0.027283242, -0.0077411374, 0.008654043, 0.00056871015, -0.0012673051, -0.0038520137, 0.01978703, -0.0023713263, -0.0011114433, 0.009010298, -0.027001208, -5.2185883e-06, 0.0061676754, -0.0096857, 0.018762795, 0.032330196, -0.020930016, -0.0048985146, -0.018347165, -0.0214644, 0.039484996, 0.011222051, 1.1691087e-05, 0.0068282327, -0.005277036, 0.009507571, -0.009856406, 0.021301117, -0.009886093, 0.012825202, 0.016565885, -0.0085501345, -0.035388056, 0.015838532, -0.00432331, 0.002775825, 0.005470008, 0.004553392, -0.002321228, -0.017115114, 0.009218114, 0.01796122, 0.005458875, -0.016269006, -0.00027484563, -0.00027043885, -0.0109103285, -0.016387759, -0.009396242, 0.012758404, 0.00121999, 0.002742426, 0.006267872, 0.009618902, 0.01091775, -0.009218114, -0.003286087, 0.012142379, -0.017872157, 0.025160553, -0.0011402036, -0.003647909, -3.3862838e-05, -0.012402149, -0.00326011, -0.0016198497, 0.008038017, -0.0150369555, -0.012001361, 0.008683731, -0.014843984, -0.011786123, -0.0059116166, -0.004575658, -0.01128885, 0.010650558, 0.005859663, 0.005800287, -0.014072097, -0.00063272484, -0.016536199, -0.0146807, -0.0076149637, -0.006497954, 5.5433004e-05, 0.009106784, 0.011600574, -0.00886928, -0.021271428, -0.011838078, -0.017115114, -0.0033436073, 0.006356936, -0.010561494, -0.014799452, -0.0043529985, 0.0077040275, -0.0029409644, 0.014020143, -0.010628292, 0.0040969397, -0.0150369555, 0.029613748, 0.008780217, -0.0069766724, -0.005640714, -0.004738942, 0.01084353, -0.0024715234, 0.0042824894, -0.006293849, -0.0059413044, 0.013708419, 0.005644425, 0.0056704017, 0.026259007, 0.04001938, 0.018243257, 0.016536199, -0.01132596, -0.012914266, 0.019015143, -0.010049378, -0.010131019, 0.01744168, 0.00086651754, -0.009114206, -0.015601027, -0.0006772568, -0.012728716, -0.0066241277, -0.009596636, -0.011956829, 0.003859436, 0.01732293, -0.0034976138, 0.007897, 0.017011205, 0.023690999, -0.0069878055, 0.026466824, -0.01650651, 0.009225536, -0.03710996, 0.0019427064, 0.01084353, 0.015022112, 0.00041818287, -0.033220835, 0.022369884, 0.020826109, -0.019727655, -0.0019519839, -0.01255801, -0.0037276954, -0.0016708759, 0.029895784, 0.019445619, -0.0059709926, -0.007388593, 0.008691153, 0.002712738, -0.007396015, -0.011355648, 0.0094556175, -0.0035291573, -0.016105723, 0.0018870415, 0.0068393657, -0.00038385615, -0.0005404138, -0.0029947737, 0.0060563455, -0.002816646, -0.010724778, -0.001836943, -0.012513478, 0.012647075, 0.020796422, -0.005488563, 0.011808389, -7.421992e-05, 0.0044160853, -0.019772187, 0.012572855, 0.0067206137, 0.030341104, -0.004033853, -0.004479172, -0.002638518, 0.0087876385, -0.015883062, -0.0031487802, 0.010850952, -0.012654496, -0.005510829, -2.1932567e-05, 0.014985002, 0.026748858, 0.015630715, 0.004653589, -0.0038334588, 0.030148132, -0.0218355, -0.010153285, -0.013508026, 0.008112237, -0.0066278386, 0.0050543766, 0.019920627, 0.00666866, 0.017233865, 0.0030226063, -0.026125412, -0.0050617987, -0.008928657, 0.0028648889, 0.023898814, -0.02514571, -0.004594213, -0.0051063304, 0.009440774, -0.0022822625, 0.007329217, 0.0039559216, 0.01717449, -0.009329444, 0.0039225225, -0.023438651, -0.012914266, 0.0133670075, -0.011199786, 0.031469245, -0.00021744116, -0.0138197495, 0.0094556175, -0.010739623, -0.008475915, 0.00942593, 0.0075184777, -0.0026440846, 0.0018156047, -0.00035022525, -0.0034753478, -0.010004845, 0.008386851, -0.025427744, -0.00017174953, -0.004868827, 0.0034716367, 0.0032322775, -0.013418961, 0.013693575, 0.0035903887, -0.009641168, 7.978641e-05, -0.0069432734, -0.0009040914, -0.020321414, -0.020692514, -0.012624809, 0.0003393242, -0.003829748, -5.607083e-05, -0.0051545734, 0.032656766, 0.027862158, -0.0186292, 0.021672217, -0.0033695844, 0.02679339, -0.011593152, 0.006434867, -0.0149404695, -0.010331413, -0.0006220557, 0.017604966, -0.011845499, -0.0059338827, 0.019594058, -0.011823233, -0.02101908, -0.010724778, 0.023527715, 0.008223567, -0.002746137, -0.011229474, -0.0068170996, -0.0067094807, 0.037199024, -0.013752951, 0.0008725479, 0.03040048, -0.0050172666, -0.016447134, -0.009010298, 7.1320705e-05, 0.005432898, 0.0009806306, -0.014599058, 0.009938047, -0.022028472, 0.019297179, -0.01951984, -0.044739768, 0.02008391, -0.010264615, 0.009648589, 0.00447175, 0.011593152, -0.0036794525, 0.00655733, -0.014309601, -0.002131967, -0.0052881693, 0.028337166, -0.0029502418, -0.0027702586, -0.0035291573, -0.012313085, 0.0078005134, 0.013611933, 0.00447175, -0.011645106, 0.0019241514, 0.026585575, -0.016907297, 0.0059895474, -0.006330959, 0.016847922, -0.012936532, 0.016758857, 0.0042119804, -0.029673124, 0.015601027, -0.020039378, -0.006460844, 0.0030615716, -0.0040858067, -0.0023954478, -0.020840954, -0.010761889, 0.011385336, -0.014257646, -0.018718263, 0.020915173, -0.023156615, -0.012921688, 0.011526354, -0.003662753, -0.01482914, -0.001914874, 0.0060452125, -0.007889577, 0.0041117836, 0.018169036, 0.016669793, -0.032270823, 0.012068159, 0.01117752, -0.0033306188, -0.015467431, -0.014695544, -0.001400901, -0.0065165088, -0.012862312, 0.0033194858, 0.0051211743, -0.024344133, 0.0003286551, -0.009106784, 0.020187818, -0.0042082695, -0.02008391, -0.045333527, 0.016818235, -0.02477461, -0.0030337393, 0.03476461, 0.0067094807, 0.0062270514, -0.008082549, 0.003803771, 0.010902906, -0.0033974168, -0.009188426, 0.030059068, 0.014124051, 1.6844442e-05, -0.00020967127, -0.0061342763, 0.010524385, 0.027223866, 0.005703801, 0.009626323, -0.0040041646, 0.002228453, -0.0057075117, 0.0029131318, 0.0017896278, 0.00017348907, -0.0024381243, 0.012097847, -0.019475307, 0.008149347, -0.009396242, -0.03066767, -0.00050979806, -0.0036052326, -0.011600574, -0.009618902, 0.0037722273, -0.00581142, 0.007926688, -0.007325506, 0.016239319, 0.008186457, 0.020647982, -0.005714934, -0.028767642, -0.010227505, -0.0034994693, 0.00236576, 0.0193714, -0.014398664, -0.0051248856, 0.029198116, 0.008780217, -0.0049207807, 0.001818388, 0.01759012, 0.004627612, -0.018391697, -0.00804544, 0.0038371698, 0.018896392, 0.0034772032, -0.010999392, 0.0076966058, -0.0059301713, 0.00760012, -0.015170552, -0.024136318, -0.0001593409, -0.011511509, 0.007514767, -0.010828686, -0.011073612, -0.03301302, 0.0057075117, 0.0050283996, -0.004757497, 0.00872084, 0.027580122, 0.014799452, 0.008223567, -0.01482914, 0.017916689, 0.012595121, 0.017842468, -0.013975611, -0.018614355, 0.020989394, 0.0029075653, -0.009960313, 0.00025304354, 0.010108753, 0.021375338, 0.006872765, 0.02738715, -0.0075926976, 0.0005742766, -0.019579215, 0.010405633, 0.009106784, 0.031320807, 0.012379883, 0.016551042, -0.010747044, 0.044116322, -0.0041377605, 0.0034864808, -0.00942593, 0.0021635108, 9.752961e-05, 0.005677824, 0.015133441, 0.008030595, 0.0012125679, -0.026541043, 0.00016479142, -0.018747952, 0.005603604, -0.015148286, -2.3164732e-05, 0.0040004537, 0.0020354814, 0.023676155, -0.009826717, -0.006512798, 0.021508932, 0.008683731, -0.0111033, -0.0031265141, 0.0050914865, -0.0083348965, 0.008854437, 0.017085426, 0.00912905, -0.018169036, 0.003829748, -0.0017237576, -0.0019723943, -0.0050729313, -0.014747498, -0.033992723, 0.010902906, 0.0087876385, 0.0006048923, 0.007232731, 0.0229488, -0.02030657, 0.02030657, -0.0060006804, -0.0049727345, -0.005752044, -0.013589667, 0.0333099, -0.0080009075, 0.0038334588, 0.002783247, 0.002384315, 0.022607388, 0.016150255, 0.013864281, 0.009181004, -0.04266161, -0.012238865, 0.016521353, -0.024982424, -0.0032434105, 0.0020800133, -0.0037314065, 0.018198725, -0.0068913195, 0.0062270514, 0.010227505, 0.016818235, -0.016150255, 0.0035161688, -0.016862765, 0.0041377605, -0.0005826264, -0.015972126, -0.0119345635, 0.019445619, 0.009255224, 0.0063495142, 0.009322022, -0.014843984, 0.020202663, -0.017530745, -0.0387428, -0.008639199, 0.006457133, 0.010672824, 0.00039266975, -0.014933048, -0.016565885, -0.022117537, 0.016892454, 0.012958798, -0.01564556, 0.0083348965, 0.004698121, -0.012572855, -0.0017627231, -0.00898061, 0.006527642, 0.012231443, -0.005265903, 0.005666691, -0.00402272, -0.024195693, 0.021033926, -0.019683123, -0.018985456, 0.007904422, 0.023705842, -0.0048354277, -0.0077114496, -0.00916616, 0.0190003, 0.004616479, 0.013574824, 0.0036646086, -0.032211445, -0.008364585, 0.0122462865, -0.014027565, -0.018436229, -0.014814296, -0.008208723, -0.023498027, -0.012617386, 0.0069321403, -0.0017970498, 0.02529415, 0.01222402, 0.0051137526, -0.011711903, 0.0071473783, -0.01620963, 0.036872458, 0.0052473485, 0.00054644415, -0.007622386, -0.012921688, 0.008765372, -0.012461524, -0.016476823, -0.01114041, -0.018050285, -0.004312177, -0.009589214, 0.0022896845, -0.004382686, 0.00045320537, 0.012290819, -0.00872084, 0.025472276, 0.001667165, -0.017931532, -0.009255224, 0.0069358516, 0.0010158852, -0.008193879, -0.0048502716, 0.014094363, -0.009039986, -0.02709027, -0.010568917, 0.025472276, -0.009737654, 0.0016402602, -0.012862312, 0.02116752, 0.01106619, -0.0056592687, -0.036011506, 0.005614737, -0.00069766724, -0.022711296, -0.014584214, 2.0280013e-05, -0.0068096775, 0.022236288, 0.014472884, -0.0025754313, 0.014613902, 0.027624654, -0.008587245, 0.0020688802, 0.005488563, 0.0020354814, -0.019594058, 0.011741592, -0.036902145, 0.003692441, -0.0023453494, 0.018881548, -0.00044230433, 0.002191343, -0.002421425, 0.00030221423, 0.002306384, -0.007859889, -0.00076678453, 0.001386057, 0.004033853, -0.012238865, -0.022162069, -0.016135411, -0.00062854995, 0.014584214, -0.015096332, 0.02008391, -0.0072772633, 0.001423167, -0.009470462, 0.005533095, 0.0033287634, -0.011838078, -0.00236576, 0.0025104887, -0.023023019, -0.011726747, -0.044324137, 0.007897, 0.0011429868, 0.020276882, -0.019994846, -0.022592543, 0.044947583, -0.009440774, -0.00652022, 0.014101785, 0.009173582, -0.01761981, -0.008030595, -0.0034308159, 0.0043084663, 0.008386851, 0.018733108, 0.0034289602, -0.0078079356, 0.005703801, 0.020588607, -0.017723717, 0.00110866, -0.00121999, -0.008824748, 0.016447134, 0.014227958, -0.00032100116, 0.012350195, -0.0042490903, -0.033577092, -0.00652022, 0.005666691, -0.02075189, -0.0049950005, 0.004928203, -0.004738942, 0.015081488, -0.01125174, 0.015630715, -0.020618293, -0.015808843, 0.0063717803, 0.008676308, -0.018228412, 0.0049987114, -0.017679185, -0.016551042, -0.0104575865, 0.016536199, -0.0038631468, -0.001341525, 0.016610418, -0.0023453494, 0.0073626162, -0.008950923, -0.011949407, -0.038327165, 0.0051285964, -0.033695843, -0.0068356544, -0.0044049523, -0.015363524, 0.0067948336, -0.024566794, -0.010427899, 0.005919039, 0.015883062, -0.019059675, 0.0121275345, -0.005666691, -0.0050321105, -0.013456072, 0.0019594058, -0.0020280592, 0.012788092, -0.021137834, -0.0031506356, 0.022681607, -0.020365946, 0.0008011113, -0.022087848, -0.01434671, 0.008372007, -0.019772187, 0.0066129947, 0.004868827, -0.020692514, -0.0085501345, -0.008609511, 0.009767341, 0.013893969, -0.004635034, 0.002380604, 0.011763858, -0.014814296, -0.0056481357, 0.038059976, 0.010665403, -0.01099197, 0.026288696, -0.00091290503, -0.011719326, 0.0106950905, -0.015482275, 0.0040486967, -0.006479399, 0.0005849457, -0.007919266, 0.024952738, -0.0042565125, 0.014265069, -0.010108753, -0.0018536425, -0.004490305, 0.014072097, 0.0020484698, 0.0060897446, -0.018673731, -0.0005974704]"
リサとガスパールタウン,fromCluster,0.7421,19.0,0.9026,"[0.018550212, 0.0009769948, -0.0053576105, 0.020821407, -0.02832016, -0.0277365, -0.02664531, -0.018118812, -0.0035336758, -0.029588982, -0.048595972, 0.05445794, 0.020275813, -0.027051335, 0.006451972, -0.015086321, -0.016139446, 0.022635825, 0.02621391, -0.02044076, 0.007904775, 0.002613778, 0.018144188, -0.015631916, 0.038597636, 0.023638196, -0.0009309999, 0.012580393, 0.0013600211, 0.007955529, 0.021849155, -0.012371037, 0.020478824, -0.025719069, -0.07922539, 0.0037715803, -0.0026185361, 0.040983025, 0.045525417, 0.013589108, -0.0053639547, -0.010207691, -0.018207628, -0.009947583, 0.01022038, -0.054711703, 0.016139446, 0.021341626, -0.003819161, -0.013259214, -0.012599425, -0.038369246, 0.0019143387, 0.023853898, 0.028218653, -0.02347325, -0.013081579, 0.032329645, -0.009814356, 0.0018508974, -0.044434227, -0.012681899, -0.009903174, 0.00032434321, -0.00397142, 0.02427261, -0.018753223, 0.037734836, 0.013639862, -0.006509069, 0.061360344, 0.004177604, -0.018321823, 0.026670687, 0.030248772, 0.004015829, 0.010448769, -0.06526832, -0.0053544384, -0.0045645954, -0.017649347, -0.04377444, 0.034562774, 0.015999874, -0.010455112, 0.0037715803, -0.022090232, -0.060903568, 0.030933937, -0.010727909, -0.014654921, 0.017319452, -0.022432813, -0.017674724, -0.0328118, 0.00574143, 0.04862135, -0.0029547745, 0.036821283, -0.0030420064, -0.012669211, 0.0008072895, -0.005316374, 0.0019698497, 0.00624896, 0.028142523, 0.025769822, 0.0049166945, 0.017103752, -0.019159248, 0.040627755, 0.03423288, -0.00051228784, -0.051615775, 0.008856393, -0.00058722775, 0.048266076, 0.0074353106, -0.0032703946, 0.02195066, -0.019819036, -0.029360594, 0.031822115, -0.031948995, 0.033243198, -0.03321782, 0.007854023, 0.015987186, -0.002923054, 0.046641983, 0.022585073, 0.0063377777, -0.0025884015, 0.0137794325, 0.0124217905, -0.013018138, -0.021417754, 0.010302854, 0.013677926, 0.020174306, -0.023232173, -0.03337008, -0.01035995, -0.0056177196, -0.04679424, -0.017991928, -0.011451139, -0.020060113, -0.0033052873, -0.020821407, 0.00909747, 0.002345739, 0.04882436, 0.025516057, 0.00906575, 0.055879023, -0.03207588, -0.027685747, 0.011038772, 0.022661202, -0.024462933, -0.01611407, 0.06430402, 0.006369498, 0.01979366, -0.005881001, 0.027203593, 0.027355852, 0.0057858387, 0.0150609445, -0.012942008, 0.0016225091, 0.00583342, -0.044459604, 0.020999042, -0.0030324901, 0.020275813, -0.012478887, -0.03235502, 0.0031181357, -0.0065407893, -0.042556368, 0.01957796, -0.014439221, -0.015543098, -0.037430316, 0.02672144, -0.029639736, 0.050854478, -0.02470401, -0.017674724, -0.0011760416, 0.0010269547, -0.02672144, -0.015441592, 0.042074215, 0.0021046624, -0.00032473973, 0.009953927, -0.015911058, 0.009877797, -0.0124217905, -0.03415675, -0.030426407, 0.040221732, 0.03136534, 0.037861716, 0.02108786, 0.0011792136, -0.011762002, -0.015251269, -0.036795907, -0.021988725, -0.0076954197, 0.016951492, 0.029462101, -0.042911638, -0.023600133, -0.039714202, 0.033040185, -0.017091064, -0.031416092, -0.005798527, 0.0069721895, 0.017585905, 0.0303249, -0.025008528, 0.022204425, -0.0057858387, -0.00011042737, 0.007898431, -0.017027622, 0.052681588, 0.035933103, 0.009059406, -0.018626342, -0.046312086, 0.029208336, 0.055422246, -0.035933103, -0.041921955, 0.009243385, 0.010740598, 0.014553415, 0.026822947, -0.011165654, 0.005912721, 0.02715284, 0.069785334, 0.012307595, -0.011038772, -0.034968797, -0.023130666, 0.007213266, -0.034994174, 0.022648513, 0.018017305, -0.0012981659, -0.004390132, 0.011679528, 0.019831724, -0.04839296, 0.005119706, -0.011768346, 0.0064932085, 0.00037767348, -0.017281387, 0.015530409, 0.005789011, -0.0101823155, 0.011495548, -0.068364255, -0.0323804, -0.015225892, -0.01155899, 0.031745985, -0.022597762, -0.002972221, 0.002870715, 0.00028310643, 0.013170397, -0.020491512, -0.016507404, -0.054508694, -0.031517595, 0.0285993, 0.014997504, 0.049788665, 0.0041934643, -0.041896578, -0.004805672, -0.0037113111, 0.0037366876, -0.018943546, 0.013627173, 0.0046629296, 0.020453447, -0.019400325, -0.02021237, 0.01704031, -0.0049928236, -0.008520155, -0.01278975, -0.0316191, 0.015619228, 0.014147392, -0.0008128406, 0.025439927, -0.0009087954, -0.008596285, 0.016443964, 0.0281679, 0.0052783093, -0.0066359513, 0.0043425513, -0.033243198, -0.019260753, -0.018283758, 0.00092624174, -0.014629545, 0.054660954, -0.0076510105, -0.002659773, 0.0019254409, 0.009433709, 0.035704717, 0.00543374, 0.011362322, 0.0074289665, -0.026975205, -0.011229095, -0.022737332, -0.0073464927, 0.006883372, 0.05090523, -0.041718945, 0.001514659, 0.02405691, 0.00772714, 0.010315542, -0.020199683, -0.009034029, 0.0017890423, -0.021861844, -0.016799234, 0.020047424, 0.024082286, -0.028903818, -0.0022521631, 0.050955985, 0.0005642303, -0.012656523, -0.0027993436, -0.01797924, 0.04110991, 0.014147392, 0.0043425513, -0.009528871, 0.008570909, 0.0060713245, 0.0070292866, 0.025389174, 0.006832619, 0.01950183, 0.032583408, 0.012256843, -0.0015440006, -0.0068643396, -0.034207504, -0.007822302, -0.02065646, 0.021176677, -0.03633913, -0.020732589, 0.023587445, -0.028345535, 0.023130666, -0.016443964, -0.008526499, -0.041566685, 0.04042474, -0.02461519, -0.034055244, -0.01416008, -0.007238643, 0.031745985, 0.022953032, -0.018309135, 0.038952906, -0.0035907729, -0.021278184, -0.004548735, 0.01274534, 0.019057741, 0.0030039416, -0.00689606, 0.0051292223, 0.0025122722, 0.006312401, 0.00628068, -0.008691447, 0.046844993, -0.033623844, 0.014832556, -0.0015852373, -0.023993468, 0.0456523, -0.013195773, 0.015720733, 0.0013164053, -0.043520674, 0.014286961, 0.0161902, -0.036440633, -0.022090232, -0.012662867, -0.0022331309, -0.01336072, -0.018144188, 0.029132206, -0.018499458, 0.034918044, -0.0034702346, 0.023003785, -0.0040824423, 0.0006736664, 0.018968923, 0.04846909, -0.019590648, -0.010378983, 0.0004373479, -0.032101255, -0.038597636, 0.0050530927, 0.016558157, 0.009351235, 0.0042473893, -0.01459148, 0.030933937, 0.0075431606, -0.011787378, -0.013677926, 0.0018873762, -0.013487603, 0.0277365, 0.05887345, 0.004130023, 0.055929776, 0.020034736, 0.012244155, 0.007517784, 0.013081579, -0.0068516512, -0.027000582, -0.017598594, -0.01733214, -0.00187786, 0.028523171, -0.026949828, 0.059076462, -0.020910224, -0.011635119, 0.011793722, 0.0053607826, -0.02512272, 0.0026772192, -0.0025170303, 0.05511773, -0.012992761, 0.013665238, 0.0101442505, -0.0024266266, 0.05953324, -0.017611282, -0.031593725, -0.021582702, -0.019755594, 0.030807054, -0.04275938, -0.05047383, -0.042708628, -0.021709584, -0.032659538, 0.021481195, -0.045119394, 0.028954571, 0.07993593, -0.022547008, 0.00971285, 8.247358e-05, -0.00657251, -0.026467675, 0.030375654, -0.023600133, -0.010670813, -0.06526832, -0.011933293, -0.025757134, -0.055473, -0.0039904523, 0.062121637, 0.007815958, 0.012288564, -0.009890486, 0.01603794, 0.03197437, 0.027634993, 0.014185456, 0.0123837255, -0.007892087, 0.019628713, -0.016050627, 0.027558865, 0.015289333, -0.0017715959, -0.012612114, 2.9911542e-05, 0.0048025, -0.0024948257, -0.0187786, -0.024526374, 0.02044076, 0.0011593882, -0.0019936403, 0.017776228, 0.03552708, -0.010239412, 0.008253702, 0.013830185, -0.016976869, 0.0077652046, 0.04882436, -0.008260046, 0.014185456, 0.013614485, 0.013119644, -0.011876196, 0.03207588, 0.006838963, -0.013284591, -0.016723104, -0.02144313, -0.025668316, 0.019006988, 0.009357579, 0.020948289, -0.0020443932, -0.012263187, 0.021773025, 0.0076319785, -0.021722272, 0.0017081548, 0.026239287, -0.022420125, 0.00791112, 0.007936496, 0.009611344, 0.05098136, -0.02456444, -0.01979366, 0.021912595, -0.010613715, 0.03342083, 0.003072141, -0.004190292, -0.0003828281, 0.044256594, 0.0043203468, 0.0040285173, -0.0034258256, -0.0028945054, -0.023524003, -0.030883184, -0.0069785337, 0.0077017634, 0.022369374, -0.0452209, -0.016837299, 0.0065851985, -0.00080530695, 0.0014258414, -0.0030451785, 0.0106961895, 0.011121245, 0.034410514, -0.023270238, -0.034105998, -0.012872223, 0.033902984, 0.009440053, 0.007999937, 0.0073909014, 0.016215574, 0.0018318652, -0.054508694, 0.029132206, 0.018816665, -0.011489204, 0.0070229424, -0.03321782, 0.0013742953, -0.0007692247, 0.007670043, -0.0021078344, 0.0124217905, -0.007467031, 0.019857101, 0.0273051, 0.034105998, 0.0065851985, 0.010524898, 0.046692736, -0.00614111, -0.0104678, 0.002025361, -0.007923808, 0.025262292, 0.0047105104, 0.005056265, -0.0033179757, 0.009408332, -0.049179632, 0.022382062, -0.0039270115, -0.030933937, 0.017687412, 0.016380522, 0.0099602705, -0.032735668, -0.036592893, 0.0057255696, -0.0096303765, 0.0015281403, 0.0012204504, 4.5053177e-05, -0.0024678633, 0.01365255, 0.057756882, -0.00511019, 0.029538231, -0.053747397, -0.019260753, 0.031238455, -0.059330225, 0.0024218685, -0.012434478, 0.01054393, -0.04674349, -0.03474041, 0.020681836, 0.022115609, 0.0141093265, 0.019032365, -5.1793806e-05, 0.027076712, -0.019692153, -0.0070165987, -0.02000936, -0.008012625, 0.009421021, 0.00837424, -0.008196605, -0.012110928, 0.0047612633, 0.006616919, 0.034131374, -0.016253639, 0.01950183, 0.026366169, -0.015149763, -0.011007051, -0.007562193, -0.025693692, 0.008304455, 0.00024940327, -0.00509433, -0.037582576, -0.020986354, -0.02563025, -0.023625508, -0.012796094, -0.0032021953, -0.019527206, 0.02044076, 0.01603794, -0.0057509462, -0.014959439, 0.038623013, 0.040703885, 0.02311798, -0.0053607826, -0.010772319, -0.0040951306, -0.016545469, -0.012129961, 0.023968091, -0.03364922, 0.03197437, -0.037430316, -0.03458815, -0.03154297, 0.003225986, -0.006366326, -0.0048818015, 0.0009865109, -0.015999874, -0.005795355, 0.017230634, -0.0054749767, 0.015441592, 0.01885473, -0.0018953063, -0.0063250894, -0.036567517, 0.018715158, 0.007968217, 0.030274149, 0.0032925992, -0.00032216244, 0.028979948, 0.013627173, 0.033852234, 0.020351943, 0.009148223, 0.0012125203, 0.0059793345, -0.006845307, -0.0051958356, 0.0014512178, 0.004799328, -0.027685747, 0.02434874, -0.004589972, -0.0032608786, 0.008869082, 0.04534778, -0.007860366, -0.026010899, 0.011457483, -0.009934895, -0.0030102858, -0.0034353419, -0.008234669, -0.0009991991, 0.006166486, -0.0127516845, -0.013284591, -0.031517595, 0.0042347014, 0.0164059, -0.028979948, 0.010398015, -0.008260046, -0.024957774, -0.02996963, 0.0038984627, 0.028878441, 0.023739703, -0.028573923, -0.049306512, 0.013677926, -0.011762002, 0.006318745, -0.00077993044, -0.02165883, 0.0187786, 0.01582224, -0.00084773323, -0.014401156, -0.015949123, -0.021113237, -0.022635825, 0.0026106061, 0.0015297263, 0.023993468, -0.0024123522, 0.022229802, -0.0026232942, -0.009782636, 0.022153672, 0.008938868, -0.007974561, 0.011152966, -0.0007914292, 0.0065534776, 0.02037732, 0.017966552, -0.0074924077, -0.012294908, -0.022394748, 0.022014102, -0.022902278, -0.009579624, -0.018803976, -0.006674016, -0.019197311, 0.027000582, -0.0009468602, 0.030959314, -0.00044726057, 0.02181109, 0.02434874, -0.002759693, 0.0016859503, 0.0069214366, 0.006277508, 0.03451202, 0.017725475, 0.01416008, 0.0044028205, 0.0010689845, 0.030781679, -0.008792953, -0.005846108, -0.01386825, -0.0055891713, 0.0013227493, -0.03083243, 0.009459086, -0.0388514, 0.038470753, 0.015923746, -0.019552583, -0.02261045, -0.014692985, -0.006838963, 0.017179882, -0.0017636658, 0.0064487997, 0.023282927, -0.018981611, 0.04217572, -0.005411536, 0.029639736, 0.01603794, -0.017205257, -0.027711123, 0.037836343, 0.05329062, 0.018106123, -0.01674848, -0.038521506, -0.0056684725, -0.019679464, 0.044281967, -0.013919002, 0.006103045, -0.035197187, -0.0033021152, 0.013335343, -0.028548548, 0.010131562, 0.005015028, -0.027178217, 6.8001056e-05, -0.02722897, 0.025820576, 0.013487603, -0.0065534776, 0.006559822, 0.06597886, 0.010023712, -0.0024186964, 0.015403527, -0.0110260835, -0.020453447, -0.00085249136, 0.012523296, 0.020745277, 0.009053062, -0.0008279079, -0.024462933, -0.017928489, 0.021113237, -0.0033687286, 0.048164573, 0.012034799, -0.0101442505, -0.041845825, 0.007980905, -0.032253515, 0.0030546945, -0.006991222, 0.010810384, -0.014692985, 0.0023330508, 0.0073401486, 0.026087029, -0.02122743, -0.029335218, 0.019819036, 0.017788917, -0.029868124, 0.01256136, 0.0128595345, 0.01979366, -0.0033274917, 0.009738226, -0.012294908, 0.0037335155, -0.00119666, -0.019514518, -0.010423392, 0.027102087, -0.0040412056, -0.011679528, 0.02462788, 0.0009849248, -0.024716698, 0.035806224, -0.01950183, -0.020098178, -0.0151370745, -0.0025249603, -0.0032196417, 0.0013164053, -0.013436849, 0.022229802, 0.014794491, 0.012535985, -0.0036193214, 0.0028215481, 0.016202888, 0.010956298, 0.015568474, -0.022953032, -0.006458316, 0.014401156, 0.05699559, -0.0037208274, -0.011717592, -0.0014551829, -0.0017287731, 0.019539895, 0.02044076, 0.04788543, 0.0023298787, -0.013436849, -0.009750915, 0.002188722, -0.019730218, -0.02058033, -0.036288377, -0.0027898275, -0.020707212, 0.01602525, -0.010499521, 0.020554954, 0.008063379, 0.0036954507, -0.014058573, -0.044434227, -0.024691321, 0.014223521, 0.03430901, 0.030705549, -0.023282927, -0.008748543, -0.020618396, -0.0045138425, 0.03392836, 0.029639736, 0.0014258414, -0.009547903, 0.017674724, -0.017370205, -0.015327398, -0.0009754087, 0.018410642, 0.01459148, -0.005576483, 0.018550212, 0.0028516827, 0.00614111, 0.035044927, 0.006769178, 0.0023140183, 0.009072094, -0.022407437, 0.008742199, 0.02824403, 0.036415257, 0.01805537, -0.03509568, 0.011133933, -0.026594557, -0.0127136195, 0.02181109, 0.01306889, -0.019260753, 0.01502288, 0.016621599, -0.017826982, -0.018930858, 0.016976869, -0.008932523, -0.056234293, 0.0060744965, 0.0020269467, 0.021861844, 0.020174306, 0.0056462684, -0.019882478, -0.0025170303, 0.023942715, -0.0025995038, -0.001303717, -0.016723104, 0.01220609, 0.0024964118, -0.016482027, -0.009433709, 0.02485627, -0.021405065, -0.005113362, -0.014781803, 0.0007787409, -0.011685872, -0.01645665, 0.02513541, -0.02809177, -0.02925909, -0.0003990849, 0.019324195, -0.0073655252, 0.0020554955, 0.0004480536, 0.021341626, -0.017357517, -0.0043425513, 0.018981611, 0.0035844287, 0.008551876, 0.012548673, -0.014515351, -0.00093020685, 0.0035844287, 0.03684666, -0.012066519, 0.011895228, 0.009306827, 0.017344829, 0.0068072425, 0.0037969567, 0.019184623, 0.009503494, -0.0023853898, -0.01086748, 0.005601859, -0.025604874, 0.045703053, -0.036922786, 0.010125218, 0.011857163, -0.050727595, 0.0030483503, -0.018689781, 0.006163314, 0.018334512, -3.4000528e-05, -0.018029993, 0.026569182, -0.010283821, -0.021773025, 0.011996734, 0.010156939, 0.011800067, 0.011717592, 0.025160786, 0.017167194, 0.006150626, 0.0027232142, 0.023194108, -0.010905545, 0.042911638, 0.0057255696, -0.015441592, 0.010417048, 0.012142649, 0.021265496, 0.010562963, 0.017357517, -0.012758029, 0.041795075, -0.02339712, -0.004529703, 0.0041173347, -0.0140712615, 0.0031688889, 0.03199975, -0.00082394277, 0.00837424, 0.0035812566, 0.038115483, 0.0070546633, -0.03763333, 0.0047771237, -0.042353354, 0.005113362, -0.01488331, -0.0006415493, -0.0039396994, 0.017357517, 0.00167009, -0.043875944, -0.0010325058, 0.006616919, 0.03090856, -0.0037462038, 0.027533488, -0.0072196103, 0.010772319, 0.009427365, 0.010321886, -0.010150595, -0.020986354, 0.03986646, 0.027609617, -0.011850819, 0.017382894, -0.01776354, 0.021049796, -0.005887345, 0.0074226223, -0.0032434321, -0.014248897, 0.010131562, -0.0255795, -0.0034099654, 0.016279016, -0.013335343, -0.0037303434, -0.020567643, -0.010137906, 0.00094844616, 0.012808781, 0.0036320097, 0.0009547903, 0.040044095, 0.0073655252, -0.0039365273, -0.009300482, -0.0065851985, 0.0036700743, 0.0105502745, -0.020973666, 0.0038984627, 0.033623844, -0.034283634, 0.004497982, 0.01217437, 0.0076573547, -0.025389174, 0.019768283, 0.026899075, 0.014122015, 0.00626482, -0.015441592, 0.005944442, -0.0007478133, 0.0033592123, 0.01588568, -0.007936496, 0.00068714767, -0.024183791, 0.008520155, 0.0046312087, -0.03973958, 0.04463724, 0.011007051, -0.0074226223, -0.020669147, 0.010664469, -0.018600965, -0.0063821864, -0.015314709, -0.010429736, -0.024374114, -0.007498752, -0.005519386, 0.0051863194, 0.0077905813, -0.022267867, 0.01568267, -0.01573342, -0.0043457234, 0.0011911088, -0.033699974, -0.014122015, -0.011286193, -0.012694587, -0.027381228, 0.0062299273, 0.0072640195, -0.0050245444, -0.0028659569, 0.0050277165, 0.029081453, 0.008063379, 0.007898431, -0.02961436, 0.015669981, 0.0026312245, -0.017953863, 0.020605708, 0.039054412, 0.002607434, -0.008412305, 0.009776291, 0.017814294, 0.019755594, -0.028979948, -0.011679528, -0.006648639, -0.019387636, 0.022635825, 0.023879273, 0.0075495047, 0.0101442505, -0.0024995839, 0.046641983, -0.021455819, -0.020897537, 0.022940343, 0.009459086, 0.009649409, -0.002088802, 0.0005638338, -0.010835759, -0.0067057367, -0.008139508, -0.030451784, 0.017611282, -0.0071752016, -0.002702596, -0.00978898, -0.013284591, -0.00820295, -0.026036276, -0.014198144, -0.014198144, -0.005836592, 0.0008398031, 0.006451972, 0.0034131375, 0.020453447, 0.0044059926, 0.014642233, 0.0030483503, -0.01610138, 0.005015028, -0.003809645, 0.031822115, -0.015124386, -0.0073274607, -0.018207628, 0.016913429, -0.031035444, 0.0075431606, 0.0120538315, 0.013995132, -0.005011856, 0.014451909, 0.037658706, 0.034918044, 0.003593945, 0.008539188, 0.0366944, 0.0032735667, -0.009110158, 0.0024694493, -0.018537523, 0.008894458, -0.024374114, -0.030096512, -0.0161902, -0.0038984627, 0.016291704, -0.01588568, -0.027279723, 0.0074289665, 0.021037107, -0.008209294, -0.031948995, -0.004856425, 0.0047739516, 0.01719257, 0.007409934, 0.0075939135, -0.0183472, 0.0048881457, -0.0127136195, 0.008025314, 0.018892795, 0.03004576, 0.009985647, 3.2117117e-05, -0.0006046741, -0.02122743, 0.022064855, -0.004501154, 0.0120538315, -0.008114131, -0.0019270269, -0.021049796, -0.016926117, -0.013525668, 0.0014781803, 0.012472543, -0.018042682, -0.005113362, -0.019882478, -0.023815833, 0.0030134579, 0.021367002, -0.02918296, 0.030350277, -0.00511019, 0.007206922, 0.0073147723, -0.014553415, 2.6665137e-05, -0.016355146, -0.008304455, 0.019489141, -0.014972127, 0.008672414, -0.006306057, -0.0071244487, -0.014743739, 0.0027771392, -0.029233713, 0.004009485, -0.034461267, 0.0113179125, -0.00024266265, -0.008545532, 0.00820295, -0.0034797506, -8.816099e-06, -0.013398785, 0.00047818816, 2.470738e-05, 0.0043964763, -0.009459086, 0.002391734, -0.0005170459, 0.02311798, 0.0028548548, -0.020643773, 0.0091926325, 0.0062743365, 0.011647807, -0.009490806, -0.047580913, 0.013957067, 0.0105502745, 0.019463765, 0.0022331309, 0.0025328905, -0.0063885306, -0.034461267, 0.007676387, 0.03986646, 0.017712787, 0.008437682, -0.0024171104, -0.020047424, 0.007841335, -0.011279848, -0.011438452, 0.014261586, 0.012688243, -0.03677053, 0.010797695, -0.0047422308, 0.013880938, -0.016088692, 0.023168731, 0.013157709, 0.014540726, 0.015035568, 0.014096638, 0.0137794325, 0.003381417, 0.033623844, -0.019616025, -0.007822302, 0.019019676, 0.001359228, 0.015340086, -0.004726371, -0.019514518, -0.00016445153, 0.023219485, 0.005170459, 0.007828646, 0.018651718, 0.010169627, 0.017420959, -0.0057255696, -0.006509069, -0.015416215, -0.008418649, 0.02498315, -0.030172642, 0.01086748, 0.01582224, -0.016837299, 0.0154289035, 0.011413075, -0.014286961, -0.015302021, -0.0012894428, -0.0087168235, 0.0075685373, 0.0002523771, 0.008183917, 0.009275106, -0.007562193, 0.007156169, -0.014781803, 0.01488331, 0.014921374, 0.009160912, -0.019273441, -0.021620767, 0.02376508, 0.0038826023, 0.0034004492, 0.018029993, 0.023308303, 0.029208336, -0.01494675, 0.0050277165, 0.0034765787, 0.014489974, -0.004580456, -0.017700098, -0.0070356308, 0.0064075626, 0.018689781, -0.017560529, -0.014667609, 0.017674724, 0.031669855, -0.03136534, -0.0045106704, -0.023029162, -0.027051335, -0.02079603, -0.0059349257, -0.01000468, 0.036136117, 0.015314709, 0.01416008, 0.006877028, 0.018182253, 0.014934062, -0.016976869, -0.02867543, -0.012618458, 0.022737332, 0.004523359, -0.017002245, -0.006217239, 0.004688306, 0.00096668553, 0.0033465242, 0.008843706, -0.004383788, 0.006959501, -0.0013473328, -0.013893627, -0.010937266, 0.00302456, -0.0031371682, -0.020047424, -0.027076712, -0.0032640505, 0.0019190968, 0.010499521, -0.0035019552, 0.023993468, 0.009230697, -0.009719194, 0.018600965, 0.014540726, 0.0038159892, -0.016152134, 0.0058714845, 0.008837362, 0.006528101, -0.019336883, -0.0014694572, -0.022153672, 0.001098326, 0.002404422, -0.0019206828, 0.0024995839, 0.013766744, -0.02434874, 0.017446334, 0.004846909, -0.029538231, -0.0053100297, 0.040577002, -0.015543098, 0.009357579, 0.007777893, 0.007359181, 0.018842041, 0.018144188, 0.013018138, -0.00554159, 0.015403527, -0.009332203, 0.021798402, -0.009110158, -0.014451909, 0.010556619, 0.009465429, -0.01094361, 0.026163157, -0.00054638745, 0.0056494405, -0.0005372678, 0.010670813, 0.020174306, -0.039993342, 0.0021268667, -0.014020509, -0.021646144, 0.011368666, 0.025744446, 0.013931691, -0.03603461, -0.024133038, -0.0073909014, -0.021937972, -0.015771486, 0.00028905403, 0.011279848, -0.0009286208, -0.001566205, -0.0024266266, 0.017446334, -0.0189943, 0.0015598609, -0.004691478, 0.02513541, -0.0014432877, -0.026594557, 0.0016732621, 0.0029991835, 0.000119150536, -0.010169627, 0.018829353, -0.016431276, 0.007980905, 0.0038445378, -0.011235439, 0.02253432, -0.006359982, -0.022394748, -0.0019666776, -0.0285993, 0.004900834, -0.024805516, -0.013157709, -0.0038572259, 0.0041998085, 0.028548548, -0.018448705, 0.009198977, 0.022039479, -0.013259214, -0.0009873039, 0.020136243, 0.0049262103, -0.020643773, 0.0018857901, -0.0329133, 0.0032481903, 0.011489204, 0.023739703, 0.009363923, -0.008221982, 0.012802437, 0.010239412, 0.003235502, 0.0031339962, 0.014921374, 0.0060396036, -0.0032513624, -0.016152134, 0.024171103, 0.0077905813, 0.011806411, -0.00066494325, 0.033826858, 0.0023869758, -0.0099602705, 0.0036859347, -0.02137969, 0.00037965603, 0.008615317, 0.022077544, 0.004130023, -0.0044535734, 0.015708046, -0.0005705744, 0.005522558, 0.016697729, -0.020859472, -0.0074924077, -0.015302021, -0.0015035569, 0.004555079, 0.0029325702, 0.023067227, 0.011914261, 0.000990476, -0.01580955, 0.0011094282, 0.01725601, -0.017865047, -0.0046851337, -0.00068595813, -0.007409934, 0.005516214, 0.044434227, 0.030020384, -0.005747774, 0.0011022912, -0.02195066, -0.00075336447, 0.018930858, -0.021874532, 0.009871453, -0.022077544, 0.003495611, -0.0018731019, -0.0059539583, -0.00039492158, 7.806243e-05, 0.010271133, -0.0051355665, 0.0094844615, 0.012402758, -0.005376643, 0.00668036, 0.02333368, 0.014337715, 0.0009254487, -0.011152966, -0.020313878, -0.02448831, 0.021316249, -0.025528746, -0.009566936, -0.00016564105, 0.022369374, 0.008114131, -0.011622431, -0.00877392, -0.009890486, -0.0012244155, -0.01416008, -0.0073464927, 0.0019904682, 0.0060713245, -0.013094267, -0.0018128328, -0.008329832, 0.017712787, 0.024970463, 0.00033445415, 0.0057858387, -0.009021341, 0.008012625, 0.011800067, 0.00801897, 0.0012672383, 0.012231466, -0.008380584, 0.024386803, 0.030883184, 0.0004282282, -0.02910683, 0.027838005, -0.007999937, -0.0025741274, -0.015390839, -0.009186288, -0.01097533, 0.017420959, -0.015314709, 0.009662097, 0.027482735, -0.004609004, -0.008672414, 0.024551751, -0.005382987, -0.0031736467, 0.004050722, 0.013855562, 0.010899201, 0.0042569055, -0.023498626, 0.028548548, 0.0060300874, 0.04882436, -0.030274149, -0.009446397, 0.012707275, 0.028142523, -0.01624095, 0.01155899, 0.0026439128, -0.005636752, -0.029715866, 0.009218008, 0.009205321, 0.00044170948, -0.019463765, 0.010302854, 0.030096512, -0.004168088, -0.00032335194, -0.0052529327, -0.016545469, -0.023244862, -0.0046692737, 0.01827107, -0.0068072425, 0.0068072425, -0.0051419106, -0.004488466, 0.0024107662, -0.009693818, 0.0056113754, 0.013639862, 0.002036463, -0.0063377777, 0.028624676, -0.010981674, 0.009027685, -0.049027372, 0.023663573, 0.017167194, 0.014058573, 0.035197187, -0.0021665175, -0.016773857, -0.005373471, 0.019971294, -0.0056526125, 0.006109389, 0.0037430318, 0.028650053, -0.01674848, 0.001569377, 0.003337008, 0.00013035188, 0.023790456, 0.014426532, 0.0068072425, -0.004526531, -0.032583408, -0.012440822, 0.02165883, 0.008469403, 0.00971285, 0.0077969255, 0.018093435, 0.013081579, -0.0014194972, 0.0058143875, -0.0037969567, -0.024818204, -0.004907178, -0.011584366, -0.011984046, -0.015543098, -0.010816728, -0.00968113, -0.010264789, -0.0076827314, -0.00053409574, -0.01582224, -0.029233713, -0.013589108, 0.009427365, -0.0011284606, 0.0035146433, 0.0076510105, 0.0020523234, -0.011939636, -0.0038445378, 0.011806411, -0.016761169, 0.005896861, 0.009636721, 0.0022870558, 0.00046629293, 0.01260577, 0.00848209, -0.011286193, -0.0055098697, -0.015949123, 0.03222814, 0.020022048, -0.006934125, -0.001456769, -0.014515351, -0.003286255, -0.009122847, -0.033395458, -0.0038572259, -0.009763603, 0.014566103, -0.011197374, 0.009243385, -0.0036256656, -0.0049991678, -0.0104741445, 0.019057741, -0.018550212, -0.015441592, 0.0030673828, -3.3802273e-05, 0.0018937204, 0.0049769636, -0.000520218, -0.033522338, -0.012491575, -0.0026692892, -0.022052167, -0.009795324, 0.00086835166, 0.00512605, 0.0017890423, -0.012434478, -0.016076004, -0.015530409, -0.00030868116, -0.00657251, -0.002391734, 0.016634287, 0.030350277, 0.01516245, -0.021696895, 0.010715221, 0.021328937, 0.02000936, -0.013322655, 0.02030119, 0.03552708, 0.028776936, 0.011470172, 0.008285423, 0.015314709, -0.012834158, -0.0024789656, 0.0035590522, -0.012643835, -0.014819868, 0.008475746, 0.009763603, -0.028650053, -0.012022111, -0.0015995117, -0.0102521, 0.012910288, -0.015390839, -0.0050879857, -0.0041998085, -0.016164823, 0.0050784694, 0.013639862, -0.018600965, 0.0029341562, 0.011616087, -0.006195035, 0.013614485, -0.00035507255, -0.0161902, 0.026391545, -0.0062901964, -0.008792953, -0.015834928, -0.011241783, -0.00046589642, 0.027508112, -0.03588235, 0.00059674395, -0.0014900756, 0.0027232142, -0.0017493916, -0.014502662, 0.026975205, -0.0049357265, -0.023067227, -0.040044095, 0.018651718, 0.0021712757, -0.0007636736, 0.022128297, -0.019400325, -0.0017033967, 0.0016907085, -0.006845307, 0.013817497, -0.019565271, 0.0094844615, -0.0068008984, 0.014895998, 0.005944442, 0.002452003, 0.012688243, -0.001307682, -0.005538418, -0.026493052, -0.004551907, 0.0039967964, -0.010721565, 0.0038223332, 0.0027882415, -0.00866607, 0.0078032697, -0.012326628, -0.0017969725, 0.01086748, 0.023600133, 0.012187057, -0.03192362, -0.01574611, 0.0061728302, 0.03684666, -0.0033592123, -0.008780264, -0.007460687, 0.0115399575, 0.0049262103, 0.0072767073, -0.008945212, 0.013335343, -0.017509775, 0.010892857, -0.0032481903, 0.00035427953, 0.000117267125, 0.0018366232, -0.01914656, -0.007467031, -0.009370267, 0.007073696, 0.00015671963, 0.024310675, -0.00020955427, 0.001042815, -0.016888052, -0.013931691, -0.017382894, -0.0016478855, -0.0050721252, 0.013538356, 0.003129238, -0.0055130417, 0.023663573, -0.023346368, -0.018283758, 0.026239287, -0.00063084357, -0.009643065, -0.013183084, -0.01568267, -0.018029993, 0.017052999, 0.025871327, 0.004526531, 0.0185629, 0.013639862, 0.006007883, 0.0017049827, -0.005535246, -0.0056082034, -0.008583597, -0.007993593, 0.024006156, -0.008729511, 0.012339316, 0.0004123679, -0.006902404, 0.03814086, -0.002869129, 0.017522464, -0.029411348, 0.028370911, 0.008672414, -0.0044852938, -0.0028247202, -0.0042315293, -0.028370911, 0.0049991678, 0.025097346, 0.0070229424, -0.017497087, 0.0104678, -0.0044630896, -0.03146684, 0.005585999, -0.0040951306, 0.0071244487, 0.027533488, 0.020199683, -0.0056557846, 0.0014401156, -0.012821469, 0.029233713, 0.005056265, -0.020694524, 0.022864215, 0.025097346, 0.005122878, 0.0006173623, 0.011336945, 0.00354002, -0.01086748, -0.0057255696, -0.025325734, -0.0053576105, -0.011311569, 0.01437578, 0.017103752, -0.0058112154, 0.02925909, 0.006902404, -0.0012085552, 0.014984815, -0.020834096, -0.033979114, 0.01429965, -0.004241045, -0.0017097407, -0.004812016, -0.012599425, 0.017953863, 0.011781034, 0.0033528684, -0.011102213, 0.035222564, 0.012415446, 0.031060819, 0.0033179757, -0.024513686, -0.011616087, -0.020199683, 0.008862738, -0.0082727345, -0.0056621283, -0.019565271, 0.0057668067, -0.012878567, -0.02832016, 0.029436724, -0.007841335, 0.011730281, -0.007955529, 0.010023712, -0.0015202102, -0.0015773072, 0.011787378, -0.002025361, 0.0067755217, 0.0024218685, 0.0036351816, -0.0068008984, 0.006150626, 0.006004711, 0.0068897163, -0.0024282124, -0.009122847, -9.570702e-05, 0.03400449, -0.018930858, 0.01783967, 0.006521757, -0.0062299273, -0.02122743, 0.022508943, -0.00072679843, 0.011622431, -0.02347325, -0.01256136, 0.009160912, -0.020186994, 0.0059856786, -0.020199683, -0.009820701, -0.02130356, -0.019222688, -0.022521632, 0.011362322, 5.7691857e-05, -0.0022696096, -0.010683501, -0.024145726, 0.0072259544, -0.008329832, 0.018474082, -0.012079207, 0.0058651404, -0.0060269157, -0.006413907, -0.0030626247, 0.042657875, 0.007409934, 0.00678821, -0.001876274, -0.020136243, -0.005636752, -0.00027240074, -0.00574143, -0.0055320743, -0.006781866, -0.014312338, 0.0040285173, 0.009249729, 0.018372577, 0.008894458, -0.015479657, 0.002769209, -0.015606539, -0.018664407, -0.018296447, 0.008044346, 0.007441655, 0.0063377777, 0.005881001, 0.013906315, -0.0024186964, -0.0011562161, -0.013474914, 0.01805537, 0.0059349257, -0.003752548, -0.024082286, 0.0078349905, 0.0018667578, -0.014845245, 0.01914656, 0.018613653, -0.00418712, -0.0016811922, -0.013259214, 0.009693818, -0.003961904, -0.007073696, 0.02173496, 0.0017969725, 0.015441592, -6.919057e-05, 0.009624032, 0.005097502, -0.011184687, 0.002095146, 0.0077081076, 0.007213266, 0.002975393, 0.013601797, -0.0049833073, 0.00070538704, 0.010061777, -0.009268762, 0.0060935286, -0.010410704, -0.0073338044, -0.022470878, 0.02448831, 0.002926226, 0.01043608, -0.0036859347, -0.017433647, -0.0027327305, 0.0050435765, 0.0023124323, 0.0038730863, -0.0069214366, -0.0012965798, 0.010493177, -0.0073655252, -0.020910224, -0.0023695293, -0.01668504, -0.014464597, 0.011330601, 0.034486644, 0.019704841, -0.0038889465, -0.021100549, -0.008780264, 0.00291671, 0.003237088, 0.0038001288, 0.020681836, -0.01776354, 0.016520092, 0.01776354, 0.00035130573, 0.0031926793, -0.00794284, 0.019324195, 0.00056105823, -0.015911058, 0.01108318, -0.00023711154, 0.007923808, 0.015771486, -0.027838005, -0.0021681036, 0.0060998728, 0.003860398, -0.0064900364, 0.0050245444, -0.00081521965, -0.01488331, -0.01957796, 0.006055464, -0.0056177196, 0.03618687, -0.006927781, 0.017560529, -0.025465304, 0.010309198, -0.029233713, -0.015225892, -0.003911151, -0.00313241, 0.013297278, 0.025465304, -0.011685872, -0.0033623844, 0.0009873039, -0.014134703, 0.0027866554, -0.016621599, 0.003381417, -0.007467031, 0.027254347, -0.0072640195, 0.009363923, 0.009662097, -0.012085551, 0.0031355822, -0.0023124323, -0.017205257, 0.01682461, -0.015302021, 0.0062743365, 0.030578665, -0.008697791, -0.0050721252, 0.010505865, -0.016431276, -2.7879441e-08, 0.0073147723, -0.010258445, -0.008608973, 0.02996963, 0.017103752, 0.027381228, 0.010442425, -0.03864839, 0.033674598, -0.0070165987, -0.0041934643, -0.009237041, 0.008526499, -0.025021216, 0.0048025, 0.0012466199, -0.0026280524, 0.0001470052, -0.013627173, -0.0019492314, -0.024500998, 0.0105502745, 0.0077905813, -0.008520155, 0.0054940092, 0.0004393304, -0.010581994, 0.013601797, 0.0089579, 0.007784237, -0.015276644, 0.0039841086, 0.015403527, 0.017687412, -0.009306827, 0.0018683438, 0.016329769, -0.010727909, -0.0026661172, -0.0068072425, -0.0029785652, -0.010391671, -0.005062609, 0.0030086997, 4.696137e-05, 0.031441465, -0.0033084594, 0.010163283, -0.014667609, -0.00030749163, 0.019768283, 0.005370299, -0.0045963163, 0.0021744478, 0.03136534, -0.035298694, 0.028041018, 0.008209294, -0.027355852, -0.013677926, 0.013639862, 0.01032823, -0.011298881, 0.027558865, -0.016659664, 0.009725538, 0.012161681, 0.034841917, 0.011704904, 0.006934125, 0.0066105747, -0.003130824, 0.009332203, 0.01602525, -0.005693849, -0.0073972456, -0.026340794, 0.019882478, 0.02080872, -0.0070356308, 0.017014934, 0.023422496, -0.014096638, 0.007447999, -0.005113362, -0.007815958, 0.02715284, 0.007663699, -0.03098469, 0.0086026285, 0.013728679, 0.0042029805, 0.00040760983, -0.0039967964, 0.0050467486, 0.019463765, -0.023282927, -0.014502662, 0.01725601, -0.016520092, -0.034105998, -0.0060681524, -0.01177469, -0.004437713, 0.025084658, -0.0005118913, 0.03040103, -0.0003017423, 0.013271903, 0.008583597, -0.02216636, 0.0053925035, -0.0034194815, -0.001565412, -0.01314502, -0.005573311, -0.0038350215, 0.0012989589, 0.012079207, -0.033953737, 0.031035444, 0.005639924, -0.011191031, 0.010581994, -0.0101442505, -0.003933355, -0.0026407407, 0.010125218, 0.0002922261, 0.0064932085, 0.018918172, 0.0082727345, 0.008304455, -0.0036573862, 0.028954571, -0.0026788053, 0.008754888, -0.006220411, 0.007137137, -0.006940469, 0.010562963, -0.008856393, 0.0033148036, 0.012447166, 0.010994363, -0.008488434, -0.015619228, -0.0075748814, -0.029538231, 0.039105166, 0.015010192, 0.0040951306, -0.017687412, -0.0046661017, -0.0134114735, -0.03083243, 0.0039174953, -0.006277508, 0.011425763, -0.016888052, -0.00438696, 0.03314169, 0.021570014, -0.008539188, -0.0022299588, -0.017941175, 0.019197311, 0.017788917, -0.008152196, 0.014934062, 0.0035273316, 0.007498752, -0.0051863194, -0.0073845577, 0.021265496, -0.0134114735, -0.025833264, -0.008507467, 0.02824403, -0.011210063, 0.0123837255, 0.021100549, -0.023409808, -0.020275813, -0.012326628, 0.0042029805, 0.0068072425, 0.020643773, 0.0020190168, 0.01126716, 0.0004857218, -0.02079603, -0.014616856, -0.0034543741, 0.005738258, 0.0031466843, -0.0194257, -6.641502e-05, -0.005367127, -0.018359888, 0.028421665, -0.0038508817, -0.0063758423, -0.0036193214, -0.0067564896, -0.016646976, -0.00718789, -0.0019175108, -0.016063316, 0.004380616, 0.004228357, -0.006001539, -0.019590648, -0.00047382657, -0.005884173, 0.010011024, -0.00057493604, 0.008501123, -0.0038001288, 0.019095806, 0.011248128, -0.014857933, 0.0028247202, 0.0042505614, 0.011717592, 0.0012450338, -0.018461393, -0.004758091, -0.0091165025, 0.0068072425, -0.00082394277, -0.02037732, -0.00070181844, -0.017382894, 0.005471805, -0.008748543, -0.007409934, -0.005827076, -0.0020491513, 0.0036161493, -0.011032428, 0.010169627, -0.009966615, -0.024171103, -0.0067057367, 0.0023695293, -0.02333368, 0.015352774, 0.0025995038, -0.011945981, -0.005636752, -0.0063568098, -0.007555849, 0.005598687, -0.014122015, -0.005056265, 0.014045885, 0.0039238394, 0.0005178389, 0.01603794, -0.003072141, 0.0007720003, -0.0067564896, -0.011888884, -0.003749376, -0.0076002576, -0.016926117, 0.034765787, 0.016862676, 0.009179944, -0.0060205716, 0.00989683, 0.005827076, 0.01220609, -0.025401862, -0.0063917027, 0.006195035, -0.00029975973, -0.019730218, 0.0044567455, -0.0016875364, -0.0025741274, 0.017649347, -0.0048215324, 0.0070102545, 0.0025265464, 0.015086321, -0.010632748, 0.017014934, 0.013271903, -0.009332203, 0.008380584, 0.0011260816, -0.0033338359, -0.012110928, 0.014274274, 0.0010087154, 0.006090357, -0.0020475653, -0.0016431275, 0.020034736, -0.0043520676, -0.00167009, 0.022407437, 0.032583408, -0.007505096, -0.001198246, -0.0012386898, 0.014274274, -0.009046718, 0.029639736, 0.02044076, -0.015771486, 0.0017430474, 0.022800773, -0.008564564, 0.012250499, 0.00198571, -0.0073845577, -0.014439221, 0.023828521, -0.01645665, 0.0023695293, -0.011806411, -0.011203718, -0.0128975995, 0.025845952, -0.0052973414, 0.0147310505, 0.012168026, -0.0015876164, -0.013259214, -0.013309967, -0.016228262, -0.008710479, -0.00090562337, 0.011343289, -0.030680172, 0.009103814, -0.037075046, -0.0082727345, -0.004012657, 0.006648639, 0.018715158, 0.0053639547, -0.004158572, 0.009186288, -0.0049706195, -0.0074353106, -0.010715221, 0.013284591, 0.022597762, 0.002023775, 0.00334018, -0.00071767875, -0.028117146, 0.0076256343, 0.014210832, 0.0020031563, -0.014274274, -0.0016907085, -0.00968113, 0.0039428715, -0.004726371, -0.012916632, -0.0065788543, 0.016596222, 0.011533613, -0.006115733, -0.007923808, 0.012180714, 0.0059317537, 0.01660891, -0.03146684, -0.012599425, 0.017611282, -0.0072640195, 0.02058033, 0.012783405, 0.010626404, 0.012288564, 0.012834158, -0.009833389, -0.0060427757, -0.0052434164, 0.0087168235, 0.0062457877, -0.011057804, 0.025668316, 4.6217916e-05, -0.0008746958, -0.017154505, 0.020986354, -0.0057604625, 0.00438696, -0.008361552, 0.009947583, -0.01725601, -0.015111698, -0.0147310505, 0.004133195, -0.015314709, -0.010594683, -0.007904775, -0.009078438, 0.012320284, -0.008444026, 0.03090856, -0.01043608, 0.008133164, 0.0019000644, -0.0061728302, -0.007854023, -0.015403527, 0.0029769791, 0.019451076, 0.0053639547, -0.0041363672, 0.023105292, 0.0050277165, 0.008653382, -0.01386825, 0.011387698, -0.018042682, 0.029335218, 0.012929319, -0.013525668, 0.012694587, -0.006902404, 0.012396414, -0.028269406, -0.0017049827, -0.0034543741, -0.006781866, -0.016253639, 0.008513811, 0.005896861, 0.004961103, 0.0055035255, -0.0001982538, 0.024665944, -0.018372577, 0.015187827, 0.014692985, 0.017103752, -0.017014934, 0.009877797, -0.0031910932, 0.0072830515, 0.02245819, 0.009560592, 0.0017985585, -0.011584366, 0.01573342, -0.012466199, 0.029639736, -0.01278975, -0.006084013, -0.017281387, 0.027076712, -0.009040373, 0.015010192, -0.0076256343, -0.0057065375, 0.0009595484, 0.0064868643, 0.01668504, -0.011812754, -0.0062679923, 0.008469403, -0.012079207, 0.008139508, 0.013474914, 0.0151370745, -0.01776354, 0.0067120804, -0.010169627, 0.0053988476, 0.006737457, 0.0063219173, -0.00794284, 0.0010880169, 0.0031910932, 0.0038730863, -0.002555095, 0.020986354, 0.00386357, -0.01568267, 0.023346368, 0.013386097, 0.0019714357, 0.0062870244, 0.0072576753, -0.036592893, 0.005839764, 0.0045138425, 0.0011768346, -0.017141817, -0.014972127, -0.024209168, -0.013931691, 0.0035622243, -0.024171103, -0.015010192, 0.0089705875, -0.010429736, 0.0016034767, 0.0061315936, 0.012110928, -0.006724769, -0.018309135, -0.025186162, 0.00044448502, -0.016253639, 0.033040185, -0.004647069, -0.006451972, 0.02275002, -0.0073147723, -0.016951492, 0.005893689, 0.0012482059, 0.004180776, 0.01256136, -0.005912721, 0.006471004, 0.0022870558, 0.008850049, -0.0034067933, 0.0036891068, 0.012307595, -0.012155337, -0.027457358, 0.02044076, 0.0041363672, -0.001515452, -0.017598594, 0.009795324, 0.009414677, -0.005801699, -0.017459022, 0.01086748, 0.0048754574, -0.0052402443, 0.019666778, -0.009268762, 0.0039745923, -0.024843581, 0.01137501, 0.009421021, 0.009084783, -0.008171229, -0.0055574505, -0.0009135535, 0.018410642, 0.013855562, 0.012269531, -0.015010192, 0.007409934, -0.005601859, -0.0011506651, -0.0024932397, 0.0069468133, 0.009700162, 0.008107787, 0.0017351173, 0.0024361426, -0.0049388986, -0.0056748167, -0.01936226, -0.00594127, -0.0010206106, -0.0012688243, -0.009046718, -0.009744571, -0.01819494, -0.007606602, -0.0010261617, -0.021899907, -0.014172767, -0.013830185, -0.017306764, -0.0020475653, -0.01263749, -0.01950183, -0.020618396, -0.009839732, -0.023714326, -0.018626342, -0.00554159, -0.03192362, 0.0037335155, -0.012244155, -0.020821407, -0.0036891068, 0.026315417, -0.015695358, 0.015289333, 0.02969049, 0.0031910932, -0.025148097, 0.01842333, -0.016723104, -0.01523858, -0.012047487, 0.00834252, 0.000101357255, 0.020846784, -0.00104678, -0.0070039104, -0.0019587476, 0.02080872, 0.0070673516, 0.010772319, 0.0043013142, -0.019552583, -0.01115931, 0.00033584193, 0.0035305037, -0.033902984, -0.00034436685, 0.0011363908, -0.020960977, 0.03047716, 0.007517784, -0.014413844, 0.037075046, -0.0062457877, 0.0004750161, 0.0038001288, 0.00024008536, 0.0027929996, -0.0067184246, 0.009903174, -0.0041173347, -0.02412035, 0.0074226223, 0.00022025997, -0.0038413657, -0.0060364315, 0.012091896, 0.0021125926, -0.005789011, 0.027254347, -0.007105416, 0.0164059, -0.027888758, 0.0043013142, -0.023524003, 0.0020586674, 0.0053576105, -0.025224227, -0.0015313124, -0.010962642, 0.012618458, 0.0013798465, 0.009903174, 0.0055606226, 0.008583597, 0.001308475, 0.007517784, 0.015492345, 0.01979366, -0.027102087, -0.013348032, -0.019311506, 0.003819161, 0.006781866, 0.0024123522, -0.004961103, 0.011000707, -0.018600965, 0.028142523, 0.010131562, 0.015365463, 0.0038413657, 0.011704904, -0.0023869758, 0.009211665, -0.0035146433, -0.0007759654, -0.0056653004, 0.004222013, 0.007898431, 0.008279079, -0.034461267, -0.021202054, -6.517594e-05, -0.0037810965, -0.003961904, 0.008241014, 0.0050816415, -0.0057636346, 0.002039635, 0.0014797663, -0.030527914, 0.016913429, -0.0066105747, -0.016862676, -0.012891255, -0.014959439, -0.02347325, 0.0062838523, 0.017700098, 0.0066867042, 0.007860366, 0.0046026604, 0.012478887, -0.017776228, 0.033116315, 0.019159248, 0.012967384, 0.0039872807, -0.004700994, 0.0095225265, -0.021189366, -0.01545428, -0.003914323, 0.02519885, -0.021760337, -0.0031482703, -0.006629607, 0.01416008, -0.007162513, -0.011076836, 0.00324026, -0.02058033, -0.0025392347, 0.024500998, -0.01249792, -0.01000468, 0.008520155, 0.010378983, -0.019273441, 0.028624676, 0.023003785, -0.013855562, -0.0007573295, 0.052224807, 0.012516952, 0.00028845927, -0.027254347, -0.03575547, 0.017014934, -0.01885473, 0.012415446, -0.013830185, 0.014388468, -0.02470401, 0.015111698, -0.010163283, 0.021608079, 0.01336072, 0.0044059926, -0.01603794, 0.005122878, -0.00086993765, 0.01097533, 0.016659664, -0.013424161, 0.008729511, 0.013627173, -0.010423392, -0.003451202, 0.0030562805, -0.022305932, 0.003279911, 0.0012164853, 0.0021458992, -0.0053068576, 0.0035431918, -0.004758091, 0.0013552629, 0.008247358, 0.030248772, -0.0003364367, -0.010620059, -0.003654214, -0.0004643104, 0.0061220773, -0.012878567, 0.011336945, 0.012738996, -0.008336176, -0.0151370745, -0.029208336, 0.0012101412, 0.0026486707, 0.0026756332, -0.0057826666, -0.004393304, 0.0033274917, 0.0017890423, 0.021912595, 0.013170397, 0.005471805, -0.0011070492, -6.805062e-05, 0.018220317, -0.023244862, 0.01704031, -0.0026661172, 0.0073655252, -0.015492345, 0.037506446]"
トーマス,fromCluster,0.7056,18.0,0.8551,"[0.008101009, -0.029832777, -0.0034038175, 0.00914655, -0.002385383, 0.017425688, -0.047273953, 0.017843904, -0.0048365965, 0.0094408505, 0.008542459, 0.030142566, -0.0009952004, 0.018138204, -0.0072103622, 0.002509299, -0.050371855, 0.0127556035, -0.071499534, -0.021561384, 0.0104012, -0.0027319605, 0.011880446, 0.018138204, 0.005320643, -0.0004160383, 0.011206653, 0.0036632668, -0.013375184, -0.016542787, -0.010137877, 0.047893535, 0.010137877, -0.021607852, 0.013576547, 0.012337387, 0.008798036, 0.026115296, 0.0004203947, 0.02293995, -0.004968257, -0.030158056, -0.046313606, -0.0084727565, -0.025619633, 0.008341095, -0.016093591, 0.02318778, 0.020353204, 0.033891026, -0.009309189, -0.006679847, 0.0020988272, 0.033085573, 0.0064475043, 0.03587368, 0.051858846, 0.00016505999, -0.005088301, -0.030452358, 0.0014821516, -0.008960675, -0.014025742, 0.005231579, -0.012314153, 0.005812435, 0.04804843, 0.015621161, -0.0050147255, 0.005614944, 0.0032934549, 0.013785655, 0.0007507567, 0.029027322, 0.033271447, -7.853661e-05, 0.04745983, 0.010323752, -0.037670463, 0.0103392415, 0.0026816197, -0.035780746, 0.039405286, 0.024380473, -0.012825306, -0.018060757, 0.013305481, -0.05731115, 0.011895936, 0.014041232, 0.027710715, 0.030312952, 0.001671898, 0.0009981047, 0.010362475, 0.040241722, 0.0059518404, -0.015419797, 0.030220015, 0.020570057, -0.0033631576, -0.009680937, 0.010563839, 0.017828414, 0.040086824, -0.0012527133, -0.022614669, 0.001353395, 0.0101998355, 0.013530078, 0.029538477, 0.02354404, -0.0489778, -0.0334883, -0.031381726, -0.034758437, -0.01472277, -0.017797435, 0.0019720069, -0.023869319, -0.022258412, -0.027788162, -0.018447995, -0.042874936, -0.012236705, -0.031397216, -0.011988873, 0.029228687, 0.024643794, 0.018401526, -0.027122114, 0.025774527, -0.004112462, -0.0066023995, -0.028748512, 0.019934986, 0.025325332, 0.01675964, -0.033643194, -0.0029759202, -0.01795233, -0.0010687755, 0.0070089987, -0.01827761, -0.03413886, -0.0073187887, -0.012190237, 0.025247885, 0.020244777, 0.0056807743, -0.021886664, -0.06778205, -0.021514915, 0.03559487, -0.0014008316, 0.0067689116, -0.040768363, 0.040303677, -0.00032721568, -0.004701063, -0.049659338, -0.0030901553, 0.003562585, 0.012445813, -0.0023272973, -0.020616524, 0.047242977, 9.2573966e-05, 0.023745403, 0.021824706, -0.02882596, 0.026099807, 0.0062422683, 0.011322824, -0.0056033265, 0.026192745, 0.012143768, -0.025882954, -0.002675811, 0.021762747, 0.009882301, 0.013328714, 0.015892226, -0.044826612, -0.021174146, -0.0032605398, -0.0061377143, 0.012794327, 0.013855358, -0.069578834, 0.013700463, -0.00047727022, -0.014459448, -0.0002239927, 0.04464074, 0.008070029, 0.010346986, -0.028423233, 0.019361874, 0.008619906, -0.0047049355, -0.015024815, 0.03249697, -0.02354404, -0.028624596, -0.0023350422, 0.013584292, 0.008736078, -0.010261794, 0.0032547312, -0.032187182, -0.011872701, 0.023404634, 0.016325934, 0.011686828, 0.03996291, -0.060501985, -0.017146876, -0.001466662, -0.0035277337, 0.015745077, 0.0032140713, 0.030576274, -0.011957894, -0.02077142, 0.022583691, -0.015776055, 0.033302426, 0.0046700845, 0.017100409, 0.02730799, 0.026301172, 0.015117752, 0.008248159, -0.04488857, -0.009464084, 0.033829067, 0.0035044993, 0.0127556035, -0.003014644, -0.021189636, 0.044330947, -0.008751567, -0.042843957, 0.052695278, 0.010664521, -0.012360621, -0.0033515405, 0.027710715, 0.01425034, -0.026998198, -0.033271447, 0.020910826, -0.004031142, -0.030793127, 0.0031211341, 0.005707881, -0.017766457, 0.017627051, -0.030870574, -0.02041516, -0.0031714751, -0.037763402, 0.006265503, 0.006687592, -0.016527297, 0.015706353, -0.017735478, 0.025356311, -0.0045500407, -0.011586146, 0.004867575, -0.024272047, -0.010695499, -0.009680937, -0.02293995, -0.038166128, -0.018757785, -0.023420123, 0.004286719, -0.005398091, 0.034789417, -0.024334004, -0.038630813, 0.035439976, 0.023466593, -0.008008071, 0.019919496, -0.0076169614, -0.010889119, -0.022862501, 0.023296207, -0.007322661, -0.029492008, 0.052850176, -0.033952985, 0.020817887, -0.050093044, -0.018184673, -0.015419797, -0.0016428551, 0.0044416143, -0.012910498, -0.021499425, -0.0019942732, -0.0015925142, 0.0105483495, -0.014165148, 0.03587368, -0.009982983, 0.0029158983, -0.006416525, 0.016604744, -0.024086172, -0.022831524, -0.0014879601, -0.03565683, 0.017410198, -0.031815432, -0.024628306, -0.042843957, 0.005978947, 0.00074155984, -0.03401494, 0.011315079, 0.004058249, 0.014188382, -0.019392854, -0.0044958275, 0.013677228, -0.0052741747, -0.022877991, 0.028020505, 0.0070167435, 0.027509352, -0.022273902, 0.017859394, -0.009409871, -0.04083032, -0.030080609, 0.009510553, 0.03503725, -0.021390999, 0.012918243, 0.009193018, -0.0057582217, 0.029058302, 0.027958548, -0.014180637, 0.018091736, 0.0004574243, -0.052571364, 0.014838941, 0.016511807, 0.018540932, -0.026657429, 0.02724603, -0.014691791, 0.024907116, 0.009417616, -0.001496673, -0.01984205, 0.004356422, 0.025418269, -0.008302372, -0.034572564, 0.018757785, 0.025882954, -0.056846466, 0.018478973, -0.02970886, 0.0010765203, 0.01284854, 0.017812924, 0.019330896, -0.009595745, -0.0034619032, -0.03807319, -0.0118572125, -0.012709134, -0.015621161, -0.046003815, 0.030901553, 0.03531606, -0.034634523, 0.020895336, 0.002509299, -0.03565683, 0.0073032994, 0.08190848, 0.0032605398, 0.012740114, -0.0014066402, -0.016093591, 0.009347913, -0.025123969, 0.0076479404, -0.0028926642, -0.018602889, -0.023032887, -0.014242595, -0.019640686, -0.0281754, -0.028764002, 0.035687808, -0.030855084, 0.018138204, 0.0278811, 0.021762747, 0.026750367, -0.022088027, 0.0011404144, -0.007237469, -0.029321624, -0.026502535, -0.025278864, 0.006412653, -0.02603785, -0.015295881, -0.020972783, 0.020570057, -0.0011036269, -0.009533787, 0.005216089, 0.012469048, 0.036679137, 0.012236705, 0.0035664574, -0.015171966, -0.0032160075, 0.007229724, 0.0048714476, -0.02204156, 0.045755982, -0.0065636756, -0.028671065, 0.00011447709, 0.010168857, -0.010176602, 0.00557622, 0.0065094624, 0.0011074992, 0.023451103, 0.045972835, -0.03590466, 0.038259067, -0.02230488, -0.02819089, 0.05235451, 0.06567548, 0.034572564, 0.0042673573, 0.0055684755, 0.002294382, -0.008790291, -0.012709134, -0.02414813, 0.02324974, -0.01984205, 0.02199509, 0.029894736, 0.05758996, 0.031784452, -0.047242977, -0.036710113, -0.033829067, -0.020508097, 0.028903406, -0.021545894, -0.0012352876, -0.024303025, -0.03652424, 0.053128984, 0.055855136, -0.016991982, 0.037639484, -0.030917041, 0.0028461956, -0.0102695385, -0.032342076, 0.009510553, 0.001507322, 0.044114094, 0.02324974, 0.022893481, 0.029275155, 0.039281372, 0.0011307335, -0.010083664, 0.03757753, 0.030979, -0.020662993, 0.006513335, -0.004553913, -0.0050340877, -0.017162366, -0.045725003, 0.021019252, 0.0012711071, 0.024628306, 0.030250993, 0.027369946, 0.027788162, -0.043432556, -0.006153204, -0.010943332, 0.0060060536, 0.013475865, -0.01472277, 0.018339569, 0.012190237, -0.05703234, 0.047273953, 0.0011588082, -0.03810417, 0.011911426, -0.032187182, 0.037298717, 0.010168857, -0.0040195254, -0.02882596, 0.019795582, -0.031319767, 0.0027338967, 0.012592964, -0.017379219, -0.0015228115, 0.0365862, -0.04656144, -0.05824052, -0.010571584, 0.015566948, -0.019330896, -0.007899645, -0.02137551, 0.0042363782, 0.008534715, 0.050216958, -0.012956967, -0.027323479, 0.0013166075, -0.016868066, 0.026068829, -0.00079480495, 0.0014143849, -0.002807472, 0.01703845, -0.003336051, -0.004894682, 0.0077486224, 0.005483283, -0.0084727565, -0.024303025, -0.029213198, 0.028407743, -0.009038123, -0.033829067, -0.008279137, -0.02204156, 0.009278211, 0.018881701, -0.011841723, 0.0012740113, -0.0061260974, -0.0024725115, 0.027369946, 0.015373329, 0.01576831, 0.0037097353, -0.0054445593, 0.0079848375, -0.0275868, -0.021096699, 0.0054794108, 0.011485464, 0.026843304, 0.008093264, -0.011988873, -0.00580469, -0.0123451315, 0.0306847, -0.02202607, -0.018633869, 0.0021356149, -0.033860046, -0.010285028, 0.0011336377, -0.02727701, 0.00022012032, 0.005328388, -0.0073342784, 0.00011471911, 0.041697733, 0.008898717, 0.009549277, 0.038042214, 0.0052741747, 0.0057040085, 0.0073497677, 0.007365257, -0.0022014452, -0.0066992086, 0.016589254, 0.006296482, 0.0061958, -0.001651568, 0.034541585, 0.017828414, 0.007752495, 0.025325332, 0.02323425, 0.02228939, -0.0021743386, 0.009247231, 0.028640086, -0.003665203, 0.013971529, 0.031815432, -0.014149658, 0.027137604, 0.0016263975, -0.04064445, 0.013437142, -0.009890046, 0.016821597, -0.011531932, -0.012399345, -0.019346386, -0.005893755, -0.0042518675, 0.0044803377, -0.0051967273, 0.008449522, -0.041976545, 0.034789417, -0.0036884372, 0.021282572, -0.00021419075, 0.03906452, 0.011144695, 0.00976613, -0.02664194, -0.0063894186, 0.0010184346, -0.014738259, 0.002726152, 0.013499099, -0.004007908, -0.0061686933, 0.018835232, -0.020229287, 0.00024589582, -0.020972783, 0.017270792, 0.02879498, -0.03906452, -0.007930624, 0.047242977, -0.0059440956, -0.015923206, -0.032899696, 0.0012488409, 0.019965965, -0.0025577038, 0.00960349, 0.01705394, -0.029073792, -0.00224985, -0.020027924, -0.0032663483, -0.00082772016, -0.04151186, -0.008519225, 0.01830859, -0.0010978183, -0.021762747, 0.0017222387, -0.009355658, -0.0458799, -0.0044958275, 0.0024744477, 0.013553312, 0.005328388, 0.009572511, -0.0039382055, -0.011175674, -0.023822851, 0.014653067, 0.028934386, 0.008131987, -0.008627651, 0.012337387, -0.016589254, 0.02879498, 0.0011588082, -0.028686553, 0.009363403, -0.029461028, 0.0029836649, 0.005072811, -0.006408781, 0.013832123, -0.018649358, 0.0062306514, 0.011679083, 0.016852576, 0.005916989, -0.050960455, -0.021267083, -0.030793127, 0.0084727565, 0.008627651, -0.0010649031, -0.023977745, -0.015683118, 0.02351306, 0.0118572125, -0.014358766, -0.014474938, -0.0072878096, 0.010292773, 0.03494431, -0.0075898548, 0.014784728, 0.0470571, 0.004611999, -0.00032527948, 0.035563894, 0.029073792, -0.006958658, -0.0153191155, -0.009897791, 0.027385436, -0.0133132255, -0.027912078, 0.013259012, 0.0208024, -0.024969073, 0.021189636, -0.010780692, 0.048544094, 0.01984205, -0.034200817, 0.0035470955, -0.0011336377, 0.05145612, -0.033674173, 0.004000163, 0.015760567, -0.014513661, -0.007384619, -0.013266757, -0.022583691, -0.028856939, -0.004821107, 0.016279465, -0.0099907275, 0.014428469, -0.0050689387, -0.02201058, -0.02323425, -0.00612997, -0.013189309, 0.036772072, -0.015721843, -0.012972456, -0.00092743384, -0.032125223, 0.0137934, -0.018184673, 0.004151186, -0.021267083, 0.011454485, 0.0055800923, -0.002139487, -0.010873629, -0.013204799, 0.010982055, -0.04399018, 0.01441298, -0.013204799, 0.0016312379, -0.007163894, 0.0058163074, -0.014645322, -0.01953226, -0.03937431, 0.02324974, 0.021716278, -0.018602889, -0.03748459, -0.015094518, 0.012856285, 0.028949875, 0.013398417, 0.0154585205, -0.0017745158, 0.007082574, 0.01146223, -0.015675373, -0.008085519, 0.028082464, 0.00084853417, 0.053407796, -0.0019584536, 0.018928168, 0.007442705, -0.030281972, -0.021886664, 0.0114467405, 0.022785055, 0.02721505, 0.0110982265, -0.0038665663, -0.0017299835, 0.013266757, 0.03497529, -0.008875484, -0.0063661844, -0.0070670843, 0.030127078, 0.016914533, 0.022661138, -0.00720649, 0.010331497, 0.00014327788, 0.03342634, 0.006672102, -0.0010678074, -0.008774802, -0.007496918, 0.010695499, -0.041109134, -0.009448595, -0.014660812, 0.0097816195, -0.0038355875, 0.0011733297, 0.022273902, 0.046220668, -0.0041666753, -0.030220015, 0.004263485, -0.028686553, 0.00056052627, -0.0009942323, 0.016232995, -0.024318514, 0.0055374964, -0.012019852, -0.001177202, 0.03351928, -0.0013262884, 0.0151797095, 0.0028655576, -0.018525442, 0.012724624, 0.021933133, 0.018711315, 0.024349494, 0.029863756, -0.0020620397, -0.0148311965, -0.071375616, 0.018649358, -0.00076237385, 0.012221215, -0.027184073, -0.00013432301, -0.012623942, -0.010718734, 0.010966566, -0.040303677, -0.003831715, 0.022955438, 0.05449206, -0.012352876, 0.0081939455, 0.017611561, -0.014583364, -0.04247221, -0.0071406593, -0.011632615, -0.0053748563, 0.006207417, -0.0365862, 0.012360621, 0.040675428, -0.01425034, 0.016171038, 0.02194862, 0.018370546, -0.035192143, -0.035780746, 0.016217506, -0.016465338, -0.019114044, 0.0038685026, -0.010021706, 0.033209488, -0.006741805, 0.018974638, -0.0045810197, 0.021576874, -0.015938696, -0.016976492, 0.04368039, -0.0029178346, 0.016821597, -0.01669768, -0.010083664, 0.006416525, -0.0016157485, -0.009541532, 0.018664848, -0.011384782, 0.0036942458, 0.0067456774, -0.012608453, 0.0059131165, -0.031722497, -0.010741969, 0.007938369, 0.0078028357, 0.025325332, -0.028423233, -0.015892226, 0.019625196, 0.021530405, -0.0127556035, -0.0069625303, 0.00274745, -0.03286872, -0.025820997, 0.013506844, 0.017781947, -0.0052122166, -0.004015653, -0.017518625, -0.011500954, -0.010494136, -0.018045267, 0.014761494, 0.01889719, -0.032404035, 0.00073429913, -0.041666754, 0.03193935, 0.011632615, -0.0025170438, 0.016976492, 0.0027435776, -0.018649358, -0.011934659, 0.039126478, 0.018076247, -0.01795233, 0.008008071, -0.0073265336, 0.013623015, 0.0061415867, -0.006753422, -0.026347639, -0.012112789, -0.033054594, -0.022335859, -0.026471555, -0.010672266, 0.0028694298, -0.014498172, -0.03469648, 0.016604744, 0.025573164, -0.024984563, -0.006339078, 0.010602563, -0.018122716, 0.026208233, -0.0026370874, 0.0008625715, 0.048451155, -0.007578238, 0.0071600215, -0.0154585205, 0.019377364, -0.015853504, -0.032001305, 0.0052122166, 0.04241025, -0.023838341, -0.027726205, 0.010726479, -0.0013775975, -0.0046507223, 0.0056110714, 0.008643141, -0.020632014, -0.04299885, 0.018912679, -0.011191164, -0.056288842, -0.0034251157, -0.01889719, 0.004437742, -0.00054068037, -0.0075743655, 0.0154585205, -0.046871226, 0.012190237, 0.014134169, -0.03444865, 0.017766457, 0.0077331327, -0.055576324, -0.0030630487, 0.0066256337, 0.037360676, 0.019036595, 0.020198308, 0.062360726, -0.0005082492, -0.030405888, 0.01677513, -0.011485464, 0.006544314, 0.025433758, -0.0017764521, 0.028655576, 0.01302667, 0.016294954, 0.017270792, 0.009355658, 0.013723697, 0.00070477225, -0.008155222, 0.019563239, -0.0047359145, 0.0066759745, -0.02602236, 0.051518075, -0.012097299, -0.00055810605, -0.059727512, 0.00336703, -0.012314153, 0.004778511, 0.011160185, 0.009673193, 0.011408017, -0.007938369, 0.026192745, -0.021824706, -0.012817562, -0.013917316, -0.014335533, 0.031397216, 0.007237469, -0.0075124074, 0.01706943, 0.00046952546, -0.026502535, -0.0057853283, -0.0104012, -0.009611235, 0.0072142347, -0.015760567, 0.018060757, 0.007841559, 0.0123451315, 0.0040427595, -0.020353204, -0.019857539, -0.00960349, -0.009022634, 0.00820169, 0.023079354, 0.0024841286, 0.0033689663, -0.007853176, 0.005676902, -0.0036380964, 0.005587837, -0.0011268611, -0.00751628, -0.04464074, -0.0028055357, 0.0079848375, 0.012306408, -0.031366237, -0.0076479404, -0.022057047, 0.005556858, 0.013762421, 0.01485443, -0.02328072, -0.00774475, 0.0047359145, -0.03243501, 0.0026913006, -0.0032411779, 0.0049953638, -0.028887918, 0.005990564, -0.0054987725, 0.0058705206, 0.00511928, 0.022149986, 0.013545568, 0.0069121895, 0.003653586, 0.018959148, -0.004232506, -0.015450777, 0.00034948185, -0.008736078, 0.010703244, -0.014242595, -0.00039909664, -0.004611999, -0.0018616443, -0.016790617, 0.007194873, 0.006629506, 0.021778237, -0.006219034, -0.0043641664, 0.006052522, -0.012910498, -0.002034933, 0.033209488, -0.005092173, 0.008736078, -0.0071445317, 0.021298062, 0.0010765203, -0.00059634575, -0.015628906, -0.010137877, -0.0023989363, 0.0023118078, -0.034882355, -0.020151839, -0.0022982545, 0.023156803, 0.015063539, -0.006590782, 0.0037329695, 0.006703081, -0.031459175, 0.007237469, -0.012507771, -0.005390346, -0.010780692, 0.010362475, 0.020895336, 0.030018652, 0.032311097, -0.0040621213, -0.010184346, 0.02475222, 0.014598854, -0.019780092, 0.012670411, -0.022568202, -0.018928168, 0.04148088, -0.033891026, -0.021003762, 0.017146876, 0.018618379, 0.00026090126, -0.0018229205, 0.023884809, -0.01348361, -0.010161112, 0.007829942, 0.029879246, 0.015195199, 0.020105371, 0.024318514, 0.0025189798, -0.01023856, -0.03249697, 0.0006142555, 0.016031632, -0.012732369, 0.011578402, -0.002416362, 0.009247231, 0.0039575673, -0.029631414, 0.010695499, -0.030731168, -0.010982055, -0.009448595, -0.019904008, -0.024364984, 0.03531606, -0.027091136, 0.022537222, -0.01700747, -0.0036051811, -0.004422252, 0.0033786471, 0.0013669484, 0.014606599, 0.017534114, -0.040706407, -0.0065326965, -0.013499099, -0.0053438777, -0.026812324, -0.01706943, -0.0008088423, -0.017162366, 0.000175467, 0.027819142, -0.014575619, 0.009572511, 0.017843904, -0.015807034, 0.00031414643, -0.018866211, 0.0061415867, 0.019454813, 0.008658631, -0.0389406, 0.004182165, -0.0054987725, 0.015745077, -0.021530405, -0.025000053, 0.014157403, 0.019594217, 0.010912353, -0.020662993, -0.0281754, -0.026518025, -0.005010853, -0.013530078, -0.014993836, 0.026812324, -0.019299917, -0.023714425, 0.0061919275, 0.002199509, -0.0010716798, -0.011508699, -0.011384782, -0.015683118, 0.023822851, -0.0105483495, -0.02969337, -0.017828414, 0.02568159, -0.018060757, 0.020368692, 0.0017464411, -0.023482082, -0.0026971092, -0.038537875, -0.017611561, 0.025232395, 0.018153694, -0.023590509, 0.028097954, 0.014591109, 0.008658631, 0.0001538059, 0.024736732, -0.020895336, 0.01702296, -0.003233433, 0.028609106, -0.008852249, -0.0010542541, -0.030173546, -0.013444886, -0.006908317, -0.0015760566, -0.018835232, -0.010703244, 0.0059634573, -0.01301118, 0.019625196, 0.0132435225, 0.020043412, 0.019671666, -0.022599181, -0.012778837, -0.020260265, 0.021143168, 0.030080609, 0.016961003, 0.0013301608, 0.016279465, -0.016976492, 0.0016486637, 0.03438669, 0.022149986, 0.031350747, 0.012306408, 0.0030223888, 0.02721505, -0.0017919416, 0.013909571, -0.016155548, -0.015683118, 0.000661208, -0.002147232, 0.018757785, -0.0038685026, 0.022428796, -0.009169784, -0.0018800381, -0.013746931, 0.007373002, -0.008488246, -0.0021298062, 0.028361274, 0.0031966455, -0.030173546, -0.022877991, 0.03441767, 0.013754676, -0.032342076, -0.010137877, 0.03339536, -0.029011833, 0.005874393, 0.026347639, 0.015582437, -0.017812924, -0.036276408, 0.0077408776, 0.0002282281, -0.00093711476, 0.04891584, 0.008023561, 0.0071445317, -0.00078609213, -0.029569456, -0.0002179421, -0.0032237521, -0.022877991, -0.0014124488, -0.003562585, -0.00010007669, -0.0047978726, -0.008232669, -0.003233433, 0.007547259, -0.010912353, -0.0123451315, -0.02476771, -0.006466866, -0.021514915, -0.00051793014, -0.019996945, 0.0060873735, 0.016790617, -0.010571584, -0.023698935, -0.01824663, -0.0033902642, 0.01923796, 0.020012435, -0.015845759, 0.0041937823, 0.013220288, -0.0017774202, 0.022258412, -0.0016680255, 0.011183419, 0.006432015, -0.014482683, 0.013715953, -0.014908643, 0.043494515, 0.0066449954, -0.0006699209, -0.0012430324, -0.00274745, -0.007930624, -0.022180963, -0.025759038, 0.00821718, 0.012221215, 0.014807962, -0.011702317, 0.014986091, -0.010416688, 0.004325443, 0.0043525496, 8.7128436e-05, 0.024876136, -0.0017832287, 0.026843304, -0.016078101, 0.033209488, 0.033612214, -0.046716332, 0.016837087, 0.005390346, -0.0152494125, -0.014924133, 0.013351949, 0.0076130894, -0.0041356967, -0.0044261245, 0.030467845, -0.02070946, 0.004778511, -0.001890687, 0.00033907485, -0.004611999, -0.0013504907, -0.008008071, 0.005564603, -0.019160511, 0.016930023, -0.034541585, -0.005514262, -0.033302426, 0.007396236, -0.015404307, 0.001147191, -0.014180637, 0.017534114, -0.013669483, -0.002881047, -0.014908643, 0.022599181, -0.024256557, -0.010362475, 0.013049903, 0.0142813185, -0.0075007905, -0.007609217, -0.024736732, 0.01675964, 0.005235451, -0.00015828332, 0.022227433, -0.0042402507, 0.030622741, -0.015024815, -0.003264412, 0.026533514, -0.0001362592, -0.0020058902, -0.013545568, -0.0034948185, 0.019702643, -0.013653995, -0.010494136, 0.009014889, 0.010463158, -0.008937442, 0.0008872579, 0.0015479819, -0.021762747, -0.0010707116, 0.0054251975, 0.025247885, 0.007485301, -0.013111861, -0.013956039, 0.005382601, -0.007005126, 0.002675811, 0.008705099, -0.0045577856, -0.0008746727, -0.021561384, 0.004294464, 0.023497572, -0.009711917, -0.005874393, -0.009936514, -0.004038887, 0.009262721, 0.017456666, 0.015350094, -0.011500954, 0.0059440956, -0.0007914166, 0.0025886826, 0.022676628, -0.02540278, 0.012089555, -0.014258085, -0.029011833, -0.0074078534, -0.0027029177, -0.013909571, 0.009479574, 0.0046700845, 0.0022963183, -0.02820638, 0.018866211, -0.01948579, -0.0018364738, 0.0179988, -0.0037968636, 0.02075593, 0.019733623, 0.028578127, -0.00975064, -0.021437468, 0.0072026174, 0.02815991, -0.004302209, 6.002181e-05, -0.008077774, 0.019253448, -0.019392854, 0.0144207245, 0.0021840194, 0.003531606, 0.013088628, 0.0031889009, 0.008356585, -0.008859994, -0.0051812376, 0.007690537, 0.04185263, 0.005661412, -0.0038510768, -0.00526643, -0.04120207, -0.035718787, -0.034603544, -0.011826233, 0.010106899, -0.038661793, -0.010594818, -0.01671317, -0.0032373054, -0.015892226, 0.01668219, 0.0032082626, -0.025805507, -0.0017328878, 0.0009022634, -0.010254049, 0.0066217612, 0.008736078, -0.019563239, -0.024256557, 0.00037465227, -0.0028171528, -0.004429997, -0.007001254, -0.029631414, -0.021716278, 0.03342634, -0.028345784, 0.0018374419, 0.024318514, 0.0036380964, 0.0036206706, -0.0154895, -0.006919934, -0.009835833, 0.02850068, 0.022614669, -0.00025654485, -0.009316934, 0.00991328, -0.005177365, 0.014962857, 0.016140059, 0.007508535, -0.008131987, 0.01920698, 0.00034851374, -0.008434033, 0.00041264997, -0.0010542541, -0.0049024266, 0.0047591487, -0.030483335, -0.0040931003, 0.025077501, -0.016186528, 0.0022905099, -0.02196411, 0.005502645, -0.009851322, 0.018711315, -0.03197033, 0.010997545, -0.006807635, 0.009518297, -0.0020891463, 0.01703845, 0.0067069535, 0.0076247063, 0.014761494, -0.00976613, 9.4147115e-05, 0.006098991, -0.02070946, -0.0016777065, -0.009262721, 0.021530405, 0.014149658, 0.024132641, 0.0047049355, 0.007132915, -0.015985165, 0.010772947, 0.011315079, -0.010323752, 0.010246304, -0.0033302426, 0.012569729, 0.0019216661, -0.0015460458, 0.0021704661, 0.015350094, -0.0024589582, -0.040396616, 0.0059750746, 0.015520479, -0.00418991, -0.007396236, -0.017425688, 0.015388818, -0.002137551, 0.0045577856, 0.007969348, 0.004522934, -0.018990127, -0.019919496, 0.02479869, 0.028764002, -0.014118679, -0.018509952, -6.825061e-05, 0.008875484, 0.005440687, 0.01671317, 0.007411726, 0.0017212707, -0.013204799, -0.0019119851, -0.011779765, -0.012616198, 0.0023350422, 0.011121461, 0.022645649, 0.041264027, -0.011423506, 0.0050999178, -0.009967493, 0.018463483, 0.009874556, 0.007311044, -0.0030107715, 0.004937278, 0.00837982, 0.0034347966, 0.012941477, -0.0130344145, -0.0020484864, 0.020058902, -0.0067301877, 0.0005305154, -0.008232669, -0.013297736, 0.00883676, -0.025185928, -0.0044338694, -0.009526042, 0.032899696, -0.030080609, 0.023652466, 0.01951677, -0.021902153, -0.00075656525, 0.005401963, -0.0028152165, 0.0028791109, 0.010277283, -0.017580582, 0.008062284, -0.021933133, 0.020058902, 0.014916388, 0.00074640027, -0.01175653, -0.035254102, -0.008751567, 0.0036671392, 0.022862501, -0.022258412, -0.01827761, -0.012600708, -0.008294627, -0.018401526, -0.005587837, -0.025495717, 0.021731768, 0.0070089987, -0.0061260974, 0.010796182, 0.0021104445, -0.009634469, -0.0007362353, 0.0018442186, 0.0007681824, 0.027168583, -0.0132435225, -0.00274745, 0.016899044, -0.019439323, -0.0007589855, -0.007926752, 0.007063212, -0.0047359145, -0.0030127077, 0.01162487, 0.011926915, -0.0026622578, 0.0020891463, 0.0033166893, -0.0038626941, -0.006722443, -0.009285956, 0.0017938777, -0.0058511584, -0.0068347417, 0.0009884237, -0.017627051, -0.020678483, -0.0016380146, -0.0018519633, 0.010695499, -0.010695499, -0.0043409322, 0.016047122, -0.013235778, 0.013282246, 0.0012720752, -0.000630229, -0.013080883, -0.0031947093, 0.014521406, 0.00024226547, 0.015683118, 0.017719988, 0.0340769, 0.013530078, -0.012794327, 0.0026099808, -0.008279137, -0.01426583, 0.029089281, 0.0093014445, 0.017363729, 0.0359976, -0.014614344, -0.0051657483, 0.008255904, -0.00015852535, 0.027462883, -0.02044614, -0.023652466, 0.0024763837, -0.0066449954, 0.011469975, 0.0020891463, 0.0123916, 0.0040814835, -0.0019807199, -0.020988273, -0.016868066, -0.0055917096, 0.018866211, 0.012763348, 0.007380747, -0.007465939, 0.0105483495, -0.00510379, -0.008736078, -0.011934659, -0.015582437, -0.0028035995, -0.006466866, 0.019888518, -0.027168583, -0.013987019, -0.0018238886, -0.0028229614, -0.0023311698, 0.033302426, -0.00582018, -0.014684046, 0.02599138, -0.0055607306, 0.0055723474, 0.024922606, -0.03965312, -0.0041356967, 0.004422252, 0.014684046, 0.010819416, 0.002778429, -0.016991982, 0.01826212, 0.007361385, -0.0007042882, -0.0011742978, -0.019330896, 0.015675373, 0.005216089, 0.010525115, -0.0064901006, 0.0009129124, 0.009936514, 0.013700463, -0.012143768, 0.021886664, 0.005297409, 0.021886664, -0.008914207, 0.008232669, -0.019439323, -0.017208835, -4.6196223e-05, -0.0016273656, 0.00976613, -0.0042673573, -0.0037620123, -0.025046522, -0.0033263701, -0.012561984, -0.0064784833, -0.008945187, 0.0049179164, -0.0077486224, 0.011500954, -0.012895009, 0.002933324, -0.0016293018, -0.0027629395, -0.013677228, 0.0208024, -0.016991982, 0.026874283, -0.021499425, -0.013530078, 0.018432505, 0.0008049699, 0.002561576, 0.027695226, -0.0013872783, -0.0019594217, -0.0070089987, 0.013135096, -0.008705099, -0.0027919824, -0.0026099808, -0.01953226, -0.021855684, 0.008124243, -0.011524188, 0.011113716, -0.0005566539, -0.025851976, 0.017255303, -0.010641286, 0.029910224, 0.02819089, 0.006900572, 0.0056226887, -0.010137877, -0.0058008176, -0.025278864, -0.020632014, 0.0006796018, 0.0034154349, -0.011895936, 0.015512735, -0.01672866, 0.010501881, 0.02509299, -0.011500954, 0.021576874, -0.0021085083, -0.010184346, 0.028128931, -0.032311097, -0.002344723, -0.013189309, -0.023048377, -0.011686828, -0.033240467, -0.0142116165, 0.0073381504, 0.021220615, -0.0044803377, -0.0019371556, 0.00088967814, -0.008062284, 0.008867739, -0.015071283, -0.046747312, 0.022676628, 0.023482082, 0.009417616, 0.031490155, 0.0048714476, -0.0011007226, 0.00020148451, -0.019145021, -0.008209435, -0.022057047, -0.01700747, 0.0010987864, 0.032899696, -0.0074930456, 0.014227105, 0.008596673, 0.03844494, 0.03102547, -0.006888955, 0.007307172, -0.013104117, 0.033643194, 0.003965312, 0.0027203434, -0.003626479, 0.014296808, -0.007051595, -0.014730514, 0.014676301, 0.0154895, -0.017456666, 0.0017203026, -0.014792472, 0.0050031086, -0.010145622, -0.005421325, 0.004302209, 0.03813515, -0.018773274, 0.009262721, 0.008759312, 0.016016142, -0.013824379, -0.01035473, 0.025975892, 0.008434033, 0.020817887, -0.01175653, 0.0068657207, 0.025882954, -0.013909571, 0.0046817013, -0.02476771, 0.008457267, 0.014227105, -0.012693645, 0.0015140986, -0.010525115, -0.026254702, -0.023590509, 0.0141419135, 0.009797108, -0.004813362, 0.012933732, 0.008039051, 0.008209435, 0.01485443, 0.010029451, -0.005216089, 0.005916989, -0.0041628033, 0.019408343, 0.013429397, 0.017193345, -0.011074993, 0.0053554946, 0.013839868, -0.018990127, 0.011191164, -0.011965639, 0.01426583, -0.0076053445, 0.0055220067, -0.020895336, -0.016140059, 0.022273902, 0.021298062, -0.013553312, -0.0019410279, 0.011872701, -0.0047746385, 0.0017154621, -0.0071910005, 0.010137877, 0.008495991, -0.01674415, 0.022165474, -0.0023427869, 0.0219796, -0.004530679, -0.0078028357, -0.050650664, 0.0022963183, -0.010377965, -0.0014589173, 0.005986692, 0.0052006, 0.018959148, 0.010153367, -0.009262721, -0.02354404, 0.014986091, -0.031257812, 0.019052085, 0.021809217, 0.012716879, 0.0063584396, -0.007946113, 0.020988273, 0.007876411, 0.0064784833, -0.04182165, 0.0057233702, 0.022599181, 0.004038887, 0.008736078, -0.03065372, 0.036431305, 0.007938369, -0.0026796835, 0.013592036, 0.005502645, -0.009572511, 0.006319716, -0.018525442, 0.0041318242, 0.01224445, -0.013514589, -0.027447393, 0.0005329356, -0.0020775292, 0.018153694, 0.021716278, -1.3583565e-05, 0.009316934, -0.018169183, -0.0003976445, 0.00867412, -0.013917316, 0.002520916, -0.016542787, 0.010873629, 0.0009952004, -0.01674415, 0.0011849467, 0.00011072572, 0.0027610033, -0.050960455, 0.0061609484, -0.0035974365, 0.007496918, -0.015566948, 0.0018258248, -0.018757785, -0.018153694, -0.011679083, -0.007411726, 0.0013640441, -0.01703845, 0.023063865, -0.012399345, -0.0064784833, 0.0055800923, -0.010099154, 0.02323425, 0.034758437, -0.011694573, -0.013220288, -0.014699535, 0.02451988, -0.0071096807, 0.011516443, 0.021267083, 0.023373656, -0.017503135, -0.0012943413, 0.022165474, -0.014196127, -0.0029294516, 0.0033379872, 0.016542787, 0.020879846, -0.004286719, -0.020647503, -0.013909571, -0.010083664, 0.025449248, 0.025495717, 0.006184183, 0.021762747, 0.0061570765, 0.0011917234, -0.023110334, -0.0013495227, -0.0015963865, -0.011679083, -0.012476793, -0.02323425, 0.01824663, -0.019299917, -0.016991982, 0.004689446, -0.00067282515, -0.011555167, 0.014273575, 0.018200163, 0.019160511, 0.012074065, 0.016171038, 0.006997382, -0.012461303, 0.0071677663, -0.01671317, -0.0020271882, -0.00071445317, -0.013956039, -0.0069315513, 0.021561384, -0.015140986, -0.0066217612, -0.002912026, 0.009742895, 0.025604144, -0.022258412, -0.015954185, -0.0062461407, -0.008705099, 0.0019294108, 0.013475865, 0.0010939459, -0.0034096262, -0.024845159, 0.010811671, 0.0032411779, -0.029383581, -0.025340822, -0.017425688, -0.011276356, -0.00852697, -0.0048056175, 0.023745403, -0.025077501, -0.000237546, 0.003963376, -0.00066653255, 0.020043412, -0.011578402, -0.012159257, 0.01547401, 0.008805781, -0.010277283, -0.015435287, 0.023296207, -0.0058085625, -0.020678483, 0.0008557949, 0.0021956365, 0.008108753, -0.0019642622, 0.008929697, -0.0047901277, 0.0033399235, 0.029538477, -0.0044648484, -0.020167328, -0.022661138, 0.024101662, -0.0116558485, -0.0023156803, 0.0100604305, -0.0029584945, -0.00837982, 0.011268611, -0.003645841, -0.004379656, 0.00336703, -0.008279137, -0.014033487, 0.015551458, 0.007872539, -0.0050844285, 0.02170079, 0.0014724706, -0.018045267, -0.013684973, -0.006544314, 0.0030281972, -0.01765803, 0.008039051, 0.017146876, -0.001652536, 0.016883556, -0.017286282, 0.022057047, 0.041356966, 0.00081561896, -0.00021903121, 0.00055326556, 0.00086353964, 0.017115897, 0.029197708, -0.007307172, 0.0022634033, 0.005041832, -0.017596072, 0.0071910005, 0.0077292603, 0.00495664, -0.018633869, 0.004368039, 0.026487045, -0.009804853, 0.025882954, 0.0044571036, -0.004379656, 0.013816634, -0.013731441, -0.005235451, 0.008798036, -0.008480501, -0.007601472, 0.0023466593, 0.001930379, 0.015543713, 0.01208181, -0.008859994, 0.0041666753, -0.007485301, -0.0077602393, -0.009843578, 0.0064707384, -0.015048049, 0.009975238, -0.003976929, -0.011245377, -0.0057582217, -0.005614944, -0.025759038, 0.0075201523, -0.010997545, 0.014079955, -0.0061996724, -0.0194703, -0.006877338, -0.0013785654, -0.017363729, 5.9787353e-06, 0.010889119, -0.0076169614, 0.0058279242, 0.012902753, -0.019950476, 0.0067495494, -0.0060563944, -0.009502809, 0.0050534494, 0.0154585205, -0.0066140164, 0.0072335964, 0.015605671, -0.017843904, -0.018835232, 0.008550204, 0.0009037155, -0.003231497, -0.0029759202, 0.0020504226, 0.022506243, 0.009688682, 0.011469975, -0.018169183, 0.025573164, 0.008441778, -0.0075898548, -0.011795254, -0.011833978, 0.016976492, -0.014552386, -0.0018451867, 0.009208508, 0.0033089444, -0.0019865283, 0.0137934, 0.009363403, 0.0011946277, -0.0051386417, 0.020585546, 0.01700747, 0.008875484, 0.016000653, -0.023389146, -0.006877338, -0.007837687, -0.009905535, 0.0056807743, -0.008294627, 0.004763021, -0.023621488, 0.004058249, 0.00030930596, -0.0076440684, 0.00681538, -0.0016873874, -0.009812598, -0.0036903734, 0.023373656, -0.015969675, -0.006176438, -0.0019845923, -0.017859394, -0.004824979, -0.021483937, -0.009719661, -0.022211943, 0.0247832, 0.00976613, 0.0015566947, 0.018463483, -0.006021543, -0.022227433, 0.022490755, -0.00030519156, -0.0012972456, 0.0020388055, 0.01053286, 0.017534114, 0.0043215705, 0.015907716, 0.023141313, 0.0050766836, 0.0044028903, -0.0035916278, 0.0058008176, 0.008170711, -0.00975064, -0.025805507, 0.011950149, 0.010463158, -0.026068829, -0.0076053445, 0.016914533, 0.006807635, -0.0068657207, 0.01426583, 0.0073381504, -0.0034638394, -0.024055194, -0.008341095, 0.020105371, -0.0017425688, 0.0043757837, 0.03314753, 0.0022885737, -0.001394055, -0.004399018, -0.019036595, 0.0047204252, 9.596229e-05, 0.009680937, 0.0025054265, 0.005483283, 0.0036671392, 0.021638831, -0.0027861737, 0.023884809, -0.0036051811, 0.0006989637, 0.0043951455, 0.0025344694, 0.0053477497, -0.002654513, 0.008410798, 0.010377965, 0.0052819196, -0.014505916, 0.016790617, 0.018974638, -0.010215325, -0.007593727, 0.014606599, 0.016651213, 0.021592364, -0.00039474023, 0.03243501, 0.006974147, 0.008550204, -0.012778837, 0.003736842, 0.007276193, 0.01284854, -0.0140877, 0.0306847, 0.036741093, -0.0012672347, -0.0056652846, -0.006765039, 0.015055794, -0.038568854, -0.007783474, -0.0076673026, -0.004429997, -0.015257157, 0.019873029, 0.00976613, -0.0056188162, 0.00836433, -0.028361274, 0.022831524, -0.019687155, 0.018912679, 0.0040659937, 0.011044013, 0.02853166, -0.012987946, -0.0038123531, -0.0021123805, -0.02072495, 0.003789119, -0.013708208, 0.016140059, 0.017812924, 0.021483937, 0.00049808424, -0.010649031, 0.00090274744, -0.006145459, -0.016387891, -0.027757185, 0.05306703, 0.008867739, 0.0039691846, 0.0059286063, 0.011601635, -0.007442705, 0.026518025, -0.0077486224, -0.011632615, 0.02074044, 0.0047436594, -0.005142514, -0.010455413, -0.013684973, 0.0020388055, -0.0033011998, 0.030715678, 0.0185874, 0.017472155, 0.016279465, 0.009812598, 0.00487532, 0.006280992, -0.016496317, -0.0032682845, -0.01565214, 0.020601034, -0.005990564, 0.022877991, -0.032744803, -0.0079848375, -0.007508535, -0.003603245, -0.015133241, -0.0017512816, -0.010122389, -0.010509626, 0.007977093, -0.00053729204, 0.003614862, -0.010780692, -0.0024241067, 0.010602563, -0.009378892, -0.021499425, -0.006567548, 0.033271447, 0.018076247, -0.015497245, -0.00805454, -0.0002899441, 0.0042402507, 0.022180963, 0.022769565, -0.016325934, -0.012306408, 0.0057582217, 0.0036380964, -0.008441778, -0.014296808, -0.026533514, -0.0058008176, 0.0041782926, -0.013847613, 0.019873029, 0.012445813, -0.0030185163, 0.014296808, -0.029646903, 0.02605334, 0.017100409, -0.035470955, 0.0064203977, 0.004898554, 0.0066449954, 0.0036710114, -0.0039052903, -0.0020697843, 0.022428796, 0.0009119443, 0.009967493, 0.0015954186, 0.0084727565, -0.0023466593, 0.014033487, -0.01672866, -0.014521406, -0.006091246, -0.012453558, 0.0002002744, 0.00047412392, -0.017472155, 0.008736078, -0.009642214, -0.0031947093, 0.018850721, 0.006528824, -0.012438068, 0.012577474, 0.0025015543, 0.0031676027, -0.026130786, -0.009696427, 0.018447995, 0.004491955, 0.004619743, -0.014645322, 0.022459775, 0.017859394, -0.0013291927, -0.002282765, -0.010246304, 0.027075646, 0.01640338, 0.0092937, -0.0062306514, 0.033674173, 0.006776656, -0.0071445317, 0.013289991, 0.033085573, 0.009866811, 0.02078691, 0.005533624, 0.009897791, -0.014645322, 0.011617125, -0.0030785382, 0.018122716, 0.012678156, 0.0027242159, -0.0052431957, -0.013847613, -0.015171966, -0.009223998, -0.0032934549, 0.017518625, 0.02755582, 0.0024144258, 0.0014124488, -0.006648868, 0.003614862, 0.010896863, -0.0059673297, -0.01703845, 0.011996618, -0.019377364, -0.0068928273, 0.024334004, 0.00896842, -0.0023485955, -0.009402126, -0.027184073, -0.011051758, -0.006575293, 0.025635123, -0.013142841, 0.027772674, -0.009890046, -0.0019381237, -0.014505916, 0.016991982, 0.024938095, 0.004611999, -0.024907116, -0.011926915, -0.021282572, -0.017301772, 0.020167328, 0.025216905, 0.015892226, -0.011044013, -0.015923206, -0.016976492, 2.122243e-05, -0.0053554946, 0.02445792, 0.027726205, 0.0059673297, -0.0034677119, 0.0018083991, 0.021236105, -0.028392253, -0.0050611943, -0.028872428, 0.013816634, 0.0013659802, 0.009386637, -0.0008809653, -0.00059925, 0.0005242228, 0.00976613, 0.0024860648, -0.0056420504, 0.0056497953, -0.016480828, -0.013599781, 0.0072955545, 0.0041666753, -0.009378892, 0.010137877, -0.015907716, -0.015063539, 0.0408613, 0.02354404, 0.00642427, -0.012112789, -0.0076673026, 0.014575619, -0.0061609484, -0.029182218, 0.033736132, 0.003510308, -0.010594818, -0.03065372, -0.011129206, -0.0061570765, -0.021360021, 0.009487319, -0.007578238, 0.014196127, -0.0315676, -0.0009758385, 0.016852576, 0.020167328, 0.00154895, 0.0037871827, 0.00043225384, 0.00014424596, 0.01734824, -0.0064901006, -0.016248485, 0.023962256, -0.009262721, 0.01922247, 0.0037620123, -0.00060263835, 0.028934386, -0.0040969728, -0.009502809, 0.009773875, 0.008596673, -0.0039730566, 0.004120207, 0.001941996, -0.008867739, 0.0003315721, 0.0031017724, 0.00790739, -6.274458e-05, 0.0101998355, 0.027122114, -0.011725551, 0.008588928, -0.006575293, -0.0012585219, -0.002313744, 0.01023856, -0.010935587, 0.014893155, 0.009890046, 0.010873629, 0.02230488, 0.0076479404, -0.0019700709, -0.009456339, 0.010501881, 0.03432473, -0.004824979, 0.008426288, 0.011268611, -0.010641286, -0.0061415867, -0.015218434, 0.01208181, -0.0010058495, 0.0095802555, 0.020058902, 0.011833978, 0.01767352, -0.0044648484, 0.0050650663, 0.005564603, 0.0109588215, 0.0017764521, 0.0052509406, 0.01301118, 0.011710062, 0.0063971635, -0.022723097, 0.011555167, 0.0036322877, -0.0027435776, 0.012654921, 0.0016457593, -0.020864356, 0.014691791, 0.032094244, 0.0047242977, 0.021344531, -0.019268937, -0.008186201, -0.019145021, 0.0016254294, -0.012902753, 0.0090923365, -0.0018355057, 0.0009405031, -0.006536569, 0.0061183525, 0.00022350864, -0.006486228, -0.01669768, -0.0078105805, -0.008294627, 0.026843304, 0.016883556, 0.0055413684, 0.0018548677, -0.014296808, 0.010912353, -0.020601034, -0.025650611, -0.005595582, 0.008147477, -0.011826233, 0.0100604305, 0.018695826, 0.010486391, 0.009394382, -0.025216905, -0.0043525496, -0.00212787, 0.0045577856, 0.01792135, -0.011268611, -0.005878265, 0.018169183, -0.0017735477, 0.026688408, 0.0038975454, 0.006900572, -0.0038472046, -0.0044803377, -0.028856939, 0.012004362, 0.00088338554, -0.011013035, 0.016217506, 0.007082574, -0.018014288, 0.014134169, -0.011206653, 0.01020758, -0.0063274605, -0.0032489225, -0.0016176846, 0.011051758, 6.570936e-05, 0.010912353, -0.0025577038, -0.008124243, 0.0099907275, 0.017425688, 0.010099154, -0.0091620395, 0.013282246, 0.013336459, -0.002902345, -0.012531006, -0.021793727, 0.002604172, 0.0032682845, 0.010734224, -0.0042015268, 0.018819742, -0.015295881, 0.032280117, -0.013731441, -0.026827814, -0.01020758, -0.00247832, -0.0070167435, 0.015776055, -0.0037426504, 0.0021123805, -0.010037196, -0.0036845647, 0.0039924188, -0.005638178, -0.009835833, 0.0055723474, -0.013181564, 0.013305481, -0.006416525, -0.0043719113, -0.001889719, 0.007833814, -0.015853504, 0.0052703023, -0.015210689, -0.015613416, -0.009549277, -0.0060254154, -0.020988273, -0.0039924188, 0.0043719113, -0.0049527674, -0.0026796835, -0.012531006, 0.014443959, -0.021158656, -0.018091736, -0.009425361, -0.032899696, 0.010230815, 0.009115571, -0.005909244, 0.01394055, -0.002054295, 0.035501935, 0.022335859, -0.009340169, -0.009433106, 0.007798963, -0.0039924188, -0.016016142, -0.00448421, -0.014010252, 0.015148731, -0.010153367, -0.02290897, -0.011818488, 0.022645649, -0.018695826, -0.029089281, -0.0151100075, 0.011562912, 0.006207417, 0.010834905, 0.016651213, 0.0109588215, -0.016852576, -0.016837087, 0.013723697, 0.019981455, -0.007601472, 0.011717807, 0.009022634, -0.027912078, 0.010873629, 0.015226179, 0.0026700026, 0.023373656, 0.022583691, -0.0058317967, -0.034820396, 0.0001838168, -0.00089064625, 0.0010416688, 0.012019852, -0.019873029, 0.009657703, -0.006408781, -0.017627051, -0.009665448, -0.028314807, 0.019145021, -0.008844504, 0.00087854505, -0.0116558485, -0.0043641664, -0.0133132255, -0.0074620666, 0.004306081, -0.01640338, -0.00051018543, 0.0017367601, 0.016186528, 0.0063661844, 0.019625196, 0.0033573492, 0.007082574, 0.004778511, -0.014699535, 0.010346986, 0.022537222, 0.005297409, -0.010463158, 0.0029914097, -0.012654921, -0.01377791, 0.0038162256, 0.0018016224, -0.0051580034, -0.010912353, -0.010424433, -0.01222896, -0.0043951455, -0.015969675, -0.008000326, 0.008039051, -0.035563894, -0.0025906188, -0.011849468, 0.009804853, 0.0012875646, -0.005731115, -0.010563839, -0.0151797095, -0.00072945864, -0.016604744, 0.0006452345, 0.0061377143, -0.0074078534, -0.024581837, -0.0063042264, -0.025309842, 0.0013795336, -0.003893673, 0.0109898, -0.0072219796, 0.020941803, -0.014769238, 0.0022653395, -0.01115244, -0.00022278258, -0.006296482, -0.010610308, -0.007276193, -0.009278211, -0.0039285244, 0.02354404, 0.010579328, -0.008093264, 0.009944259, 0.025216905, -0.0035161164, 0.015714098, -0.010656776, 0.013909571, 0.02320327, -0.009797108, 0.0034289882, -0.00774475, 0.0075240247, 0.03283774, 0.0208024, 0.012654921, 0.011810744, -0.0014676302, -0.02043065, -0.024845159, 0.02046163, 0.01363076, -0.014800217, -0.028345784, 0.008178456, -0.0009797108, 0.0069625303, -0.008906462, 0.0007865762, 0.045446195, 0.0057543493, -0.0036226069, -0.011036268, 0.027509352, -0.003427052, 0.009518297, -0.027679736, -0.00026065923, -0.040241722, -0.005192855, 0.02351306, -0.022196453, 0.024643794, -0.011191164, -0.0036710114, 0.014118679, 0.017580582, -2.1464453e-05, -0.0017677392, 0.002755195, -0.007163894, -0.015590182, -0.00820169, -0.004263485, -0.015497245, -0.021267083, 0.017363729, 0.010130133, 0.010137877, 0.0015615352, -0.0009893918, 0.0052277064, -0.012112789, 0.001848091, 0.006997382, -0.0061686933, 0.0024918732, -0.00650559, 0.012112789, -0.005289664, -0.0024202343, -0.022785055, 0.0111679295, -0.0061803106, -0.0025480227, 0.0076595577, 0.016078101, -0.008395309, 0.02230488, 0.0032740931, -0.0040969728, 0.003893673, 0.0030281972, -0.018540932, 0.013762421, 0.02757131, 0.032992635, -0.0077912183, 0.02041516, -0.027323479, 0.005796945]"
トーマスランド,fromCluster,0.6264,87.0,4.133,"[0.018563973, -0.01221149, -0.018391648, 0.0014050264, -0.031394262, 0.011154049, -0.041044395, 0.017921675, -0.029843349, 0.02655353, 0.006802873, 0.056741524, -0.018078333, 0.0102376, 0.014812013, -0.014866844, -0.049629252, 0.017921675, -0.030438649, -0.023765018, 0.021054834, -0.0069007846, -0.03665797, 0.035122722, -0.013057444, 0.011154049, -0.0048681474, 0.01663708, 0.01842298, -0.012814624, -0.006536555, 0.023890344, 0.0051579643, -0.006426894, -0.030234993, 0.015454311, 0.040480427, 0.049785912, -0.01693473, 0.019174939, 0.002864883, -0.018219326, -0.05642821, 0.007801568, -0.009689297, -0.017921675, -0.026835514, 0.0019004573, 0.0156658, 0.023263711, -0.018516975, -0.019190604, -0.01726371, 0.01920627, 0.005608356, 0.0122741535, 0.039007843, 0.04483552, 0.0021795044, 0.0010750655, 0.007492169, 0.006309401, -0.030814627, -0.006434727, -0.0012503266, 0.0032956926, 0.03521672, 0.023357708, -0.016887732, 0.009955616, 0.018626636, -0.002864883, 0.027477812, 0.016245434, 0.011702352, 0.020913843, 0.030375985, -0.0035365543, -0.019926896, 0.013660577, 0.011193214, -0.05269975, 0.021211492, 0.03203656, -0.019660579, 0.002488904, 0.01637076, -0.06366581, 0.00030915477, -0.0029549615, 0.025519587, 0.01572063, 0.008451699, 0.012767627, -0.0056788526, 0.023075722, 0.0021364235, -0.020647524, 0.02282507, 0.013511752, 0.0026357707, -0.016950395, -0.0015166452, -0.004362925, 0.053859018, 0.006920367, -0.030579641, 0.014655355, 0.029608361, 0.008710184, 0.033775464, -0.006309401, -0.020678855, -0.012603136, -0.051979125, 0.010339428, -0.0059530037, 0.0010642953, -0.01931593, 0.00021014201, -0.04038643, -0.016402092, -0.003117494, -0.042955622, -0.0041827685, 0.0067754583, -0.038287215, 0.043268938, 0.032083556, 0.023404704, -0.012979115, 0.014686687, 0.029859014, -0.03017233, 0.003142951, 0.0391645, 0.035342045, -0.012039167, 0.014545695, -0.0076449104, -0.0014559402, 0.008208879, 0.003021541, 0.009054832, -0.045524813, -0.0074490877, -0.018657967, 0.012853788, 0.031989563, 0.005937338, -0.031378597, -0.03336815, -0.009822456, 0.040511757, -0.034558754, 0.010026111, -0.07256398, 0.03028199, -0.021430815, -0.0013893606, -0.055801578, 0.00011584124, -0.00024563484, 0.02566058, 0.021164495, -0.020083554, 0.045744136, 0.039697137, 0.014702353, 0.022856401, -0.014686687, 0.022182772, -0.003744126, 0.0075313332, -0.0073394272, 0.02263708, 0.0019445174, -0.015681466, 0.0077702366, 0.029545698, 0.009642299, 0.018140996, 0.016543085, -0.012125329, -0.025018282, -0.010268931, 0.006755876, 0.039477814, 0.030407317, -0.04311228, -0.0064895577, -0.029624026, 0.014020891, -0.03095562, 0.03725327, 0.036783297, 0.0059530037, 0.0056436043, 0.01842298, -0.005267625, 0.025989562, 0.013543083, 0.033336822, -0.00015739234, -0.032992173, 0.02118016, 0.002794387, 0.022167107, -0.025613582, 0.01439687, -0.0319269, -0.008161882, 0.0034954315, 0.016402092, -0.01234465, 0.039258495, -0.03308617, 0.0027806794, 0.019707575, 0.0046919067, 0.0101122735, -0.0039967373, 0.009250655, -0.0077428212, -0.038882513, 0.0016635121, 0.014592692, 0.053326383, 0.0024477812, 0.0034268936, 0.015955618, 0.016323764, -0.01296345, 0.018250657, -0.022245435, 0.012634467, 0.026271546, -0.014647523, 0.05561359, -0.0104569215, -0.016245434, 0.04217233, -0.008224545, -0.0313316, 0.037409928, -0.0063916463, -0.026616193, 0.008749349, 0.03487207, 0.044146225, -0.0051070508, -0.029373374, -0.0008297978, 0.0003791613, -0.032005228, -0.0259269, 0.0075352495, -0.016433423, 0.010872065, -0.04627677, -0.016543085, -0.014381204, -0.03816189, -0.014545695, 0.0022676245, -0.0021951701, -0.026522199, -0.011945172, 0.033681467, 0.011302874, 0.007840733, -0.021900788, -0.039634474, -0.006955615, 0.016464755, -0.010566582, -0.030125333, -0.026412537, -0.025221936, -0.030047003, 0.018736295, 0.018548306, -0.037691914, -0.012321152, 0.009681464, 0.013582248, 0.016543085, 0.032960843, 0.033775464, -0.021697132, -0.030297656, 0.039195832, -0.01409922, -0.0016909272, 0.018047001, -0.0007284597, 0.009375981, -0.05132116, -0.016276766, 0.008357704, 0.015618802, 0.008741516, -0.0055691916, -0.027493479, 0.021791127, 0.0018622719, -0.011741517, -0.022934731, 0.0016321805, -0.0061919075, 0.013511752, -0.006622717, 0.026302878, 0.00388316, -0.010605746, -0.010268931, -0.027274158, -0.022590082, -0.0037402096, -0.011381203, -0.008569192, -0.008107051, -0.019754574, -0.047655363, 0.020349873, -0.007045693, 0.026537864, -0.016981727, 0.0076409937, -0.014835512, -0.010378593, -0.012000003, 0.00094875996, 0.017295042, 0.040261105, 0.019237602, 0.03162925, -0.018548306, -0.05683552, 0.003734335, 0.016590081, 0.006215406, 0.004613578, -0.009775459, 0.005412534, -0.014075721, 0.05445432, 0.027509144, -0.008420367, 0.029295046, 0.0006432769, -0.06209923, 0.03214622, -0.0029569196, 0.01269713, -0.030094001, 0.0087180175, 0.015657967, 0.028151441, 0.029827682, 0.01331593, -0.022981727, 0.000114494964, 0.011953005, -0.019018281, 0.011389037, 0.019848568, 0.049503926, -0.029859014, 0.037942566, -0.005475197, -0.009775459, -0.018563973, -0.0004885771, 0.0036168415, -0.00070545054, -0.0083342055, 0.010942561, -0.0028511756, -0.021634469, 0.025190605, -0.033775464, 0.0155874705, 0.019018281, -0.022934731, -0.00019312993, 0.0062819854, 0.0042415154, -0.006352482, 0.047154058, 0.02987468, -0.008357704, -0.029530032, -0.011099219, -0.0030000007, -0.044208888, -0.011146217, -0.01331593, -0.020114888, -0.045712803, -0.041295048, -0.011953005, -0.008138383, -0.014146217, 0.04073108, -0.026788518, 0.026882512, 0.019080944, 0.013558749, 0.0041396874, -0.002490862, 0.01415405, -0.034652747, -0.023436036, 0.009039166, -0.02577024, -0.0018867498, -0.042955622, -0.031112278, 0.008631855, 0.008208879, 0.010731073, -0.0033916456, -0.012869454, -0.023514366, 0.035812017, 0.013065277, 0.0095874695, -0.02271541, -0.014075721, 0.018673632, -0.02487729, -0.024892956, 0.00095806154, -0.020992171, -0.033775464, -0.017420368, 0.014976504, 0.031864237, 0.050506536, -0.007268931, -0.012869454, 0.0032898178, 0.053953014, -0.025503922, 0.040041782, -0.022652745, 0.012000003, 0.040668417, 0.038318545, 0.028433425, 0.00030058753, -0.011154049, 0.008624023, -0.023263711, -0.029373374, -0.022621414, 0.018814625, -0.016621413, 0.034778073, 0.028981728, 0.0745692, 0.04787468, -0.04903395, -0.07237599, -0.038694523, -0.035780687, 0.031315934, -0.013785903, 0.0026710187, 0.0048289825, -0.030626638, 0.049879905, 0.06999479, -0.03587468, 0.03487207, -0.005859009, -0.0337128, 0.02233943, -0.036783297, 0.010315929, -0.010268931, 0.021023503, 0.009125329, 0.017890343, 0.018548306, 0.03587468, 0.03054831, -0.026130553, 0.031895567, 0.01077807, -0.0066383826, 0.0067872074, -0.024360318, -0.020600526, -0.023702355, -0.051446486, 0.019723242, -0.021603137, 0.01536815, 0.00065943226, 0.027352486, 3.5921188e-05, -0.051007845, -0.00867102, -0.0042375987, 0.04893996, 0.0044099228, 0.012540473, 0.007907312, 0.0046253274, -0.030015672, 0.023357708, -0.016480422, -0.0013394259, 0.028966064, -0.0076449104, 0.010582248, -0.0005238252, -0.013574415, -0.028872069, 0.038349878, -0.019535253, 0.009532639, 0.01753003, -0.014326374, -0.018297654, 0.013323762, -0.040699746, -0.051477816, 0.021383816, 0.045242827, -0.021587472, 0.011671021, 0.0076566595, 0.0049151448, 0.0049308105, 0.04662142, 0.015595304, -0.025895566, -0.0061488263, -0.0012699089, 0.0001912941, -0.017357705, 0.024845958, 0.005839427, -0.002420366, 0.010378593, -0.020193215, 0.024172328, -0.019268934, -0.0052284608, -0.006924283, -0.010997391, 0.024657968, -0.01774935, -0.045054838, -0.003865536, -0.017733686, 0.010566582, 0.025253268, -0.010543083, -0.010378593, -0.033180162, -0.0046174945, 0.034809407, 0.012015669, 0.016997393, -0.015697131, -0.02136815, 0.02036554, -0.021994783, -0.049660586, 0.015007836, 0.0075156675, 0.024704967, -0.012712796, 0.011843344, 0.002708225, -0.043989565, -0.0031801574, -0.027775463, -0.021947784, -0.009266321, -0.036000006, 0.004276763, -0.015360316, -0.025973896, 0.008992169, 0.019550918, -0.0048172334, -0.0048172334, 0.028950397, -0.015000003, 0.013989559, 0.0052010454, 0.021916453, -0.01577546, 0.0048133167, 0.007836816, 0.033211496, 0.002577024, -0.014866844, -0.018579638, -0.009336816, -0.018971283, 0.050631866, 0.018250657, 0.004084857, 0.019237602, 0.0011533945, 0.009391647, -0.0034973898, 0.023671024, 0.046558756, -0.0011690602, 0.050036564, 0.04135771, 0.013253266, 0.012822457, 0.015798958, -0.014091386, 0.02703917, -0.024704967, -0.0019024155, -0.00036251638, -0.019550918, -0.007856399, -0.0014990212, -0.020866845, 0.043644916, 0.0038674942, -0.0028453008, -0.029248048, 0.012360316, 0.008263709, 0.007198435, -0.0072767637, 0.03524805, -0.0020855095, 0.01161619, 0.012047, -7.637077e-05, -0.03744126, -0.005796346, -0.013386426, 0.026945176, 0.00086063985, 0.0071945186, 0.032177553, 0.009775459, 0.033180162, -0.015806792, 0.02566058, 0.0052793743, -0.017577028, -0.010331594, 0.02655353, -0.010543083, 0.0016135774, 0.0029020894, -0.003906659, -0.0006834205, -0.0038557448, -0.0043159276, 0.014835512, -0.03747259, 0.0054908628, -0.0059334217, -0.0026964757, -0.010323762, -0.026005227, -0.0017163842, 0.014976504, 0.012892953, -0.030125333, -0.012242822, -0.0152036585, -0.041796353, -0.0026768935, -0.0083342055, 0.0050130556, 0.00560444, 0.0004577351, -0.02450131, -0.009078331, 0.005553526, 0.0055770245, 0.012321152, 0.014357706, -0.011420368, 0.016699743, -0.0055221943, 0.029561363, 0.006015667, -0.007190602, -0.014389037, -0.013174937, 0.012148827, 0.008702352, -0.014874676, 0.023780683, 0.0060000014, -0.0036873375, -0.007860315, 0.019754574, 0.0039575724, -0.0325222, -0.029843349, -0.02055353, 0.00027953662, 0.009415146, -0.012070498, -0.0061527425, -0.010033945, 0.01898695, 0.015791126, -0.00014686688, -0.020898176, 0.0072101844, 0.0084360335, 0.043644916, -0.012462144, -0.0030783296, 0.025018282, 0.015336818, 0.0028178857, 0.01939426, 0.01288512, -0.006415145, -0.014224546, 0.0089608375, 0.024845958, -0.0012336817, -0.0104960855, 0.007429505, 0.019268934, -0.038725857, -0.0041475203, -0.005988252, 0.07149871, 0.026694523, -0.0024654053, 0.007946477, -0.01823499, 0.040887736, -0.0529504, -0.017796349, 0.012712796, -0.013543083, -0.021869456, -0.0024242825, -0.015892955, -0.022731075, -0.018469978, 0.039822463, -0.007695824, 0.00053753273, -0.016762406, -0.04395823, -0.008302874, -0.0029432122, -0.022793738, 0.025268935, -0.017013058, 0.0138564, 0.014945173, -0.04643343, 0.010433422, -0.0031214105, 0.030704968, -0.014827679, -0.0040261103, -0.0017575069, -0.019425591, -0.0022088778, -0.016104441, 0.018203659, -0.024172328, -0.0030939954, 0.004656659, -0.0076919077, -0.005232377, 0.006234988, -0.006932116, -0.02536293, -0.038725857, 0.010629245, -0.015579638, -0.014404703, -0.026224548, -0.01704439, 0.030047003, -0.0035385124, 0.01029243, -0.007366842, 0.007582247, 0.0043394263, -0.012039167, -0.027838126, 0.010323762, 0.03546737, -0.011600524, 0.030454313, 0.020913843, -0.0050365548, 0.033744134, -0.033963453, -0.040073115, 0.008404701, 0.0451175, 0.031801574, -0.0065600537, -0.004597912, -0.0018417105, 0.003264361, 0.013464754, -0.015924286, -0.010660577, 0.0032232383, 0.01107572, 0.0020600527, -0.013590081, 0.030313322, -0.004789818, 0.019738907, 0.046746746, -0.0034131862, -0.0048759803, -0.020193215, -0.01734204, 0.010550916, -0.056459542, -0.01434204, -0.019488255, 0.023765018, 0.017232379, 0.0056788526, 0.033211496, 0.039258495, 0.005624022, -0.030297656, 0.020757185, -0.016339429, 0.008929506, 0.013174937, 0.007660576, -0.021289822, -0.0011759141, -0.0063211503, 0.028261103, 0.021806793, -0.012634467, -0.0042180168, -0.0030685384, -0.033932123, 0.013449089, 0.016919063, 0.020882512, 0.025237603, -0.015109664, -0.016715407, -0.0033270242, -0.047718026, 0.0100104455, 0.016793737, -0.0034112278, -0.0044804187, 0.017906008, -0.021117497, -0.0063681477, 0.0031899484, -0.020725852, -0.00818538, 0.002238251, 0.047342047, -0.02566058, -0.026130553, 0.028731076, -0.016574416, -0.037127946, -0.00536162, 0.014271543, -0.00059236307, -0.016496086, -0.022198439, 0.012642301, 0.04019844, 0.023812015, -0.0053185388, 0.013817235, 0.003019583, -0.037879903, -0.011310707, 0.026443869, -0.0064543094, -0.0030959537, -0.006372064, -0.0043237605, 0.016840734, 0.010519585, 0.011608358, 0.010684075, 0.010503919, 0.009932117, -0.03822455, 0.04314361, 0.0070887743, -0.005349871, 0.010135773, -0.023483034, 0.0050600534, -0.0154464785, -0.014874676, 0.0115065295, -0.0061370768, 0.012744128, -0.0048720636, -0.0017398829, 0.013511752, -0.032992173, 0.0052637085, 0.00590209, 0.0023028725, 0.02144648, 3.757344e-05, 0.008381203, 0.025550919, 0.0083342055, 0.008631855, -0.01131854, 0.010746739, -0.015352484, -0.0012865538, 0.027289823, 0.025331598, 0.0186423, -0.016026113, -0.027383817, 0.0087180175, -0.0060979123, -0.04665275, -0.008287208, 0.0029745437, -0.028699744, -0.007112273, -0.028746743, -0.0009321151, 0.0082323775, -0.020349873, 0.024516976, -0.0034641, 0.006105745, 0.0065052235, 0.016088776, 0.022355096, -0.0141932145, -0.0057141003, -0.012187992, 0.0096266335, 0.024861624, 0.024704967, -0.028574418, -0.020443868, 0.0022734993, 0.018516975, -0.026569195, -7.26991e-05, -0.0025261103, -0.010159271, -0.032428205, 0.017968671, -0.0046253274, -0.043550923, 0.01474935, -0.006066581, 0.0030998702, 0.022198439, 0.002620105, -0.01048042, 0.018078333, 0.014318541, -0.005984335, -0.022198439, 0.019707575, 0.007789819, -0.023169717, 0.001149478, 0.03114361, -0.016621413, -0.018062666, -0.003473891, -0.007781986, -0.02144648, -0.0031938648, 0.0049503925, -0.010229767, -0.024375984, 0.004178852, 0.0061527425, -0.02304439, -0.0029412538, -0.016543085, 0.011028723, 0.014279377, 0.017859012, -0.017577028, -0.020255879, 0.036595307, -0.0010114232, -0.018532641, 0.01223499, 0.017483031, -0.05154048, 0.0151018305, -0.031879902, 0.027101833, 0.04856398, 0.014874676, 0.041639697, -0.02282507, -0.046151444, 0.0077075735, -0.0061370768, -0.005745432, 0.037660584, -0.020616192, 0.0017300918, 0.0045587476, 0.016339429, 0.027540475, 0.015469977, 0.0204752, 0.008467365, -0.016621413, 0.0049582254, 0.011099219, 0.048094004, -0.028762408, 0.0487833, -0.0102532655, -0.023953008, -0.04091907, 0.010926895, -0.012375982, 0.004464753, 0.0070221946, 0.005988252, 0.005772847, 0.0039908625, 0.026193216, -0.0032702356, 0.0075430823, -0.008882509, -0.011929506, 0.025566585, 0.025253268, -0.010864232, 0.014663189, 0.01474935, -0.027242826, 0.010088775, -0.02544126, -0.01372324, 0.031033948, -0.026208883, 0.012744128, -0.011279375, 0.031989563, 0.0057415157, -0.020412536, -0.0103550935, -0.011443866, -0.0061958237, -0.010817234, 0.04646476, 0.0075000017, 0.0075313332, -0.009023501, 0.010754571, 0.00017942236, 0.0009551242, -0.011953005, -0.018250657, -0.02498695, -0.01221149, -0.0028355098, 0.00026093348, -0.025566585, -0.006050915, -0.018078333, 0.0132376, 0.023780683, 0.017028725, 0.0005845301, -0.008177548, -0.021791127, 0.008663187, -0.025550919, -0.0055731083, 0.022872068, -0.016292432, 0.013864232, -0.012838122, 0.008483031, 0.016245434, 0.013832901, 0.033430815, 0.019221935, -0.012924285, -0.0009218344, -0.007836816, -0.012540473, 0.002958878, -0.005733683, -0.0012072456, -0.018281989, -0.006278069, -0.0070143617, -0.0045156665, -0.0069947797, 0.038694523, 0.007676242, 0.013903397, -0.0134255905, -0.029107055, 0.0030528726, -0.015031335, 0.016292432, 0.026992172, 0.006693213, 0.0143342065, 0.0017526114, 0.022386428, -0.017013058, -0.01712272, -0.0025672328, 0.0010319846, -0.0032839433, 0.008835511, -0.03684596, -0.022887733, 0.008710184, 0.0019190605, 0.0076527433, -0.0046723248, -0.0014392954, 0.014733684, -0.02255875, -0.0018250657, -0.041827686, 0.00590209, -0.0084282, 0.013104442, 0.013331596, 0.0168564, 0.040637083, 0.0005223565, -0.012509141, 0.019033946, 0.0050091394, -0.014060055, -0.00013744291, -0.0048172334, -0.02360836, 0.032177553, 0.0014598568, -0.01577546, 0.015673632, 0.018814625, -0.0034856405, -0.01247781, 0.008514362, -0.0053342045, -0.030438649, 0.009415146, 0.028950397, 0.031754576, 0.013174937, 0.002864883, -0.01637076, -0.003926241, -0.04057442, 0.013104442, 0.023733687, 0.0071318555, 0.009759793, 0.004981724, 0.0037597918, 0.0056710197, -0.034402095, -0.0020855095, -0.020992171, 0.003612925, -0.026381206, -0.013339428, -0.011310707, 0.030798962, -0.028715411, 0.022668412, -0.0068342052, 0.019707575, 0.008412534, 0.0018632511, -0.002271541, 0.016543085, 0.021101832, -0.057869464, -0.02517494, 0.008443866, -0.0044882516, -0.025315933, -0.03822455, 0.012618802, 0.0009521869, -0.0019053529, 0.037942566, -0.016323764, -0.010684075, -0.0012229115, -0.0054712803, 0.0076292446, -0.01499217, 0.01269713, 0.028919065, 0.02304439, -0.010699742, -0.00541645, 0.010958226, 0.01615144, -0.01734204, -0.035154056, 0.00201893, 0.016355095, 0.00038209863, -0.034840737, 0.008420367, -0.01693473, -0.008882509, -0.0037323767, -0.008882509, 0.013754572, -0.020146219, -0.02215144, 0.008788514, 0.014114886, 0.013942562, 0.0018436688, -0.019973895, -0.01409922, 0.013973894, 0.0009844976, -0.017859012, 0.010511751, 0.012148827, 0.005212795, 0.024798961, 0.006164492, -0.026757186, -0.012665799, -0.0077780695, 0.016825069, 0.02193212, 0.049065284, 0.0076919077, 0.03424544, 0.009712796, -0.002872716, -0.00173205, -0.0030626638, -0.018031335, 0.012861622, -0.011107052, 0.023702355, 0.0007206268, 0.02118016, -0.037065282, 0.001871084, -0.010934728, -0.014906009, 0.0013913189, 0.011342039, -0.018924287, 0.0005091385, 0.011201046, 0.004178852, 0.010801569, 0.012869454, -0.026866846, -0.0018847915, -0.0037304186, 0.0036853794, 0.018469978, 0.013026113, -0.0016282641, 0.019566584, 0.0086161895, 0.008506529, 0.02860575, -0.0029157968, 0.036501314, 0.011906007, 0.01018277, 0.012062666, 0.009266321, -0.0056201057, -0.019456923, -0.008169714, -0.019723242, -0.0030763713, 0.0010691908, 0.018109664, 0.0081932135, -0.0070026126, 0.0057650143, -0.005733683, 0.00782115, -0.003117494, -0.007946477, 0.02547259, -0.029890345, -0.023451703, -0.027399484, 0.017404703, 0.0065248054, -0.013135773, 0.0035032644, 0.013731074, -0.023827681, -0.020020891, -0.022762407, 0.0012160577, -0.012509141, -0.026271546, 0.008114885, -0.0027532643, -0.0005639688, 0.03621933, -0.0059334217, 0.0071514375, -0.0032506534, -0.018266322, -0.00023780194, -0.013394259, -0.023075722, 0.0025809405, -0.013864232, 0.000163267, 0.017420368, -0.02487729, -0.00046972922, 0.015383815, -0.0019043738, 0.01909661, -0.019660579, 0.01018277, -0.017013058, 0.004586163, -0.012140995, 0.015250656, -0.021352485, -0.0011132509, -0.012626634, -0.02255875, -0.0004528395, 0.02498695, 0.010543083, -0.00668538, 0.007738905, -0.0077232393, -0.017780682, 0.00026044392, -0.009783292, -0.00045234995, 0.018751962, -0.00036667762, 0.016574416, -0.032020893, 0.018250657, 0.005204962, 0.016417759, -0.013229768, -0.006669714, -0.008052221, -0.009744127, -0.027759796, -0.0020737601, -0.0014304833, 0.023451703, -0.0065130563, 0.019002615, 0.00057914504, 0.00956397, -0.011005224, 0.00036055816, 0.019237602, -0.0010065276, 0.016684076, -0.015697131, 0.029232383, 0.012610968, -0.021352485, 0.0093838135, -0.012657966, -0.011161882, -0.009689297, 0.013879898, -0.009336816, 0.013018279, -0.02393734, 0.044428207, 0.0040535256, 0.012736295, -0.03106528, -0.005964753, -0.011757183, -0.0077232393, 0.006798957, -0.013151439, -0.015375982, 0.015454311, -0.044960845, 0.006536555, -0.022402093, -0.0056827688, -0.022574417, -0.0043590087, -0.024266323, 0.0053067897, -0.014686687, -0.00069565943, -0.0037304186, 0.007178853, -0.015462144, -0.0147180185, 0.009736295, 0.03452742, 0.0018838124, -0.008052221, -0.032772854, -0.00031062344, -0.010550916, 0.00036202683, -0.009266321, 0.00017207902, 0.032866847, -0.02215144, -0.0027708884, 0.01372324, 0.0246893, -0.0174517, -0.007488252, -0.007946477, 0.020819848, -0.009657965, -0.004362925, 0.012375982, 0.0024379902, 0.004973891, -0.030830294, -0.018877288, -0.012712796, 0.013245434, 0.022605749, 0.011060054, -0.0020835514, -0.00722585, -0.022840736, 0.033180162, 0.004613578, -0.01734204, 0.010746739, -0.028026115, 0.0014990212, -0.024094, -0.009924284, 0.024297655, -0.021101832, -0.021399483, -0.00746867, 0.009838122, -0.020945175, 0.024313321, 0.0013776113, -0.023686688, -0.0032193218, -0.0007206268, 0.00085329654, 0.03960314, -0.022934731, -0.0074647535, 0.0031233688, -0.020412536, 0.01199217, 0.0061409934, -0.008874675, 0.009281986, 0.010652743, -0.023812015, -0.026537864, 0.016621413, -0.02222977, -0.0051775468, -0.0045626643, -0.0021697131, 0.010754571, 0.019597916, 0.0022832903, 0.0073942575, -0.036939956, -0.010221934, 0.009791125, -0.0077780695, -0.013088776, 0.019362928, 0.019112276, -0.016480422, 0.036313325, 0.0108329, -0.01018277, 0.024000006, 0.0039125336, -0.0038772854, 0.0019229769, 0.00075685396, 0.016966062, 0.024516976, 0.008945172, -0.00047976512, -0.022511754, -0.014530029, -0.042266328, -0.035592698, -0.018877288, 0.010190602, -0.054141004, 0.0042180168, -0.012579637, -0.00880418, -0.021806793, 0.0104569215, -0.015086165, -0.01223499, 0.010362926, 0.010652743, 0.014812013, -0.0035815935, 0.00012985479, -0.012861622, -0.026929509, 0.007492169, -0.0053655365, -0.0018123372, 0.0015283945, -0.028887734, -0.010950394, 0.040887736, -0.0057141003, -0.004041776, 0.017780682, -0.0016409925, 0.0036951704, -0.023263711, -0.00818538, -0.020945175, 0.018250657, 0.039289825, 0.016292432, -0.019488255, 0.0007294388, -0.026271546, 0.0077114897, -0.0032663192, 0.007746738, -0.00457833, 0.03452742, 0.010026111, -0.0052637085, -0.01361358, -0.0111227175, -0.009187992, 0.023451703, -0.05993735, -0.0032663192, 0.0005081594, -0.02938904, -0.009979114, 0.0074490877, 0.0030411233, -0.016715407, 0.01663708, -0.023138385, 0.009916451, -0.022245435, 0.015626635, -0.0033387735, -0.014389037, 0.02215144, 0.004065275, -0.00818538, -0.0043903403, -0.007249349, 3.8521957e-05, -0.018751962, -0.012336818, -0.0027532643, 0.021979116, 0.017561361, -0.006477808, 0.012744128, -0.0056945183, -0.00880418, 0.0148198465, 0.012172326, -0.01712272, 0.022966063, 0.0015195826, -0.001427546, -0.0077154064, 0.0038420374, 0.0053577037, -0.014866844, -0.0061409934, -0.015422979, 0.020678855, 0.010558749, -0.002394909, -0.009352482, -0.020866845, 0.0084751975, 0.017357705, 0.011052222, 0.0113655375, 0.0070652757, -0.006227155, -0.025942564, 0.04646476, 0.01588512, -0.015031335, -0.020976506, 0.0013619454, -0.00087043096, -0.006622717, 0.018062666, -0.013033945, 0.0066814637, -0.012563971, 0.01245431, 0.0048720636, -0.021117497, -0.0032016977, -0.003029374, 0.010370759, 0.021994783, -0.019425591, -0.012219324, 0.0027375985, -0.0036932123, 0.016041778, -0.0054712803, -0.028355097, 0.0029314628, -0.0031292434, 0.010198436, 0.0068342052, -0.021054834, 0.0007720302, 0.016057445, -0.008874675, 0.0051422985, -0.028449092, -0.009673631, 0.0148198465, -0.016104441, -0.014530029, -0.01861097, 0.019409925, -0.017733686, 0.006599218, 0.01939426, 0.0010407965, -0.0010172979, 0.014028723, -0.012493475, 0.0052088783, -0.0017212797, 0.018156663, -0.0029216716, -0.009665798, 0.0029549615, -0.0010427547, -0.005917756, 0.0024830292, -0.016292432, 0.0037930817, -0.009046999, 0.00036961495, -0.029342042, -0.0007504897, -0.0032291128, -0.002193212, -0.006309401, 0.0034797657, -0.01753003, -0.00052872073, 0.0025319848, -0.0105979135, 0.011874676, -0.0046292436, 0.004421672, 0.009046999, 0.0034503923, -0.017812014, 0.015853789, -0.019770239, 0.012391647, 0.0031037866, -0.01969191, -0.0036109667, -0.010488253, 0.028245436, -0.0060783303, 0.0022245436, 0.0007695824, 0.014835512, 0.0013276765, 0.008083552, -0.014381204, 0.008177548, -0.0014872719, -0.00818538, -0.010057444, -0.0050013065, -0.012156661, 0.0049229776, -0.010488253, 0.0033368154, -0.0068185395, 0.0044530034, 0.019347262, -0.0056553534, -0.0044451705, 0.012281987, 0.0009071477, 0.016355095, 0.0053655365, -0.0006990863, -0.013840734, -0.0055691916, 0.009336816, -0.0074490877, 0.013096608, 0.017248046, 0.017921675, 0.0258799, -0.009775459, 0.011929506, 0.016417759, -0.022496087, 0.008114885, 0.0063877297, 0.01760836, 0.028966064, -0.017326374, 0.004715406, 0.0034778074, 0.0013443214, 0.018360317, -0.006430811, -0.033963453, -0.025613582, -0.0050561368, 0.00073580304, -0.006215406, -0.009767626, -0.020240214, 0.012297653, -0.02118016, 0.006101829, -0.010472587, 0.0058864243, 0.014647523, 0.015493476, -0.015971282, -0.011091386, -0.0145770265, 0.0023107054, 0.001305157, -0.017780682, -0.0028355098, -0.006156659, 0.004684074, -0.028245436, -0.029890345, -0.0041396874, -0.0010525458, 0.0084282, 0.016543085, 0.009501307, -0.004362925, 0.017843345, -0.011161882, -0.016825069, 0.009704962, -0.029436037, -0.011882509, 0.0152036585, 0.015070499, -0.0004440275, 0.02118016, -0.019566584, 0.0068263724, 0.014169715, -0.008866843, 0.0072845966, -0.027321154, 0.020913843, -0.0012992823, 0.00048368156, -0.017671023, -0.017561361, 0.023169717, 0.01488251, -0.022934731, 0.0141932145, -0.0065052235, 0.002759139, 0.0005086489, 0.0020091387, -0.0080913855, -0.0009130224, -4.0113013e-05, 0.015328985, 0.0029099223, 0.018375983, -0.0011964755, -0.022981727, -0.0012924285, 0.008545694, 0.003656006, -0.005396868, 0.004229766, -0.016464755, 0.00322128, -0.0109817255, 0.00010635609, -0.012814624, -0.0088198455, -0.008287208, 0.0042375987, -0.015093998, 0.044365544, 0.0021462145, -0.0023224547, 0.006536555, 0.0106370775, 0.005545693, 0.015258489, -0.0072297663, -0.013566582, 0.017154051, 0.0017075721, -0.00788773, 0.003203656, 0.0036579643, -0.016997393, -4.4595513e-06, 0.017953007, -0.004762403, -0.007574414, -0.0032839433, -0.02517494, 0.006180158, -0.019362928, 0.033430815, 0.025785906, 0.0032310712, 0.0009370106, -0.017921675, 0.004276763, -0.026710188, 0.00584726, 0.004221933, 0.0023753268, -0.014067888, 0.023514366, -0.008506529, 0.0069595315, 0.029843349, -0.017357705, 0.01269713, -0.008608357, 0.0023028725, 0.018344652, -0.03540471, -0.0026063975, -0.022120109, -0.021399483, -0.0059334217, -0.01439687, -0.006344649, 0.014655355, -0.011083554, 0.00081168424, -0.012148827, -0.008788514, -0.009164493, 0.0075195837, 0.0026083556, -0.031723242, 0.017733686, 0.00015531172, -0.009822456, 0.012336818, 0.011608358, 0.005287207, -0.012516974, -0.0048798965, -0.017060056, -0.025159273, 4.5161563e-05, -0.018939951, 0.017890343, -0.004519583, 0.024250658, 0.017812014, 0.02979635, 0.041420374, 0.005216711, 0.025284601, -0.012556138, 0.021493478, 0.005996085, -0.0070848577, -0.0038792435, 0.0153054865, -0.007680158, 0.008248043, -0.0101122735, -0.0013658619, -0.011921673, 4.1000334e-05, -0.027681468, 0.008678853, -0.018281989, 0.001923956, 0.006360315, 0.032240216, -0.01485901, 0.01059008, -0.0013913189, -0.0069007846, 0.01096606, -0.014201047, 0.022793738, 0.0020757185, 0.006258487, -0.00198564, 0.017075721, 0.02360836, -0.0034543087, -0.0011573109, -0.03095562, 0.014067888, -0.008342038, 0.009861621, 0.020866845, -0.011686686, -0.012712796, -0.004527416, 0.018595304, 0.011161882, -0.0077271555, 0.040793743, 0.005110967, 0.0034758493, -0.011107052, 0.0023988255, -0.007124022, 0.016652744, -0.012548305, 0.011624023, 0.015571805, -0.0035150137, -0.01655875, -0.0061409934, -0.006430811, -0.0122741535, 0.0024340737, -0.01726371, 0.012877287, 0.0035992174, 0.0042493483, -0.015626635, -0.020020891, 0.009571804, 0.007875981, -0.018736295, -0.0061488263, 0.01879896, -0.0077193226, 0.011812013, -0.010543083, 0.009219323, 0.026976507, 6.523337e-05, 0.012415146, -0.01048042, 0.007488252, -0.008412534, 0.0038890347, -0.014091386, 0.00710444, -0.01536815, -0.002367494, 0.0010858357, 0.0022519587, 0.0089608375, 0.005083552, -0.017733686, -0.019676244, 0.02812011, -0.018751962, 0.03621933, 0.006168409, 0.0047232388, 0.012148827, 0.009845955, 0.019738907, -0.0044255885, 0.009164493, -0.03913317, 0.008537861, 0.015728462, 0.017232379, 0.009430812, -0.046840742, 0.038381208, -0.0067754583, -0.007617495, 0.0064582257, -0.008514362, 0.017216714, -0.0018661884, -0.0029197135, 0.0042375987, 0.0064386437, -0.01850131, -0.022198439, 0.01283029, -0.0012679506, 0.006971281, 0.015877288, 0.012031334, 0.013417757, -0.010143605, -0.0015636426, 0.017890343, -0.030219328, 0.004464753, 0.002150131, 0.0023870762, -0.008788514, -0.025206272, 0.019926896, -0.0022186688, 0.009571804, -0.047686692, 0.007915145, -0.0041240216, 0.023028726, -0.01307311, 0.01939426, -0.00956397, -0.03025066, -0.012485642, -0.012039167, 0.012994781, -0.024375984, 0.027054835, -0.008044388, -0.009313318, -0.014498698, -0.008514362, 0.015798958, 0.029906012, 0.0045822463, -0.023091389, -0.012657966, 0.01283029, 0.0014862927, 0.008741516, 0.0068302886, 0.008326372, -0.0031938648, 0.010527417, 0.006744127, -0.021509143, -0.0018250657, 0.00867102, 0.0043746745, 0.021994783, 0.0003421998, 0.0031116195, -0.008624023, 0.009180158, 0.012642301, 0.028887734, -0.0076488266, 0.032678857, -0.014913841, 0.007989557, -0.021086166, 0.02938904, 0.0004978787, 0.0026925593, -0.019080944, 0.004778069, 0.019644912, -0.031801574, -0.00050179515, 0.008412534, 0.011138383, -0.008060054, 0.012556138, 0.032020893, 0.036094002, -0.004464753, 0.013331596, 0.009274153, 0.00012398012, -0.00041661237, -0.013637079, 0.0008175589, 0.010574414, -0.014130551, -0.0087180175, 0.014287209, -0.0050522205, -0.03506006, 0.010151438, 0.0076409937, 0.03274152, -0.015422979, -0.01553264, -0.00052039826, -0.0073981737, -0.0024321154, 0.010167104, -0.0011455616, 0.006744127, -0.021007838, 0.009665798, -0.0052793743, -0.01210183, -0.032208882, -0.0037460844, -0.007738905, -0.006571803, -0.019864233, 0.030078335, -0.016104441, 0.006422978, 0.00021271218, -0.005389035, 0.0040770243, -0.025644913, 0.0031605752, 0.008122717, -0.0024575724, -0.011686686, -0.0061840746, 0.0019112276, 0.007946477, 0.007366842, -0.014279377, -0.0030998702, 0.005921672, -0.0028159274, 0.003213447, 0.0010231725, 0.0053577037, 0.0034366848, -0.008890341, -0.024516976, -0.018861623, 0.042454317, 0.007539166, 0.019973895, 0.008146216, -0.005232377, -0.0036795046, 0.015853789, -0.0016488254, -0.0027493478, 0.010417757, -0.012673632, -0.018924287, 0.004856398, -0.008678853, -0.024783295, 0.015266322, -0.009360315, -0.005894257, -0.006936033, 0.00932115, 0.002794387, -0.009328984, 0.011232378, 0.008796346, -0.003961489, -0.0047506536, -0.0079503935, 0.020302877, 0.036595307, -0.0071514375, -0.01753003, -0.00428068, -0.021023503, 0.0150626665, 0.034809407, 0.00856136, 0.0022402094, 0.016480422, -0.014663189, 0.009289819, 0.0071436046, 0.019331597, -0.01753003, -0.0023459534, 0.001871084, -0.011044389, 0.009900785, 0.0093838135, 0.0033133165, 0.012751961, -0.005667103, 0.010331594, -0.008060054, -0.019190604, -0.0060078343, 0.009634467, -0.025832903, 0.015360316, -0.003787207, -0.012955616, 0.017357705, -0.0113655375, -0.016386427, -0.0027845958, 0.0008283291, -0.01644909, 0.012736295, -0.006979114, -0.01196867, -0.027117498, -0.0021873373, -0.015297653, 0.012258488, -0.0106370775, 0.012493475, -0.010229767, -0.03211489, -0.0010662535, -0.012524807, -0.012446478, 4.819069e-07, -0.01655875, 0.010660577, -0.0058237608, 0.018172327, -0.012634467, -0.007437338, -0.009845955, -0.0057650143, 0.01485901, 0.0011641647, -0.015657967, 0.006493474, 0.0174517, -0.018407315, -0.0034112278, -4.549813e-05, 0.0056631863, -0.010409924, -0.0036932123, 0.014686687, 0.0153446505, -0.012877287, 0.01018277, -0.026945176, 0.023091389, -0.0034229772, -0.012093998, 0.0048642308, -0.009548305, 0.0198799, -0.025644913, 0.009493475, 0.00066481734, 0.007668409, 0.012093998, 0.010519585, 0.00041098247, -0.0043590087, 0.0029451703, 0.005788513, 0.00367363, 0.004472586, 0.008686686, -0.018047001, -0.014874676, -0.008780681, -0.02379635, -0.011302874, -0.0019484338, -0.01872063, -0.005181463, 0.0091018295, -3.5523426e-05, -0.00075783307, -0.017154051, 0.017765017, -0.015242823, 0.009336816, 0.026694523, -0.010817234, 0.014263711, 0.017091388, 0.02185379, -0.00584726, -0.013691909, -0.009924284, -0.021994783, 0.015148828, -0.015673632, 0.0027650136, 0.011373371, -0.020992171, -0.005800262, 0.03408878, -0.021947784, 0.0029706273, -0.0065953014, 0.009509141, 0.010746739, 0.0011387079, 0.009148827, 0.005851176, 0.0073276777, -0.0031390346, 0.0019954313, -0.0054712803, 0.01029243, -0.012767627, -0.012924285, 0.0076997406, 0.017561361, -0.02558225, 0.0036755882, 0.013080942, 0.011060054, 0.015211491, 0.0025633164, -0.0012327026, 0.009469976, -0.002706267, -0.011819846, 0.025519587, -0.0047937348, 0.01293995, 0.035342045, -0.0067519597, -0.008843344, 0.0042141, -0.020240214, -0.012728462, 0.009375981, 0.011443866, 0.0054908628, 0.010550916, 0.0028061364, 0.0060822465, 0.0034092697, 0.015164494, 0.0023537865, 0.009845955, 0.008396869, 0.00047903077, 0.006814623, 0.0028413844, 0.002089426, -0.0032428205, 0.00014062502, -0.0030097917, 0.004484335, 0.0057767634, -0.008733683, -0.0011250002, 0.002488904, 0.019112276, 0.040887736, -0.008757182, 0.026945176, -0.0011073762, 0.0075156675, -0.019723242, 0.0033896873, -0.0014255878, 0.0031037866, -0.002296998, 0.021775462, 0.03643865, -0.019770239, -0.0066305497, -0.0031547004, 0.030407317, -0.03800523, -0.010762405, -0.005396868, 0.010417757, 0.0077232393, 0.032647528, -0.0027121415, 0.0010917104, 0.008295041, -0.019676244, 0.020240214, -0.016825069, 0.020882512, 0.012845956, 0.014545695, 0.011177548, -0.0051579643, 0.0011945172, 0.02055353, -0.009438644, 0.018062666, -0.010464754, 0.011725851, 0.017984338, 0.008122717, -0.005815928, -0.014255878, 0.014851178, -0.006101829, -0.013652745, -0.021242823, 0.030563975, -0.009015667, -0.011475198, 0.0033838127, 0.008569192, 0.00059970637, 0.028527422, -0.0032800268, -0.00058648834, 0.011577026, 0.008984336, 0.0076018292, -0.020130552, 0.0052989568, 0.0059765023, 0.016731074, 0.006046999, -0.006117495, -0.0076488266, 0.009054832, 0.008287208, -0.00794256, 0.0007911229, -0.0113655375, -0.01644909, -0.0020835514, 0.014271543, 0.0003634955, -0.0011533945, -0.0391645, -0.00032359667, -0.0015675591, 0.022464756, -0.0038577032, 0.0048250663, 0.00044892306, -0.010323762, 0.0012767627, -0.0023204966, -0.003029374, -0.014138384, -0.010644911, 0.016903399, 0.003142951, -0.0061488263, -0.0060078343, 0.0053929514, 0.020130552, -0.009501307, -0.012117496, 0.009822456, 0.010825068, -0.0043315934, 0.023154052, -0.0013717365, -0.008459532, 0.012368149, -0.008099218, -0.0002594648, -0.011757183, -0.02558225, -0.0154856425, -0.0036187996, 0.0037304186, 0.021994783, 0.0028394263, -0.0075430823, 0.037127946, -0.024250658, 0.016825069, 0.007926894, -0.025723243, -0.009195824, -0.011812013, -0.010997391, -0.0086161895, 0.014389037, 0.01793734, 0.022778073, -0.0010907312, 0.007962143, 0.016104441, 0.010989558, -0.0045744134, 0.012595302, -0.020647524, -0.000107212814, -0.006622717, -0.01072324, 0.0046370765, 0.008451699, -0.009744127, 0.0013453006, -0.008404701, -0.0035815935, 0.0030939954, 0.010167104, -0.016480422, 0.0029216716, 0.020208882, 0.005600523, -0.012712796, -0.0076449104, -0.002011097, -0.0002626469, 0.01601828, -0.01018277, 0.010785903, -0.0108798975, 0.008890341, 0.0118903415, -0.003499348, 0.013464754, 0.015892955, 0.0019024155, 0.0052558756, 0.014561361, 0.005032638, -0.0037206274, 0.034151442, 0.012759794, 0.0024595305, 0.020412536, 0.0049503925, 0.020005226, -0.01161619, 0.005733683, 0.006043082, 0.0021657967, 0.019973895, 0.026992172, 0.009955616, -0.002586815, 0.004805484, 0.00050179515, 0.009908618, 0.016793737, -0.007860315, 0.004832899, -0.00896867, 0.009078331, 0.011216712, 0.017326374, -0.0077780695, -0.01312794, 0.0017741518, -0.0078289835, 0.010770237, 0.030297656, 0.05526894, 0.0017780683, -0.026506532, -0.020146219, -0.0082323775, -0.013104442, 0.025409928, -0.01644909, 0.024313321, -0.02036554, -0.0070848577, -0.028872069, -0.010762405, 0.008647521, -0.001105418, -0.030814627, -0.01601828, -0.016276766, -0.0015675591, 0.01450653, 0.03816189, -0.0009986947, 0.0019875984, -0.013488254, -0.016292432, -0.01493734, -0.028746743, 0.028104445, 0.016825069, 0.0017359664, -0.0069516986, -0.0072023515, 0.022449091, -0.009093997, -0.0020404705, -0.027336821, 0.009736295, -0.009391647, 0.022276767, 0.009516973, -0.0067088786, -0.006238905, 0.018595304, -0.013832901, -0.015728462, 0.0019376635, -0.020052223, -0.007684075, 0.0035678858, 0.009462143, -0.012642301, 0.019942563, -0.0156658, -0.007883813, 0.010449088, 0.025456924, -0.0024047003, -0.014279377, 0.0043903403, -0.0060235, 0.0047389045, -0.009556138, 0.029937344, 0.017624024, 0.0014392954, -0.017561361, -0.013691909, -0.0030763713, -0.0084360335, 0.0019875984, -0.003744126, 0.01931593, -0.032240216, -0.008906007, 0.01499217, 0.022104444, -0.0014755225, 0.009704962, -0.005988252, -0.007872065, 0.020945175, -0.01396606, -0.013002614, 0.014866844, -0.024642304, 0.01120888, -0.010582248, -0.001053525, 0.023514366, -0.017232379, -0.0019552875, 0.0038616196, 0.0056553534, 0.014945173, 0.0046919067, 0.019268934, 0.0061449097, 0.00891384, 0.032772854, -0.00813055, -0.012250655, 0.0024732382, 0.022355096, 0.0004036391, 0.019002615, 0.015454311, -0.008326372, 0.0029295045, -0.00049249356, -0.013637079, 0.022214103, 0.01048042, 0.0048211496, 0.03860053, 0.013574415, -0.0138564, -0.016402092, 0.019817237, 0.0216658, -0.004640993, 0.0011132509, 0.025002616, -0.001453982, -0.0047937348, -0.014976504, -0.006536555, 0.0036618807, -0.0074530044, -0.002044387, 0.007989557, 0.005921672, -0.0012327026, 0.020804182, 0.00813055, -0.008389035, -0.005526111, -0.0035189302, 0.031613585, 0.006360315, 0.0017026766, -0.020381205, 0.0108329, -0.001322781, -0.0062624034, 0.012172326, 0.0028962146, -0.031895567, 0.0024184077, 0.027665801, -0.0019435382, -0.00674021, -0.02222977, -0.009109663, -0.019864233, 0.012869454, 0.0006124349, -0.0007779049, 0.0012052874, 0.016135773, -0.015626635, -0.0076449104, 0.0032486953, -0.0116475215, -0.016464755, -0.004229766, -0.0084751975, 0.012806791, -0.002238251, -0.010997391, 0.009125329, -0.012986948, 0.0014559402, -0.006665798, -0.028715411, 0.0088590095, 0.013629246, -0.00403786, -0.011600524, 0.015000003, 0.013026113, 0.019331597, -0.027007839, 0.005815928, -0.0052519594, 0.0066892966, 0.004684074, -0.020913843, -0.008381203, 0.0042532645, -0.0072023515, 0.04643343, 0.008404701, 0.017326374, -0.0028707578, -0.007124022, -0.038537867, 0.010472587, -0.008146216, -0.012328984, 0.011295041, 0.00560444, -0.013323762, 0.010206268, -0.01348042, -0.0030998702, -0.009281986, -0.027493479, -0.008851177, 0.0012571805, 0.004492168, 0.004022194, -0.0115065295, -0.0020042432, 0.0017026766, 0.0030137082, -0.0018045043, -0.0057062674, 0.021618804, 0.004484335, 0.021775462, -0.009117495, -0.022950396, 0.004378591, 0.0050208885, -0.0032016977, 0.011201046, 0.02353003, -0.011185381, 0.018657967, -0.01161619, -0.021806793, -0.009070498, 0.01102089, 2.3299817e-05, 0.0024693217, -0.0017046349, 0.011154049, 0.01637076, 0.0061253277, 0.02793212, -0.007797652, -0.018626636, 0.0064621423, 0.0022421675, 0.017718019, 0.0031821155, 0.0052088783, -0.006278069, 0.023639692, -0.0062819854, 0.005161881, -0.01107572, -0.028715411, -0.009759793, 0.012650133, -0.026945176, 0.0070926906, 0.029420372, -0.018657967, -0.009430812, -0.01096606, 0.010903397, -0.016026113, -0.03162925, -0.005526111, -0.016668411, 0.022605749, 0.013574415, -0.008201046, 0.034214105, -0.02085118, 0.03744126, 0.028104445, -0.047843352, -5.7767636e-05, 0.0015440604, -0.0013482379, -0.01622977, -0.009665798, -0.00788773, 0.0023655358, 0.0047506536, -0.006297651, -0.016621413, 0.009274153, -0.012665799, -0.014365538, -0.0033407318, -0.0073511763, 0.0026827683, -0.0053655365, 0.014522196, -0.0026142304, -0.014373371, 0.005220628, 0.01247781, 0.011201046, 0.0018231075, -0.008522195, 0.002332246, -0.009556138, -0.0036540478, 0.01053525, 0.00590209, 0.0071083563, -0.0011259794, -0.009328984, -0.025488256, -0.0029667108, -0.008647521, 0.005980419, 0.017592693, -0.011624023, 0.00891384, -0.008349871, -0.02144648, -0.0076449104, -0.014373371, 0.010308096, -0.011765015, 0.015845956, -0.022590082, -0.002445823, -0.0319269, -0.013652745, -0.0035737606, -0.013511752, 0.0039281994, -0.0046174945, 0.003368147, 0.008874675, 0.015313319, -0.007750654, 0.0044295047, -0.0068890355, -0.01912794, 0.005103134, 0.018955618, -0.00969713, -0.018736295, 0.0013541125, -0.016167104, -0.007989557, 0.0033270242, 0.0028511756, -0.0012689298, 0.0017663189, -0.018281989, 0.0040084864, -0.010104441, 0.0012258488, 0.0033583557, 0.0156423, -0.009422978, 0.0013149481, -0.005612273, 0.013903397, -0.0030234994, -0.004962142, -0.013919063, -0.017812014, 0.0023146218, -0.0052088783, 0.0045391656, 0.002210836, -0.00041538847, -0.012281987, -0.012845956, -0.025629248, 0.002776763, -0.0051148837, 0.018140996, -0.014310708, 0.021352485, 0.007554832, -0.006998696, -0.0026005227, -0.018093998, -0.021430815, -0.0039967373, 0.0026259797, 0.0071436046, -0.0023655358, 0.012203658, 0.005216711, -0.0013590081, -0.0063916463, 0.018031335, -0.004852481, 0.013503919, -0.017765017, 0.010033945, 0.018563973, 0.0007147521, 0.0022617497, -0.00040070177, 0.00322128, 0.028511755, 0.022762407, -0.0022734993, 0.031268936, -0.0031018283, -0.010284597, -0.020443868, 0.011052222, -0.0040535256, -0.005091385, -0.025080945, 0.01221149, 0.013558749, 0.008780681, -0.0100104455, 0.022934731, 0.04467886, -0.0027493478, -0.0018054834, -0.0003502775, 0.029373374, -0.0009433749, 0.012352483, -0.023624025, -0.004903395, -0.0022793738, -0.002794387, 0.027697133, -0.018407315, -0.004989557, -0.0077349884, -0.0095874695, 0.005702351, 0.011733684, 0.018360317, 0.013159271, 0.0031331598, -0.0022872067, -0.025409928, -0.007973892, -0.0023361624, 0.0038616196, -0.027430816, 0.021697132, 0.009979114, 0.0017780683, 0.02566058, -0.005412534, -0.0022500004, -0.026616193, 0.008694518, 0.018924287, 0.0087180175, 0.011592692, 0.0017173633, 0.00077692576, -0.012532639, -0.00015139526, -0.024360318, -0.008342038, -0.00932115, -0.0025339432, -0.00084301585, 0.0033896873, 0.020945175, 0.0075078346, -0.0075509152, -0.0047584865, 0.0032330293, 0.015869455, -0.01831332, 0.022323765, 0.0015538515, 0.025409928, -0.006885119, 0.00993995, -0.019503921, 0.009117495]"
入場料,fromCluster,0.4105,19.0,0.9026,"[-0.01936656, 0.0020196442, 0.003307733, 0.009384365, -0.012239792, 0.0028770592, -0.070606925, 0.060947243, -0.008786535, -0.0024621175, -0.074697345, 0.021191517, 0.028711595, -0.046127338, 0.016566196, -0.05094145, 0.020546488, -0.05405646, -0.018690068, -0.0064070118, -0.012688165, 0.01007659, 0.055692628, 0.00035397857, -0.039739992, -0.024668373, 0.002173035, 0.036373265, -0.0033411642, -0.015771711, 0.0048573725, 0.021569094, 0.0116498275, -0.012145397, -0.008117909, 0.04823548, 0.058524456, 0.0129320165, 0.013356791, -0.021317376, -0.044679962, 0.0025447125, -0.0065525365, -0.035177603, -0.02683944, -0.016361676, -0.001569305, -0.00074679643, -0.01645607, 0.0048613055, -0.00142968, 0.03435952, 0.046851028, 0.029718466, 0.020184644, 0.0066075996, -0.0065053394, 0.0626778, -0.019130575, -0.02267036, -0.019240702, -0.0012261424, 0.003559451, -0.011602631, 0.029026242, 0.040211964, -0.0051523545, 0.05254615, 0.011744222, 0.0036872767, -0.023960415, -0.018233828, -0.017164027, 0.013403988, 0.04043222, 0.023032205, 0.040967118, 0.021160051, 0.018988984, 0.0053411433, -0.02359857, 0.04197399, 0.019869996, -0.01017885, -0.020577954, 0.017604534, -0.05182246, -0.046882495, -0.02411774, -0.016692055, 0.04175374, 0.019932926, -0.038040895, -0.05128756, 0.03854433, -0.006694128, -0.005113024, 0.010910406, 0.030568015, 0.017698929, 0.018548476, -0.04247743, 0.009990062, -0.020373432, -0.023126598, 0.05525212, 0.014882832, 0.02081394, -0.003020617, -0.043201115, -0.01751014, 0.025580851, 0.033667292, -0.004464063, 0.006859318, 0.024605444, -0.03225138, -0.002556512, -0.024463851, -0.0137501005, -0.012090335, -0.061702397, 0.013844495, -0.02617868, 0.038481403, -0.025549386, -0.011988074, 0.01474124, -0.04540365, -0.028302552, -0.020247573, -0.005494534, 0.010564294, 0.013962488, 0.01123292, 0.0043657357, -0.008188704, -0.013018545, -0.0052349498, -0.05314398, -0.025266202, 0.016613394, -0.025864033, 0.063999325, 0.0069615785, 0.021490432, 0.00748468, -0.0109418705, -0.044113595, 0.024432387, 0.003889831, 0.019476688, -0.0071110358, 0.027342876, -0.005919308, -0.0062693534, -0.016235817, 0.033950478, -0.03278628, -0.009714745, -0.012507242, 0.005168087, -0.041879598, 0.022103995, -0.009101182, -0.0081336405, 0.038040895, -0.016880844, 0.0111699905, 0.0313389, -0.027704721, -0.01975987, -0.0032880674, -0.04216278, -0.034862954, 0.037222814, 0.03514614, 0.00941583, 0.01348265, -0.0003876557, 0.014261403, 0.052105643, 0.04858159, -0.05566116, -0.022513036, -0.016865112, 0.013553446, -0.036530588, -0.0008824882, -0.012766827, -0.0012546573, -0.0143086, -0.01282189, -0.028082298, -0.01288482, 0.009864203, -0.020546488, -0.012200461, 0.040621005, 0.047323, -0.008998921, -0.02907344, -0.0025132478, -0.007402085, -0.00571872, -0.0076302043, 0.0016587828, -0.0018908355, -0.03006458, -0.006517139, -0.02215119, 0.02729568, -0.012428581, 0.0036872767, -0.0075712083, 0.010391237, 0.009164112, 0.0069143814, 0.00064601086, -0.014363663, -0.032628957, -0.008306697, 0.017903449, 0.024731303, -0.0095416885, -0.012404982, -0.011940877, 0.029498214, 0.0075082784, 0.002291028, -0.027091159, -0.033415575, -0.03185807, 0.010556427, 0.0026784379, -0.051696602, -0.02510888, -0.07331289, 0.026823709, -0.007146434, -0.040967118, 0.030961325, -0.056321923, 0.032094058, -0.050721195, 0.014898565, 0.0008234918, 0.040274892, 0.036593515, -0.027185554, -0.02597416, -0.0021219049, 0.011980208, 0.0038131357, 0.009950731, 0.05770637, -0.02273329, -0.00945516, -0.01110706, 9.888047e-05, 0.009879935, 0.04043222, -0.0034689899, -0.039236557, 0.038638726, 0.00964395, -0.023441248, -0.009109048, 0.016220083, -0.002068808, 0.0048298407, 0.039079234, -0.005982238, 0.009612485, 0.013238798, 0.023158064, -0.002941955, -0.020074517, -0.034044873, -0.0004623845, 0.023299655, -0.01205887, -0.010477765, -0.017132562, -0.018690068, -0.013443319, 0.02114432, 0.03502028, -0.0033804954, -0.021191517, -0.02702823, 0.0037856041, -0.026052821, 0.022339981, 0.028444143, 0.07891362, -0.009085449, -0.02260743, -0.025628047, -0.006155294, -0.031291705, 0.0010806179, -0.01922497, -0.041376162, 0.02029477, 0.005372608, 0.0007364721, -0.0006479774, -0.014914297, -0.012530841, 0.046693705, -0.046851028, -0.0076420037, -0.0104698995, -0.007315557, -0.009046119, -0.0042084116, 0.0011268317, -0.015213212, -0.038921908, 0.011807151, -0.018092237, -0.02062515, -0.06145068, 0.0075515425, 0.0010855342, 0.0057541183, 0.007826859, 0.019067645, -0.0015712715, 0.0014493455, -0.02029477, 0.00951809, 0.0020845404, -0.0067688567, -0.0008338162, 0.008739337, -0.0033922945, 0.002025544, 0.015221078, -0.017132562, 0.006414878, 0.01791918, -0.006812121, -0.01916204, 0.024762766, 0.034862954, -0.054308176, 0.019854264, -0.02267036, 0.00065535196, -0.0076341378, 0.011689159, -0.036467656, 0.032141253, -0.0341078, 0.06060113, -0.053458627, 0.0028652598, -0.018233828, -0.033604365, 0.024872893, 0.030882662, 0.021301644, 0.010871075, -0.0019458988, -0.005872111, 0.026886638, 0.0030461822, 0.011146392, -0.00071238185, -0.004715781, -0.019649744, -0.013451185, -0.004798376, -0.025014484, -0.05141342, 0.009234907, -0.02452678, 0.0018062739, -0.025517922, -0.049336746, -0.032031126, -0.0042713415, 0.024872893, -0.00665873, 0.02822389, -0.027736187, -0.012106067, 0.0013195534, -0.050721195, 0.011948743, -0.030080311, 0.03165355, -0.004385401, 0.0066508637, 0.021317376, -0.012098201, -0.0062142904, 0.024243599, -0.00034807893, 0.00041297497, -0.0055653295, -0.009533823, 0.009337168, -0.052451756, -0.011264385, 0.02510888, 0.023142332, -0.025360597, 0.01017885, -0.04559244, -0.009636083, 0.031574886, 0.02510888, 0.0012674399, -0.02087687, 0.015929036, -0.018391153, -0.04184813, 0.0068042544, 0.012302722, -0.03873312, 0.002212366, 0.036247406, 0.017966378, 0.028538538, 0.035995685, 0.03555518, 0.020058785, -0.006827853, 0.04103005, 0.011547567, -0.007889789, 0.03873312, -0.01007659, 0.055409443, 0.008676408, 0.038229685, 0.009636083, -0.025140343, -0.0368767, 0.00057963986, -0.024039077, -0.033195324, 0.01791918, 0.010784547, -0.010312575, 0.0080156475, 0.001799391, 0.004145482, -0.015496395, -0.009557421, 0.0055849953, 0.009919266, 0.03291214, 0.019917194, -0.035272, 0.0060176356, 0.020326236, 0.02907344, 0.05855592, 0.009282105, -0.017950647, -0.019539617, 0.044522636, -0.0023205262, 0.0015840541, 0.0042084116, -0.0017610433, 0.008503351, 0.0055574635, -0.0032585694, 0.010131653, 0.009211308, -0.006686262, 0.008385358, -0.030741071, -0.022764754, -0.023488443, 0.0035909158, -0.026021358, -0.0128140235, 0.030394958, 0.047763508, 0.012625235, 0.021993868, -0.0016214184, -0.0072840923, 0.0039271954, -0.0016804149, -0.003746273, 0.020908333, -0.0047354465, -0.0009439428, -0.0775921, 0.023881754, -0.060821384, -0.01536267, -0.002812163, -0.021820812, -0.019020448, -0.02293781, -0.022450106, -0.017006703, -0.026776511, 0.0069183144, 0.01315227, -0.005140555, 0.00925064, 0.0220096, 0.019586813, -0.011374511, 0.012192595, 0.0048652384, 0.0023283924, 0.00280823, -0.006741325, -0.02273329, 0.040809795, -0.010501364, 0.008770802, -0.018579941, -0.004165148, 0.013411854, -0.0007158233, 0.017069632, 0.0049556997, 0.05657364, -0.02128591, 0.051256094, -0.010084456, -0.017274154, -0.014072615, 0.023016473, 0.019508151, 0.008401091, -0.0049006366, 0.0034689899, -0.02849134, -0.043987736, 0.03951974, -0.028507072, -0.006245755, 0.023755895, -0.013569178, 0.004873105, -0.011374511, -0.027704721, 0.008873062, 0.046693705, 0.0035574846, -0.0019665475, 0.0017502273, 0.01397822, -0.03939388, -0.0035614176, 0.019335095, 0.024227865, 0.009313569, 0.014214206, -0.028239623, 0.038764585, 0.0010973335, -0.0038308345, -0.026414666, -0.02372443, 0.009478759, 0.009061852, 0.01850128, 0.014725508, -0.0007630205, -0.03159062, 0.018092237, 0.016566196, -0.0065132054, 0.029356621, 0.018532744, -0.014017551, -0.032597493, 0.03210979, -0.0028396947, 0.03747453, 0.004723647, 0.008707873, -0.0004614012, 0.012051003, -0.021427503, -0.02056222, -0.0070638387, -0.0039979913, 0.027578862, 0.010753082, 0.020168912, -0.021160051, -0.026540525, 0.018815927, 0.0066508637, 0.0019783468, -0.009085449, -0.007661669, 0.0016430505, 0.0068042544, -0.021128587, 0.009510224, -0.026886638, 0.019586813, -0.018343955, -0.018391153, 0.013270263, 0.0025171808, 0.0583042, -0.023991881, -0.0010589858, 0.011429574, -0.024023345, 0.0051051574, -0.0083696265, -0.0016184687, -0.0075790742, 0.014961494, 0.0070835045, -0.014434459, -0.022922078, 0.01172849, 0.047102746, -0.00075269607, -0.023630036, 0.024573978, -0.00895959, 0.00528608, 0.00016076527, -0.024416655, -0.028570002, 0.00032890507, 0.0063794805, 0.010320442, 0.0500919, 0.029041974, -0.00429494, 0.021852277, 0.013262397, -0.017006703, 0.020200377, -0.0044522635, -0.020058785, -0.012633101, -0.0071857646, 0.01963401, 0.014937895, -0.006623332, 0.006202491, 0.027012497, 0.034139264, 0.0021376372, -0.008991055, -0.0023401915, -0.05651071, 0.0015024423, 0.004287074, -0.03291214, 0.0014955595, 0.025848301, -0.016518999, 0.02339405, -0.0023067603, 0.0022241652, 0.002129771, -0.03712842, -0.006001903, -0.017950647, 0.0032153053, -0.00097098283, 0.010304709, -0.01028111, -0.021270178, -0.014520987, 0.005010763, 0.014851367, -0.06601307, -0.0018829693, 0.013616376, 0.0016273181, -0.023142332, -0.0014926096, 0.0068160538, -0.030646676, 0.00819657, -0.011689159, 0.03627887, 0.016739253, -0.007402085, 0.009227041, 0.04965139, 0.00291639, -0.031889535, 0.022245586, 0.012735362, 0.006292952, 0.002086507, -0.021207249, -0.015559324, -0.03165355, -0.016314479, 0.006418811, 0.0033765621, -0.00698911, 0.030080311, -0.027437272, 0.009990062, -0.0019822798, -0.0021455034, 0.0030914128, 0.037757713, 0.0144501915, 0.02663492, -0.0027394008, -0.008503351, -0.007830792, -0.02062515, 0.021207249, 0.009588886, -0.03369876, -0.0030579814, 0.038387008, -0.012696031, 0.02002732, 0.012522975, 0.013474784, -0.0041808803, -0.004959633, -0.013230932, -0.007362754, 0.004991098, -0.0051995516, -0.0043618022, 0.0088415975, 0.009109048, 0.008330296, -0.01784052, 0.029230762, -0.014489522, -0.017352816, -0.029451016, -0.0103597725, 0.00050835253, -0.021836543, 0.061293352, 0.028066566, -0.005494534, 0.00781506, -0.023755895, -0.00069419126, -0.036845233, 0.004019623, 0.011280117, -0.0028239624, 0.016802182, -0.01963401, -0.012027405, 0.008479753, 0.0048652384, 0.023740161, 0.015504261, 0.013333192, -0.012806158, 0.006281153, -0.0093529, -0.0011759955, 0.0008785551, 0.007146434, 0.0130500095, -0.0020176778, 0.0029989851, -0.03873312, 0.04150202, -0.004456197, 0.029891523, 0.011925144, 0.0053962064, -0.020515025, 0.0067255925, 0.01391529, 0.025785372, 0.015173881, -0.036184475, -0.021301644, 0.016440338, 0.02287488, 0.04191106, 0.029985918, 0.023441248, 0.004821975, 0.006572202, 0.022355713, 0.0011405976, 0.03086693, 0.0019803133, -0.00951809, -0.011736356, -0.007925186, -0.0058091814, -0.0063480153, 0.015858239, 0.015315472, 0.028428411, -0.013199467, -0.014277135, -0.032345776, 0.03753746, -0.008849464, 0.023582838, 0.006009769, 0.0033018333, -0.009840604, -0.004467996, -0.00032054726, -0.016086359, -0.01922497, -0.011185722, 0.023346853, 0.002086507, -0.0051995516, -0.005014696, -0.008652809, 0.001465078, 0.0031661415, 0.05367888, 0.0077481973, -0.017289886, 0.013191601, 0.01371077, 0.008928126, 0.017494407, 0.00798025, 0.00030702725, -0.0056793895, 0.039110698, 0.010139519, -0.025234738, -0.027987905, 0.0056872554, -0.04691396, 0.010894674, -0.015394134, 0.011028399, -4.6213867e-05, -0.013081474, 0.02087687, -0.0148671, 0.02702823, 0.026225878, 0.025926962, -0.0036735109, -0.0374116, 0.017856251, 0.0071385675, -0.02353564, 0.00039871753, 0.013726502, 3.7917496e-05, -0.00020230858, -0.03502028, -0.0057816496, 0.01513455, 0.021128587, 0.01777759, -0.030536551, 0.012184729, -0.0028750924, 0.009832738, -0.040967118, -0.02690237, 0.033950478, -0.027547399, -0.011720624, -0.00583278, 0.008794401, -0.011036265, -0.04203692, -0.012924151, 0.0007050073, -0.020279039, -0.010414836, 0.0024581845, -0.028098032, 0.0026194414, 0.019744137, -0.0011966442, -0.039960247, 0.030174706, -0.017478675, -0.028979044, -0.031889535, 0.0072840923, 0.0052467487, -0.03514614, 0.03782064, -0.043138187, -0.01891032, -0.010698019, -0.016440338, 0.0040392885, 0.019067645, 0.015590789, -0.013199467, 0.034737095, 0.030772537, 0.016613394, -0.0021651688, 0.017651731, 0.020672347, -0.03132317, -0.010698019, 0.009038253, -0.016880844, -0.029860059, 0.0093529, -0.0030147175, 0.03132317, -0.042383034, 0.0034493245, 0.04691396, -0.003982259, 0.012829756, -0.0089517245, -0.011948743, -0.0036282802, 0.022103995, -0.012688165, -0.010108055, 0.008007782, -0.018627139, 0.020326236, 0.015677318, 0.014363663, 0.010847476, -0.011051998, -0.0037482397, 0.03514614, 0.027122624, -0.0077560637, 0.01602343, 0.0056872554, -0.022198388, -0.005675456, -0.014890698, 0.012625235, -0.026493328, -0.015811043, 0.004043222, -0.00035766585, -0.0023755895, -0.0102417795, 0.0110048, 0.0049045696, -0.041470554, -0.031905267, 0.0051916856, 0.0031130447, 0.032408703, -0.031952463, -0.0053962064, -0.006690195, 0.008880929, -0.034862954, 0.0068003214, 0.006591867, 0.02762606, -0.016692055, 0.0051208897, 0.0025781437, 0.005423738, 0.02081394, 0.028585736, -0.0062221563, -0.0018033241, -0.011067729, -0.031008521, -0.014182741, -0.02207253, 0.015197479, 0.03140183, 0.030520817, 0.038166754, -0.020168912, 0.0090697175, -0.0130500095, 0.014119811, 0.012499376, 0.0035476517, -0.0045741894, 0.0023893553, -0.075578354, 0.005085492, 0.03193673, 0.018422617, -0.0070835045, -0.012790426, -0.0069419127, -0.017085366, 0.0035240531, 0.011303715, 0.0012625236, -0.013805164, -0.041187372, -0.035712503, 0.012908418, 0.0021671355, 0.036656447, -0.03325825, 0.017525872, 0.011885813, 0.021694953, -0.031039987, 0.008204436, -0.0038622995, 0.007406018, 0.008003849, 0.033730224, -0.004145482, 0.007685268, -0.021112854, -0.009667547, 0.0033804954, 0.0042516757, -0.00072860584, 0.039488275, 0.0064306105, -0.022041066, 0.010021526, 0.02814523, 0.034328055, 0.020341968, -0.0054788017, -0.031873804, -0.025439259, 0.015873972, -0.0044483305, -0.009927132, -0.01503229, 0.0010196549, -0.018517012, -0.004314605, -0.019602546, 0.020656615, 0.011563299, 0.0023047938, 0.0031189444, 0.012829756, 0.024196401, -0.034013405, 0.016314479, -0.016943773, -0.01791918, 0.0019331162, -0.0005570246, -0.026619188, 0.024888625, -0.011272251, -0.024778498, -0.0038446004, 0.01057216, 0.012412848, 0.007661669, 0.025533654, -0.009699012, -0.011681292, 0.02009025, -0.03146476, 0.019869996, -0.013545579, 0.0010963503, 0.01420634, 0.012090335, -0.009557421, -0.005384407, -0.0056479247, 0.0057816496, 0.017462943, -0.029828593, -0.021506164, -0.0019635977, 0.012751094, 0.021097122, -0.032440167, 0.01298708, 0.008440422, -0.032628957, 0.0032900341, -0.0060530333, 0.002607642, 0.0043696687, 0.002851494, -0.023095135, 0.011287983, -0.033163857, -0.031543422, 0.0052428157, -0.008550549, 0.008621344, 0.00467645, -0.00064650254, -0.011657693, 0.00075515424, 0.010446301, 0.002143537, 0.03760039, 0.01804504, -0.010438435, -0.02828682, 0.0048180413, 0.009203442, -0.00092919375, 0.004723647, -0.008786535, 0.01496936, 0.022245586, 0.0070599057, 0.0068042544, 0.025171809, -0.0036086147, 0.011067729, -0.0073076906, -0.015685184, 0.015354803, 0.0060491003, 0.016660592, -0.01891032, -0.0027806982, 0.006882916, -0.011319447, 0.036845233, 0.027232751, 0.013537713, -0.018343955, -0.023283923, 0.00291639, 0.020231841, 0.0057305195, -0.0028062633, -0.027311413, -0.015551458, -0.0009960564, 0.0015132583, -0.012247658, -0.0009950731, 0.0286172, 0.013411854, 0.022245586, -0.011162124, 0.00842469, 0.012869087, 0.011122793, 0.008440422, -0.009195576, -0.028837454, 0.0039448943, 0.01474124, 0.03218845, -0.01618862, -0.014985092, 0.019932926, 0.00019837548, -0.009809139, -0.0063480153, 0.015394134, 0.0016804149, 0.022324247, 0.0045230594, 0.008597746, 0.0029281892, 0.0027335011, 0.0041258167, -0.028459877, -0.0341078, -0.015535725, 0.01123292, 0.0052664145, 0.030111777, 0.00045648485, -0.00087068893, -0.00632835, 0.015103085, -0.026225878, 0.019838532, -0.00561646, 0.0071739657, -0.023913218, -0.008102176, -0.0053608087, -0.0066823284, 0.008322429, 0.0006927164, -0.015000825, -0.021128587, 0.020231841, -0.001084551, 0.005419805, -0.012633101, 0.008865196, 0.030111777, 0.031810872, 0.024684105, -0.017934913, 0.008393225, -8.775719e-05, 0.007107103, 0.006418811, 0.015480663, 0.0010324374, -0.015976232, 0.0070520397, 0.015787443, 0.0063126176, 0.026996765, 0.0017649764, -0.033006534, 0.029860059, 0.00058455626, 0.014041149, -0.018957518, -0.01777759, -0.012546574, -0.011846483, 0.024558246, 0.010580026, -0.016692055, 0.035114672, 0.0036440126, 0.011453173, -0.03350997, -0.0029989851, 0.011067729, -0.008283098, -0.009801273, -0.023692966, -0.0291521, -0.011264385, -0.010595758, -0.01738428, 0.00571872, -0.010926139, 0.0048259078, 0.046504915, -0.005702988, 0.005160221, 6.397425e-05, -0.0005570246, 0.018532744, 0.012318454, -0.015252543, -0.016078493, -0.0061867586, -0.0027315347, -0.020436361, 0.0061356286, 0.0030107843, -0.0006917331, 0.0012959548, 0.02267036, 0.004707915, -0.010556427, 0.010092322, -0.0572344, 0.030158972, 0.007893722, -0.003720708, 0.0061395615, -0.019523883, 0.0036695777, -0.029513946, -0.033761688, 0.0021022393, 0.0023008606, 0.0060608997, 0.032817744, 0.0015712715, 0.013348925, -0.028507072, -0.016975239, -0.037348673, -0.0034886554, -0.014190607, 0.0040314225, 0.014442326, 0.006253621, 0.022591699, -0.014528853, 0.007079571, -0.013270263, 0.0066783954, 0.01909911, 0.02114432, 0.018752998, -0.013828763, 0.0042752745, 0.006410945, -0.026949568, 0.004971432, 0.006977311, 0.0059311073, -0.0041533485, 0.025077414, -0.009573153, 0.008290964, 0.004267408, 0.007775729, -0.0069694445, -0.01226339, 0.02021611, 0.003756106, -0.03700256, -0.0053962064, 0.02240291, -0.02510888, 0.034390982, -0.035209067, -0.00023143807, 0.02134884, 0.009824872, -0.021207249, -0.009329301, -0.009966463, 0.008338162, -0.020263307, 0.0023755895, -0.027909243, -0.024369458, -0.020389166, 0.0016833647, -0.023472711, 0.018281026, 0.015740247, 0.00038028113, 0.00313861, -0.028239623, -0.018752998, -0.024794232, -0.01798211, 0.0075712083, -0.0089517245, -0.0003262011, -0.0071425005, -0.043956272, 0.0024031212, 0.014033283, 0.012798292, 0.008448288, 0.011461039, 0.010186716, -0.001630268, 0.04143909, -0.015559324, -0.005710854, 0.0024050877, 0.015811043, 0.0002493828, -0.009053985, -0.016471803, -0.017824788, -0.02174215, 0.013144404, 0.013702903, -0.009392231, 0.030630944, 0.021773614, -0.005423738, -0.015842507, -0.004169081, -0.02597416, -0.02339405, 0.013899558, 0.0010766848, -0.013537713, 0.014930029, 0.0002026773, 0.0025506122, 0.049997505, 0.014080481, 0.014088347, -0.0017905416, -0.0018239729, 0.026147217, 0.010430568, -0.0057580513, 0.007948785, 0.010375505, 0.013506249, 0.011390244, 0.003343131, 0.0025860101, 0.015166014, -0.008928126, 0.014033283, -0.02411774, 0.008747203, -9.906483e-05, 0.017085366, 0.021726416, 0.009832738, -0.0060491003, -0.02353564, 0.017667463, 0.010737349, 0.00076990336, 0.030284833, 0.008298831, 0.014442326, -0.0025506122, -0.006041234, -0.008102176, 0.021521896, -0.006123829, -0.0368767, -0.0015919203, -0.006741325, 0.026619188, -0.012916285, -0.054213785, -0.00627722, -0.013506249, 0.016361676, 0.004047155, 0.0045938552, -0.004255609, 5.6384604e-05, -0.010052991, 0.025816835, -0.017683195, 0.0051720203, 0.021474699, 0.0008500402, 0.0027236685, -0.028680129, -0.006568269, -0.027736187, -0.014418727, -0.005569263, -0.011980208, -0.011712757, 0.027248483, -0.016204352, -0.012979214, -0.016723521, 0.016172888, -0.028082298, 0.020105982, 0.007315557, -0.0043539363, 0.03177941, -0.01757307, 0.01133518, 0.009525957, 0.0021002728, 0.0077442643, 0.022749022, -0.0012133599, -0.009990062, 0.00892026, -0.0066744625, -0.0018357722, 0.009809139, -0.009321435, -0.022434374, -0.019555349, -0.013466918, 0.01513455, 0.018532744, -0.0004894245, -0.0040668203, -0.013333192, -0.00978554, -0.021820812, -0.007406018, -0.013899558, 0.048015226, -0.028711595, 0.04156495, 0.016424606, -0.019869996, 0.023142332, 0.01222406, 0.02087687, -0.0076656025, 0.011940877, 0.0065289377, 0.043201115, 0.01645607, -0.012184729, -0.004003891, -0.00555353, -0.0026666385, -0.0055849953, -0.008078577, -0.015433465, 0.01166556, 0.03398194, -0.010226048, -0.013679305, 0.029985918, -0.013781565, 0.024809964, 0.007834725, 0.01922497, -0.017588802, 0.018579941, 0.0220096, -0.0040628873, 0.010320442, 0.030048847, -0.009470893, -0.017085366, 0.0026214079, -0.024684105, -0.005215284, -0.009754076, 0.009565287, 0.022749022, -0.01546493, -0.012601636, -0.030977057, -0.009706879, -0.026524793, 0.01288482, 0.0012664567, 0.024495317, 0.00028465776, -0.017525872, 0.014985092, 0.026666384, 0.008873062, -0.020640884, 0.0072958916, 0.016975239, -0.014725508, -0.0032487365, -0.012924151, 0.015331205, -0.017447209, -0.0020924066, -0.026823709, 0.014615381, 0.0072329617, -0.004877038, -0.0025388128, 0.025628047, -0.011956609, -0.0047669113, -0.020263307, 0.008314563, 0.004991098, 0.0075082784, -0.016707787, 0.013860228, -0.022308515, 0.011547567, 0.016235817, -0.0038721322, -0.005113024, 0.016345942, 0.012027405, 0.0044011334, -0.0024542513, -0.013333192, 0.01903618, 0.0070835045, 0.006159227, 0.005160221, 0.0006882916, 0.0061434945, -0.0035102873, 0.012176862, -0.0011632129, -0.007874057, 0.024463851, 0.026933836, -0.01678645, 0.005887843, 0.0088415975, 0.017856251, -0.009093316, -0.0069419127, 0.0065997336, -0.0043696687, -0.019445222, 0.0048101754, -0.030347763, -0.003828868, -0.015936902, 0.014127677, -0.010108055, 0.013577044, -0.008731471, -0.0075869407, -0.008487619, 0.023472711, -0.0026666385, -0.01573238, 0.0087236045, 0.006108097, 0.019649744, 0.011948743, -0.0015584889, -0.020546488, -0.009824872, -0.007842592, 0.009321435, -0.0067177266, 0.021506164, 0.008644943, 0.010367638, -0.016094225, 0.0076420037, -0.009116914, 0.014104079, 0.0011464972, -0.0020550422, 0.015559324, 0.00035004548, 0.003828868, -0.008471887, -0.0019203337, -0.0024660507, -0.0072290287, 0.020452095, -0.003333298, 0.0030127508, -0.0070520397, 0.002485716, -0.012538707, -0.00044296484, 0.01040697, 0.0036046817, -0.011972342, 0.0128140235, -0.013931023, 0.0010245712, -0.016581928, 0.02597416, -0.026257344, 0.010202449, -0.029922988, 0.003052082, 0.010163118, 0.016770717, -0.02735861, 0.012200461, 0.0024935822, 0.0029242563, -0.004287074, 0.024747035, 0.014001818, 0.015417733, -0.006241822, -0.0038996637, 0.018721532, -6.279893e-06, 0.0069183144, -0.057611976, 0.007437483, 0.01133518, 0.01732135, 0.0026096087, 0.0067649237, -0.0003067814, -0.018815927, 0.015913302, -0.0071778987, -0.02194667, 0.028790256, 0.0036184476, 0.004723647, -0.008314563, -0.0129320165, -0.019649744, 0.017887717, -0.006521072, 0.019177772, 0.0003252178, -0.01579531, 0.014072615, -0.0036676112, 0.00083578273, -0.01864287, 0.005128756, -0.009368633, 0.030505085, 0.011783553, -0.0022969276, 0.010957603, -0.005455203, 0.0073430887, 0.0032526697, -0.0023716562, 0.022764754, 0.0060491003, -0.007122835, -0.0032290712, 0.005254615, -0.0016450171, -0.013592777, 0.010414836, -0.017557336, 0.007583007, 0.002790531, -0.012365651, 0.023897486, -0.023850288, -0.007288025, 0.004629253, 0.007653803, 0.040967118, 0.0016981139, -0.007221163, -0.012137531, -0.01150037, 0.0064620753, 0.0030402825, -0.017620265, 0.02907344, -0.007775729, -0.0077127996, 0.0066823284, -0.0027944641, -0.0020786407, 0.0033214989, 0.014190607, -0.02756313, 0.0063912794, 0.01691231, 0.00566759, 0.0041966126, -0.0027354676, 0.017006703, 0.003502421, -0.021097122, -0.0091877105, 0.0015702882, 0.026682118, -0.016235817, 0.011327314, -0.0065525365, -0.034044873, 0.018170899, -0.0058091814, -0.01371077, -0.022277052, 0.016534733, -0.0053450763, -0.005262481, 0.0017344949, -0.0027354676, 0.0046607177, 0.015087353, 0.009942864, -0.007905521, -0.025926962, -0.0051995516, -0.030174706, 0.015929036, 0.0024660507, -0.018627139, 0.031606354, -0.010060857, 0.009195576, -0.0024975154, 0.014064748, -0.005990104, 0.010603624, -0.006332283, -0.0013234864, -0.010336174, 0.00019444239, -0.0025525787, -0.0064345435, -9.0399735e-05, -0.0014326299, 0.028711595, -0.012680299, 0.027185554, 0.0023362585, 0.009817005, -0.009053985, -0.020452095, 0.0002224657, 0.015748113, -0.0041494155, -0.008668542, -0.008039246, -0.00032718436, 0.0066508637, -0.03609008, -0.011382377, 0.0033037998, 0.0042044786, 0.010808146, -0.009801273, -0.011901545, 0.004916369, 0.022654628, 0.011130659, 0.016047029, 0.017164027, 0.0036105814, -0.004436531, 0.028098032, 0.017069632, 0.021710685, 0.0051208897, -0.018060774, 0.017887717, 0.003706942, 8.0075355e-05, 0.01205887, -0.028192425, -0.018406885, 0.0015486561, -0.012082468, -0.007516145, 0.0024660507, 0.019712674, -0.001569305, -0.032534562, -0.032754816, -0.019775603, -0.00023610862, 0.0011140492, 0.00059340574, -0.005423738, -0.0036676112, -3.4260946e-05, 0.009171978, 0.024747035, 0.002485716, -0.010855342, -0.022575965, 0.035397857, 8.849464e-05, 0.0032979003, -0.013993952, -0.0046174536, -0.0038131357, 0.0023972215, 0.00014183724, -0.012373517, 0.0077599967, 0.025439259, 0.011382377, -0.00566759, -0.000940993, 0.031275973, -0.039016303, 0.01474124, -0.024920091, 0.014985092, 0.0066075996, 0.017006703, 0.003404094, -0.015441331, 0.021034192, 0.011736356, -0.017022436, -0.0077953944, 0.014945761, 0.0044050664, -0.00022308023, 0.024133472, 0.03454831, -0.0029281892, -0.03782064, 0.010627223, 0.004995031, 0.0020983063, 0.008613478, 0.01090254, -0.021616291, 0.01798211, -0.025690977, 0.004019623, -0.019602546, -0.0057344525, 0.010399103, 0.05226297, 0.019114843, -0.00842469, -0.012082468, -0.024275063, 0.0143086, 0.0052467487, 0.02345698, 0.0029675202, 0.032345776, 0.0026528726, 0.010524962, -0.033950478, 0.02525047, 0.005541731, -0.01133518, -0.019051913, -0.012106067, 0.010540695, 0.0039055634, -0.008668542, -0.021097122, 0.008888795, -0.018532744, 0.008975323, 0.007527944, -0.0060255015, 0.009431562, 0.020971263, 0.014780572, 0.017006703, -0.0031720411, 0.0011936944, -0.016345942, -0.0023500244, 0.026949568, -0.014756973, -0.023472711, -0.006320484, -0.013026411, -0.0039606267, -0.022560233, -0.028334018, -0.00545127, 0.015331205, 0.004597788, 0.008393225, -0.021757882, 0.025895499, 0.0044011334, 0.011209321, -0.0018957518, -0.012286989, -0.005525999, -0.008102176, 0.017006703, 0.006532871, -0.021065658, -0.025014484, 0.012798292, 0.011885813, 0.009510224, 0.0019842465, -0.017856251, 0.0029104904, -0.030080311, 0.017289886, 0.014174875, -0.011815018, 0.0038721322, 0.013765832, -0.022497304, 0.022654628, -0.012499376, -0.013852361, -0.0014591783, 0.0023401915, -0.0065486035, 0.007834725, 0.012696031, 0.020593686, -0.024149204, 0.0012015606, -0.00781506, -0.012389249, -0.0152682755, 0.0019095177, 0.0032428368, 0.016440338, 0.0062142904, -0.014041149, 0.009313569, -0.015000825, 0.022513036, -0.013112939, 0.0056125266, 0.00665873, 0.02941955, 0.009549555, -0.0025761772, -0.008534816, -0.00809431, -0.0075712083, 0.009305703, -0.020939799, 0.01922497, -0.020546488, 0.040274892, -0.016141422, 0.0050697597, -0.019539617, -0.010650822, -0.018454082, -0.0077206655, 0.028396947, -0.0018367554, 0.008605612, -0.023268191, 0.018233828, -0.023850288, 0.016644858, 0.015079486, 0.013577044, 0.0070520397, -0.024715569, 0.008298831, -0.015929036, 0.02180508, -0.023630036, -0.0015309573, 0.0074964794, 0.012271257, 0.011594764, 0.021726416, 0.01513455, 0.001529974, -0.009242773, 0.0077167326, 0.02756313, 0.008597746, -0.0014109978, -0.0014739274, 0.0070402403, -0.0091877105, 0.0046607177, 0.004176947, -0.011508237, 0.0051562875, -0.014174875, -0.012916285, 0.017698929, -0.004298873, 0.0011514135, -0.01602343, 0.025077414, -0.0043185386, 0.015889704, -0.0060726986, -0.0032762683, 0.0011858281, -0.014749107, 0.008432556, -0.00049606164, -0.008275232, 0.008440422, -0.002776765, -0.0046961154, -0.003077647, 0.021757882, 0.008566281, -0.0067688567, -0.012869087, 0.009030387, -0.01061149, -0.012129665, 0.00088937115, -0.006324417, 0.010918272, 0.023897486, -0.033195324, -0.0008982206, -0.0047629783, 0.021474699, 0.005380474, 0.00028342867, -0.011461039, -0.0069143814, -0.0136321075, -0.026194414, 0.035901293, -0.031449027, 0.000978849, 0.01897325, -0.0037384068, -0.005113024, 0.00753581, 0.012869087, 0.017431477, 0.016503267, 0.017242689, -0.018170899, -0.016692055, 0.029639805, -0.028050834, -0.005018629, -0.02009025, -0.004385401, -0.009195576, -0.022434374, -0.0015663551, -0.0036302467, -0.0075948066, 0.0031228776, 0.022859149, -0.001881986, 0.012963481, -0.027185554, 0.012625235, -0.0015496395, -0.005628259, -0.0076774014, -0.017809054, 0.0038524666, 0.0022752956, 0.0066508637, -0.010438435, 0.0027747985, -8.701973e-05, -0.0018072572, -0.023991881, -0.009156246, 0.016833646, 0.0040825526, -0.009211308, -0.010603624, -0.007858324, 0.01176782, 0.008597746, -0.0028436277, -0.03212552, -0.015095219, -0.023818824, 0.0023677233, -0.015787443, 0.0060530333, -0.010808146, 0.0037502062, -0.0033922945, -0.0053214775, -0.015346937, 0.009738344, -0.0023205262, -0.0072250958, 0.016597662, 0.010226048, 0.015637986, 0.0051956186, -0.0011858281, 0.00012635069, 0.013034278, -0.011114927, -0.011201455, -0.025360597, -0.016172888, -0.0006809171, 0.007079571, -0.01751014, -0.014465923, 0.0004825416, -0.0033372312, -0.009109048, -0.012365651, -0.00862921, -0.0138680935, -0.0029871857, 0.0038544333, 0.0032035059, 0.0082516335, -0.0026391067, 0.012829756, -0.02293781, 0.013521981, -0.017871983, 0.011067729, 0.010328308, -0.010194583, -0.010713751, -0.0059035756, 0.008605612, 0.00786619, -0.017761858, -0.0021179717, 0.0020884734, 0.012334187, -0.009801273, 0.002338225, 0.0022536635, -0.01618862, -0.004385401, -0.017415745, 0.018296758, -0.007189698, 0.025722442, 0.017588802, -0.0013834662, 0.0053450763, 0.010147385, 0.030505085, -0.015103085, -0.0095416885, 0.0018908355, 0.008314563, 0.0013883825, -0.0025329133, 0.0024444186, 0.008051045, 0.008172971, 0.0064660083, 0.009911399, 0.0059468397, 0.011311581, -0.015543592, 0.011508237, 0.016566196, -0.012617369, 0.005297879, -0.00079153536, 0.019256433, 0.0038563998, -0.003889831, 0.022292783, 0.012121799, -0.01017885, 0.011775686, 0.0014876932, 0.0368767, 0.010233914, -0.011846483, 0.011343046, 0.02768899, 1.2890105e-05, 0.013018545, -0.00341196, -0.0054394705, -0.008637077, -0.0014640946, -0.0037305406, 0.010556427, -0.0054670023, -0.011523969, 0.010784547, -0.018375421, 0.0005506333, -0.028475609, 0.007661669, 0.011822884, 0.005419805, -0.00649354, 0.029041974, -0.012892686, -0.0071660993, -0.0073548877, -0.03325825, -0.022969276, 0.004888837, -0.036782306, -0.010139519, -0.00902252, 0.0021022393, 0.0011002833, 0.033541434, -0.0111778565, -0.012043137, 0.0012300755, -0.0017089298, 0.0008372576, -0.01028111, 0.0068160538, 0.0047118478, -0.0115318345, 0.026288807, -0.0034748896, -0.012939882, -3.499072e-06, -0.0032566027, -0.030033113, -0.014827768, 0.035869826, -0.0024286862, 0.012003806, -0.018784462, -0.015087353, 0.0081336405, -0.014237804, 0.0057344525, 0.0012212261, -0.014788438, 0.007952718, -0.0037246412, 0.015811043, -1.5824562e-06, 0.0060215686, 0.0034847222, 0.0051916856, -0.005014696, 0.013742235, -0.00026425484, -0.009274238, 0.0011287984, -0.011374511, 0.0082516335, 0.010414836, 0.010784547, 0.003516187, -0.0018062739, 0.01463898, 0.006521072, -0.0020452095, -0.0061749592, 0.026477596, -0.0052428157, 0.010045125, 0.0031150114, 0.0049439007, -0.012703897, -0.02081394, 0.01732135, -0.005699055, -0.011343046, 0.0012045103, -0.014167009, 0.00885733, 0.015252543, 0.005569263, 0.0028908248, 0.009447294, -0.0061828257, 0.00048844126, -0.00091493624, -0.0061710263, -0.0029832528, 0.019445222, -0.01298708, -0.0067491913, 0.015661584, 0.03297507, -0.014992959, 0.0030540484, 0.0077639297, 0.020200377, -0.01678645, 0.00958102, 0.0047354465, -0.01883166, 0.0018456049, 0.008011715, 0.009730477, -0.010957603, -0.012168996, 0.001497526, -0.00670986, 0.0015997865, -0.0126567, -0.018202364, -0.00032153053, 0.018784462, 0.020672347, 0.010713751, -0.023315387, 0.0023893553, -0.01639314, 0.00042969064, 0.015142417, -0.0043264045, 0.0056518577, 0.017006703, 0.015771711, 0.0070913704, 0.0026725382, 0.0011199488, -0.004310672, 0.014591783, 0.019319363, -0.029325157, 0.011838616, 0.00031366432, 0.007972384, 0.017038168, -0.0077206655, -0.0132781295, 0.0024680172, 0.012570172, 0.0032664356, -0.01381303, -0.0313389, -0.007897655, 0.01090254, 0.00021005186, 0.018186633, 0.022906346, 0.012719629, 0.010784547, 0.0032015394, -0.0046567847, -0.022229854, 0.013435453, 0.004381468, 0.009596752, -0.018170899, 0.0015594722, -0.0016990971, -0.008802267, 0.0062260893, 0.016550465, -0.0052349498, -0.002798397, 0.0075436765, -0.004302806, 0.0033391977, 0.012979214, -0.00753581, 0.010965469, -0.009085449, 0.0032448035, -0.00020882276, -0.012153264, -0.04077833, 0.021789348, -0.009596752, -0.0039488273, -0.0030245502, -0.0019419657, 0.0051877527, 0.0028042968, -0.0009439428, 0.009525957, 0.013490516, 0.023976147, 0.026210146, 0.010108055, 0.0024109874, 0.013757966, 0.011382377, 0.01618862, 0.0008279165, 0.0076380707, 0.016550465, 0.0059035756, -0.0046528517, -0.022654628, 0.023928951, 0.013852361, 0.013828763, -9.082991e-05, -0.022324247, 0.0018593707, -0.014599649, 0.0072290287, 0.00010434993, 0.020231841, 0.0001984984, 0.021301644, -0.0016990971, -0.014104079, -0.013506249, 0.047102746, -0.004409, -0.0052388827, 0.0040019243, 0.012798292, 0.005962572, 0.0061749592, 0.0032448035, -0.0088415975, 0.010430568, -0.0076302043, -0.0040864856, -0.0012576071, -0.02273329, -0.025690977, -0.0041966126, -0.007775729, -0.037222814, 0.01639314, -0.013026411, -0.019618278, -0.036027152, -0.016283013, -0.013396122, 0.011382377, -0.01699097, -0.0049556997, 0.00014048524, 0.029293692, -0.011350912, 0.010650822, 0.0011907446, -0.0031759744, -0.006898649, -0.013860228, -0.015685184, 0.00029129485, 0.00019026347, 0.019398024, 0.03536639, -0.04335844, 0.0044011334, 0.0031622085, -0.028507072, -0.025801104, 0.0040058573, 0.012286989, -0.01028111, -0.0313389, 0.0032802012, 0.001810207, -0.022103995, -0.0060687657, 0.023425514, 0.01771466, -0.009439428, -0.0111778565, -0.016408872, -4.5630048e-05, -0.0032389038, 0.005293946, -0.0192879, 0.0044522635, 0.0032428368, 0.001544723, 0.016361676, 0.0028278953, 0.014890698, -0.015409866, -0.005168087, 2.4551116e-05, -0.011114927, -0.004991098, 0.021852277, -0.00799205, -0.010705885, -0.0045938552, 0.0037915036, 0.014717642, -0.02669785, -0.0017649764, -0.009148379, 0.01804504, 0.0020845404, -0.0014355797, 0.007480747, 0.012051003, -0.0065564695, -0.012837622, -0.01017885, 0.011933011, -0.011421708, 0.0039665266, -0.015284007, 0.019130575, 0.0108317435, 0.0030717473, 0.023441248, 0.023299655, -0.0014817936, -0.014654713, -0.03072534, -0.013136538, 0.0021671355, -0.024715569, -0.005293946, -0.009942864, 0.022686092, -0.0040314225, 0.0016440337, -0.006694128, 0.011358779, 0.029513946, -0.011539701, 0.0056793895, 0.002715802, 0.0030579814, -0.0018033241, -0.0002040293, 0.0032310376, 0.02056222, 0.0039566937, 0.012861221, -0.030457888, 0.0012389249, 0.00335493, -0.028632933, -3.1526215e-05, 0.0032133388, 0.002725635, 0.015346937, 0.0018465881, -0.0043932674, -0.0036931762, 0.009714745, 0.0032959336, -0.0060569663, 0.0032015394, 0.017761858, 0.0033568966, 0.009124781, 0.0064856736, -0.015417733, -0.012538707, -0.020011587, -0.0023185594, -0.004467996, 0.012279123, 0.0057698507, 0.021978136, 0.0036912097, -0.006285086, -0.019460954, -0.013954622, -0.0066744625, 0.01288482, 0.004298873, 0.0060255015, 0.008566281, 0.0034788225, 0.006375547, 0.021506164, 0.0033155992, 0.00057521515, 0.0063047516, 0.002812163, -0.004338204, -0.031354636, -0.0024699837, -0.015110952, 0.009997928, -0.001634201, 0.0050304285, -0.007492546, -0.012617369, 0.00032890507, 0.010878941, 0.0077993274, 0.021647755, -0.002169102, 0.0065525365, 0.008464021, -0.008228035, 0.009061852, -0.011484638, 0.017211225, -0.0042005456, -0.000599797, -0.015205346, -0.013718636, 0.0037344738, -0.0056557907, -0.011044131, -0.007492546, 0.021254446, 0.013207333, 0.008235902, -0.0013195534, 0.0074650147, 0.019838532, -0.010886807, -0.008165105, -0.0025781437, 0.0054906006, 0.003716775, -0.0015673384, 0.009604618, 0.0057265866, 0.0012418748, 0.022371445, 0.0062654205, 0.0022025332, 0.009761942, -0.013537713, 0.01496936, 0.0060530333, 0.018658603, 0.0060215686, -0.014285001, -0.0012290922, 0.004102218, 0.008322429, -0.013954622, 0.011870081, -0.0019626145, -0.019995855, -0.017824788, 0.002991119, 0.0016872978, 0.0062614875, 0.00214747, 0.022103995, 0.002112072, -0.02042063, -0.0022615297, 0.006127762, -0.0015555391, 0.015771711, 0.020043053, 0.0159841, 0.009604618, 0.010226048, 0.008314563, 0.009014654, 0.011083462, -0.004409, 0.00021386205, -0.0004412441, 0.025266202, -0.012019538, 0.011122793, -0.014678311, -0.013773699, -0.0026705717, -0.008762936, 8.4622996e-05, -0.00390753, 0.026870906, 0.018847391, 0.00073450553, 0.0144501915, 0.007701, 0.0048298407, 0.024605444, 0.005010763, 0.0033804954, 0.0039665266, 0.005423738, -0.014694043, 0.023519909, -0.022560233, -0.009101182, -0.001116999, -0.0064778076, 0.00039798007, 0.011775686, 0.009612485, 0.0049556997, -0.0103597725, 0.0028770592, -0.0192879, -0.032314308, -0.003962593, -0.0088415975, 0.024133472, 0.023315387, 0.011421708, 0.023079403, -0.007822926, -0.022324247, 0.012727496, 0.0042438097, -0.021097122, -0.013954622, 0.023850288, -0.022277052, -0.002143537, -0.00020132531, -0.025659513, -0.014615381, -0.014410861, -0.014560318, -0.002169102, 0.007893722, 0.014190607, 0.018517012, -0.0065604025, 0.0008387325, 0.001497526, 0.002747267, 0.006296885, 0.019051913, 0.010658688, -0.011421708, 0.0060687657, 0.005868178, -0.0062300228, -0.019083377, -0.0049517667, -0.022843417, 0.0030756805, -0.008346028, -0.028758792, 0.014465923, -0.007976317, -0.018155167, 0.015889704, 0.004869172, 0.007516145, 0.0070402403, -0.0050500943, -0.005907509, -0.0096518155, 0.007409951, 0.036845233, -0.014119811, 0.006292952, 0.00022013042, 0.0043657357, 0.019964391, 0.0051484215, 0.001932133, -0.00057914824, -0.010721617, -0.007531877, -0.019807067, -0.005474868, -0.008141506, 0.012184729, 0.010375505, 0.006945846, -0.01684938, 0.01017885, -0.015614388, 0.0023873888, -0.007276226, -0.0059507727, -0.0045151934, -0.014465923, 0.002338225, 0.00862921, 0.014009684, -0.009840604, -0.0063794805, -0.014395128, 0.0077521303, -0.021647755, 0.0035614176, 0.0010825844, -0.009384365, -0.008149373, 0.0094236955, -0.010501364, 0.030568015, -0.0034709563, -0.0047433125, 0.0014709776, -0.0071543, 0.01563012, -0.021616291, -0.00084315724, 0.010249645, -0.011020533, -0.01957108, 0.009872069, 0.000847582, -0.00084414054, -0.0012074602, 0.008471887, 0.0049753655, 0.00014958052, 0.0032448035, 0.000836766, -0.011744222, 0.00019837548, 0.0068750503, -0.0009252606, -0.008904527, 0.011862215, -0.0074650147, 0.008243768, 0.008652809, -0.01633021, 0.004070753, -0.009470893, 0.0039881584, -0.023142332, 0.009179844, -0.0033313315, -0.009706879, 0.0104698995, -0.00028785339, 0.00027261264, -0.00308158, 0.01711683, -0.01205887, 0.012751094, -0.007398152, -0.006949779, -0.01040697, 0.034862954, -0.007193631, -0.04257182, 0.005404073, 0.0030186505, 0.004003891, 0.021364573, 0.0010707851, 0.011807151, -0.040683936, -0.00037511895, -0.021254446, 0.0035102873, 0.007358821, 0.019209236, 0.0018406885, -0.008401091, 0.010312575, 0.008770802, 0.0098878015, 0.006296885, -0.0020176778, 0.015055888, -0.023928951, -0.012719629, 0.023173796, 0.014560318, 0.020105982, -0.005404073, 0.02834975, -0.0007969434, 0.0033785286, -0.009266372, -9.6053554e-05, 0.0014198474, 0.0068868496, 0.0031563088, 0.030630944, -0.0072054304, -0.0026528726, 0.024998752, -0.0037148083, 0.014505255, 0.011421708, -0.0070402403, 0.0031523758, -0.020546488, 0.005427671, -0.0009006788, -0.02683944, 0.019398024, -0.012098201, -0.003864266, 0.009730477, -0.020452095, -0.012530841, -0.015142417, 0.025156077, -0.009156246, -0.010871075, -0.013797298, -0.002316593, -0.004751179, 0.008684274, -0.029576875, 0.008051045, -0.009730477, -0.005203485, -0.016471803, 0.016707787, 0.0016430505, -0.011319447, 0.016408872, 0.0009001871, -0.018894589, 0.02894758, -0.0077678626, 0.0040668203, -0.0016076526, -0.0032802012, -0.006713793, -0.012774693, -0.039771456, 0.0096518155, -0.0015840541, -0.011225053, 0.018092237, -0.0032998668, -0.010446301, -0.0019881795, 0.02009025, -0.015063754, -0.007909454, 0.0071818316, 0.013325326, -0.024212133, 0.0050736926, -0.016015563, 0.0073430887, -0.019854264, 0.015441331, 0.0015053921, -0.008078577, 0.0034571907, 0.015409866, -0.00086724747, -0.018013576, -0.012302722, -0.012412848, -0.00038962223, -0.00231266, -0.005494534, -0.0049753655, 0.009573153, -0.0033568966, -0.00791732, 0.0051523545, 0.022544501, 0.023630036, -0.006450276, -0.00044984775, -0.0054866676, -0.013372524, -0.006403079, -0.011193588, -0.0074964794, -0.011476772, 0.02603709, -0.01414341, 0.006249688, -0.009478759, 0.010202449, -0.02465264, -0.005093358, -0.02438519, 0.00026597557, 0.008259499, 0.01573238, 0.023173796, 0.005038295, -0.008235902, -0.037191346, 0.0011592797, 0.0040786196, 0.00058455626, 0.028050834, 0.0029871857, -0.0144580575, -0.011429574, -0.0025702775, 0.006446343, -0.00088543806, -0.0019567148, 0.004145482, -0.008519084, 0.00781506, -0.023205262, -0.014072615, -0.026949568, 0.0068435855, 0.03681377, -0.006906515, -0.007390286, 0.019917194, -0.0013293861, 0.027924975, -0.0029458883, 0.010721617, 0.029513946, -0.009384365, -0.004047155, 0.0071110358, -0.016928041, -0.000104288476, 0.013608509, -0.014072615, 0.007075638, 0.006029435, 0.010296843, -0.0037246412, 0.019004716, 0.018328223, -0.004530926, 0.01583464, -0.0060530333, -0.011555433, -0.0011651794, 0.004924235, -0.008440422, -0.0019419657, -0.037568923, -0.0071543, 0.00819657, -0.0009665581, 0.006898649, 0.008070711, -0.010115921, -0.0036282802, 0.0064620753, 0.002686304, 0.011075595, -0.019051913, 0.021128587, 0.0063362163]"
フリーパス,fromCluster,-0.0767,43.0,2.0428,"[-0.038333267, 0.009112672, -0.0061670793, 0.031078836, -0.032409627, 0.0107923895, -0.021795757, 0.0792632, -0.016423907, 0.017008156, -0.029845418, 0.011157545, 0.02677811, -0.026664505, 0.006215767, -0.007157058, -0.018127969, -0.047778636, 0.044954766, -0.020481195, -0.015839657, -0.026096484, 0.0027082404, -0.015263522, -0.01674849, -0.010727473, 0.017738469, 0.033432063, 0.018614843, -0.041481726, 0.029407231, 0.024700776, 0.021519862, 0.022201486, -0.022980485, 0.03372419, 0.024473568, -0.0061630225, 0.030283606, 0.0024790037, -0.038852602, -0.02851463, -0.007465412, 0.032231104, 0.009096443, 0.0020215444, 0.001136041, 0.009891671, -0.024213903, 0.0011755995, 0.03237717, -0.0022558528, 0.0039639715, -0.0058871266, 0.00086978136, 0.02155232, 0.045052137, 0.046837345, -0.017365199, -0.021130363, -0.04794093, -0.03849556, 0.015182376, 0.038041145, -0.0070272246, 0.018209115, -0.01733274, 0.052257884, -0.01077616, -0.021584779, 0.004876862, 0.023889318, 0.008297157, 0.0059601576, 0.041611556, -0.005607174, 0.041611556, 0.008577109, 0.0017720211, -0.016894553, -0.021844445, 0.01318619, 0.004316956, -0.02851463, -0.027037775, -0.02596665, 0.0038199378, -0.051446427, 0.004207409, -0.036028728, 0.027346129, 0.014800991, -0.03817098, -0.036612976, 0.027605796, -0.01212318, 0.011287378, -0.02444111, 0.021536091, 0.040345684, -0.012739888, -0.03231225, -0.019702196, -0.029845418, 0.040832557, 0.013851585, -0.014573783, 0.038625393, 0.0127804605, -0.04579868, -0.0027041833, 0.028141357, 0.024684547, 0.023645882, 0.032360937, 0.008617682, -0.0023775715, -0.011116972, 0.005895241, 0.0069785374, -0.0022294803, -0.018971885, -0.0013196333, -0.0068933344, 0.0013794784, -0.03622348, 0.0058587254, 0.045668848, -0.0284984, -0.038073603, -0.033188626, 0.024262588, -0.0060372464, 0.007858969, 0.042455476, -0.015279751, -0.03132227, 0.0047307992, -0.02715138, 0.0028076442, -0.010021504, 0.0016208871, -0.033789106, 0.017284052, -0.009031526, -0.0080658905, 0.025252568, -0.041676473, -0.016488824, 0.026680734, 0.023029173, -0.024927985, 0.01673226, 0.0155718755, -0.0037144483, -0.03237717, -0.042585306, 0.02096807, -0.003968029, 0.009485942, -0.010459691, 0.005980444, 0.030543273, 0.029326087, -0.00348724, 0.010467806, 0.040897474, -0.03229602, 0.039079808, 0.028157586, -0.045733765, -0.02637238, 0.022574756, -0.017154219, 0.032847814, 0.019474989, 0.025934193, 0.034178603, 0.010816733, 0.009851098, 0.00094078394, 0.05355622, 0.014703616, -0.025479777, 0.0033148052, 0.0010843106, 0.04946647, 0.0006795959, -0.03140342, -0.08328803, 0.022136569, 0.006759444, 0.03077048, -0.026615817, 0.034762852, -0.013129388, 0.008504078, 0.011693107, 0.05060251, 0.0054935697, -0.0063374857, 0.0017486917, 0.022087883, 0.003919341, 0.0051405854, 0.0063212565, 0.012861607, -0.0041120625, 0.027475962, 0.002203108, -0.042033516, -0.01674849, 0.007871141, -0.015588105, -0.016010063, -0.010816733, -0.043623973, -0.0046212524, -0.009023411, -0.02022153, -0.0031038262, 0.021828216, -0.021406258, 0.026534671, -0.010062077, 0.004531992, 0.011027712, -0.0147685325, 0.008057776, 0.0013520917, -0.0076479902, -0.011076399, -0.009502172, -0.0012445735, -0.018225344, -0.02729744, -0.0006841604, -0.039728977, 0.02078955, -0.015531303, -0.014395262, -0.010402889, -0.0042479816, 0.009688807, -0.007615532, 0.023353757, -0.023175236, 0.044954766, 0.027037775, -0.015993834, -0.021406258, 0.011944659, -0.0013480344, 0.0134783145, 0.0048565753, 0.009226276, -0.047454055, -0.012001461, -0.0021442773, -0.04138435, 0.0213738, -0.0069785374, -0.024960443, 0.0034284093, 0.026956629, 0.03023492, -0.05556863, -0.002728527, -0.004450846, -0.018825822, -0.0060859337, -0.013007669, 0.026356151, 0.0005069076, 0.039501768, 0.017413884, -0.028076442, -0.011498357, -0.02692417, 0.012472107, -0.007351808, -0.020189071, 0.0023958292, -0.0035420135, -0.03466548, -0.0093561085, -0.018225344, 0.01049215, 0.008698828, -0.0057451213, -0.021503633, -0.022948027, -0.020854466, -0.022380007, 0.018939426, 0.023256382, -0.037586726, 0.0047348565, 0.006597152, 0.03078671, -0.063520916, 0.023597194, -0.038560476, -0.05579584, 0.023207694, 0.0024039438, -0.011920315, 0.015263522, -0.0025885506, -0.00923439, 0.05082972, -0.058814462, 0.017754698, -0.016878324, 0.023775715, -0.026615817, -0.008788088, 0.012399076, -0.024944214, -0.04560393, 0.013072586, -0.019377613, 0.0036718468, -0.046285555, 0.0051933303, -0.009761837, 0.01731651, 0.03132227, 0.014314116, -0.009072099, -0.004377815, -0.024473568, 0.028076442, 0.013161846, -0.001469753, -0.0074167247, 0.010695014, -0.04067027, 0.025106505, 0.0062969127, -0.03062442, 0.0060413037, 0.03502252, 0.007380209, 0.0023958292, 0.004726742, 0.051673636, -0.013713637, 0.0061467933, 0.022347549, 0.0007308192, 0.011587618, 0.008642026, -0.048395347, 0.035314646, -0.014411491, 0.057873175, -0.02445734, -0.008504078, -0.0033756646, -0.00875563, -0.005233903, 0.008609568, 0.02580436, 0.008138922, 0.02424636, 0.016894553, 0.0026169515, -0.013169961, 0.024684547, -0.024213903, -0.0032742324, -0.049336635, 0.009404796, -0.025171421, -0.022055425, 0.0048728045, -0.012764231, -0.03499006, -0.0039416566, 0.01908549, -0.02750842, -0.012423419, 0.006946079, 0.00760336, 0.04615572, 0.0025986938, -0.016513167, -0.013892158, -0.016513167, -0.037229687, 0.030364752, -0.026615817, 0.01809551, -0.027865462, 0.03693756, 0.031062607, 0.012009576, -0.050699886, 0.00084797345, -0.0023309127, 0.0020337163, -0.03077048, -0.028384795, -0.021243965, -0.015782855, -0.0002596665, 0.011482128, -0.0041282917, 0.028547086, -0.010768046, -0.051251676, 0.006820303, 0.016131781, 0.02367834, 0.020773321, -0.008053719, 0.019767113, -0.0009646205, -0.031646855, -0.0008951394, 0.018533697, 0.028108899, 0.005473283, -0.007858969, -0.0058627827, 0.026502213, 0.03132227, 0.008544651, -0.019864488, -0.010905993, 0.0057288925, 0.00026727392, 0.0011492271, -0.024489798, -0.014273543, 0.036353312, -0.00097577804, -0.004389987, -0.035606768, -0.0073274644, -0.021390028, -0.0061954805, -0.016894553, 0.02559338, 0.058619715, -0.030267376, 0.020757092, 0.05005072, 0.023938006, -0.013023898, -0.007059683, -0.0014616384, -0.0021097905, -0.019328926, -0.011214348, -0.0030855683, 0.023759486, -0.0055787726, 0.031533252, 0.038852602, 0.04268268, 0.035833977, -0.054432593, -0.0031403417, -0.02543109, 0.011912201, 0.042552847, -0.0003550128, 0.0071935738, 0.008642026, -0.0288879, 0.066669375, 0.026615817, 0.011474013, 0.02924494, -0.0023349698, -0.024392422, -0.026696963, -0.014257315, -0.00037022764, 0.014224856, 0.010824848, -0.01394896, 0.019864488, 0.0102649415, 0.02022153, -0.0011127115, 0.019734655, -0.010078306, 0.055503715, -0.007802167, -0.004767315, -0.0053393925, 0.023775715, -0.05079726, -0.017413884, -0.043526597, 0.018923197, -0.037554268, 0.017803384, -0.01299144, 0.040540434, -0.015531303, -0.020075466, -0.011676879, -0.013202419, 0.0012395019, 0.0018795392, -0.015799085, 0.0063090846, 0.036905102, 0.023645882, -0.013348482, -0.013202419, -0.0021037045, -0.002010387, 0.011709336, -0.0074735265, 0.014695501, -0.0053272205, 0.008479734, -0.021779528, -0.0035765003, 0.021114133, 0.0017537633, -0.029715586, -0.0011380697, 0.023110319, -0.02677811, 0.06059967, 0.015182376, -0.017089302, 0.012277357, -0.010451577, -0.0062603974, -0.03252323, 0.026599588, 0.0091289, -0.0141761685, -0.023775715, 0.016139897, 0.0050269812, 0.012926524, 0.010816733, 0.022655902, -0.017608635, 0.013113159, -0.0066539543, -0.00020045544, 0.017397655, 0.0058262674, -0.0076845055, -0.017673552, 0.013137503, -0.019653508, 0.016797177, 0.044305597, 0.010719358, 0.012106951, 0.009210046, -0.014362804, 0.037359517, -0.008625797, 0.018679759, 0.0074248393, 0.010897879, 0.012877836, -0.026421066, 0.015880229, -0.00088702486, -0.0021219621, -0.0048362887, -0.0008865177, 0.019734655, -0.0016188584, -0.0125045655, 0.0038909402, 0.025560921, -0.03826835, 0.06394288, 0.006045361, 0.013397169, 0.0006511949, -0.00067452434, 0.027475962, 0.020546112, -0.018290259, 0.003566357, 0.017852072, 0.018176656, 0.021276424, 0.026729422, 0.0023207695, 0.00025675033, -0.014095022, 0.017933218, -0.0012293586, -0.011822941, -0.02905019, 0.001007222, 0.00029060335, -0.008463506, -0.023791945, -0.0051811584, -0.01357569, 0.023191465, 0.017965676, 0.029017732, 0.01984826, 0.03099769, 0.040929932, -0.0068568187, -0.00048332458, 0.03466548, 0.0419686, 0.0031301987, 0.015182376, -0.023353757, -0.013875929, 0.0043981015, -0.019685967, 0.025317485, -0.034340896, -0.0178683, 0.0066985846, -0.0044873618, 0.010565181, 0.003915284, 0.0001553181, -0.009916015, 0.026956629, 0.010849191, 0.0019018543, -0.040897474, 0.017770927, -0.00447519, 0.002773157, 0.0102649415, 0.05758105, 0.03004017, -0.004641539, -0.034340896, 0.012447763, -0.0102649415, -0.02791415, 9.978395e-05, -0.018160427, 0.0096725775, 0.019799571, 0.014030106, -0.0105814105, 0.040053558, 0.032880273, -0.004091776, -0.0058303247, -0.009972816, -0.011960888, -0.011912201, -0.011636306, -0.043721348, 0.005457054, -0.0134783145, 0.0060697044, 0.0023369985, -0.0018328804, -0.005720778, -0.02268836, -0.005461111, -0.00372662, 0.0024120584, -0.014695501, -0.012545139, 0.037846394, -0.021422487, -0.013721752, 0.0142816575, -0.020075466, -0.0043575284, -0.034925144, 0.0007008967, -0.0273299, -0.027979067, 0.019345155, 0.027816774, -0.012756118, -0.015847772, -0.0047186273, 0.0053961948, 0.011108858, -0.004418388, 0.021860674, 0.0033472637, 0.020335134, -0.015336553, -0.0050675543, -0.0075993026, 0.035087436, 0.009583317, -0.017641094, -0.008272813, -0.0045482214, -0.03817098, -0.007607417, 0.015328439, 0.017835842, 0.0010690957, 0.01884205, -0.02770317, -0.013494544, 0.01077616, -0.008349901, -0.018371405, 0.021114133, 0.013429627, 0.019377613, 0.007733193, 0.033529438, 0.00769262, -0.02231509, -0.020172842, 0.0085527655, -0.026145171, -0.012455878, 0.0048322314, -0.026485983, -0.007729136, 0.01540147, 0.016050637, 0.000623301, -0.002665639, -0.027849233, -0.005554429, 0.004463018, -0.03234471, -0.0073842662, 0.008252527, -0.010451577, 0.0013460057, -0.020675946, 0.028190045, -0.00962389, 0.01809551, 0.00058171386, -0.011254921, -0.015466386, -0.00034284094, 0.04544164, -0.013932731, -0.005720778, -0.014809106, 0.013397169, 0.02173084, -0.052809674, 0.018906968, 0.0093561085, 0.009104557, 0.012715545, -0.03177669, 0.0023917719, -0.014938938, 0.0055016843, -0.0016371162, 0.0004607559, 0.008236297, 0.002951678, 0.0044549033, -0.008203839, 0.0011938573, 0.0119771175, -0.019296467, -0.016862094, -0.0033716073, -0.0064916625, -0.031241126, 0.039371934, 0.0043250704, 0.042455476, -0.014987626, 0.051868387, -0.047259305, 0.002128048, -0.014273543, 0.010719358, -0.013916502, -0.027946608, -0.012042034, 0.026096484, -3.9495175e-05, 0.03502252, 0.051478885, 0.013129388, 0.039761435, -0.0010924251, 0.025479777, -0.003773279, 0.01212318, 0.003783422, -0.036061186, 0.011749909, -0.01751126, -0.015937032, -0.009867327, 0.010630097, 0.015677365, -0.007368037, -0.018225344, -0.0029009618, -0.015653022, 0.033626813, -0.051121842, 0.011043942, 0.008682599, 0.011311722, -0.04758389, -0.014752303, -0.0023938005, -0.0503753, -0.036677893, 0.009891671, 0.010029619, 0.0027366416, 0.016221043, -0.019896947, 0.030186232, -0.025155192, 0.038073603, 0.046058346, -0.017998135, -0.0071935738, 0.009226276, -0.0027893863, -0.018728446, 0.013957075, -0.010613869, 0.033026334, -0.007477584, 0.04138435, -0.0023978578, 0.028839212, -0.02233132, 0.0010112793, -0.026080254, -0.006552522, -0.0070393966, -0.0012942753, 0.00081805093, -0.02328884, 0.008074005, -0.022672132, 0.016959468, 0.0055666007, -0.0014778676, 0.0012952896, -0.015287866, 0.01501197, 0.03596381, -0.0045401067, -0.018063052, -0.005952043, 0.030186232, -0.03920964, -0.02750842, -0.032247335, -0.0038037086, -0.0002883211, 0.015020085, -0.035639226, -0.007396438, -0.053718507, -0.01733274, -0.027086463, -0.0198158, 0.056087967, -0.0066701835, -0.009218161, 0.015644908, 0.0035704144, 0.039793894, 0.016862094, -0.029537065, 0.0104759205, -0.013015783, 0.024911756, 0.0078751985, -0.061411127, 0.0009007182, -0.004239867, -0.0073477505, -0.03349698, 0.019929405, -0.010613869, -0.0051487, -0.021097904, -0.0037874794, 0.016829636, -0.053815883, -0.006511949, -0.03619102, -0.018436322, -0.023532277, -0.021065446, -0.042325642, 0.017462572, -0.031987667, -0.016018178, 0.033594355, 0.022866882, 0.043981016, 0.020838236, 0.03469794, -0.00269404, -0.03140342, 0.0036901045, -0.0069785374, 0.006487605, -0.03576906, 0.0134702, -0.002728527, -0.007368037, -0.028384795, -0.004442732, 0.021260194, 0.014971397, 0.02309409, -0.0044995337, 0.004576622, -0.018241571, 0.0039010835, 0.005509799, 0.019328926, 0.0009986003, 0.0024972614, 0.030932773, -0.024603402, 0.029975252, 0.04248793, -0.006552522, 0.008349901, -0.0060007307, -0.004799773, -0.032458313, -0.015912687, -0.0037753077, -0.04219581, -0.04021585, -0.0064308033, -0.011043942, 0.005818153, 0.0072747194, -0.018030593, -0.017738469, -0.01790076, -0.016878324, 0.029942794, 0.0034649249, -0.02366211, 0.004316956, -0.015953261, 0.018127969, 0.004132349, -0.02212034, -0.017073072, -0.014671158, 0.004479247, -0.06124884, -0.023418672, -0.028790524, 0.021081675, 0.011985232, -0.024506027, -0.0018775106, 0.02483061, 0.027768087, 0.036580518, -0.0021057331, -0.0069420217, -0.010443462, -0.050115637, 0.006317199, 0.032815356, 0.021601008, 0.009274963, 0.029601982, 0.024554715, -0.0057451213, 0.017413884, -0.00015227514, 0.045701306, 0.002917191, -0.0018896825, 0.009210046, -0.005371851, -0.046545222, 0.0078062243, -0.0019769142, 0.020546112, -0.021909362, -0.021049216, -0.026826795, -0.023791945, -0.004629367, -0.0029253054, 0.013802898, 0.011587618, 0.0025581208, 0.0013602062, -0.008224125, -0.00821601, -0.005546314, -0.005818153, 0.014744189, 0.015344667, -0.048752386, 0.0021219621, 0.018744675, -0.003304662, -0.00206516, 0.017154219, 0.0816002, -0.012196211, -0.0018764962, -0.015628679, -0.011660649, 0.023321299, 0.0019251837, 0.0031119408, 0.04060535, -0.028839212, 0.008049661, -0.009307422, 0.0134702, 0.01644825, 0.014930824, 0.0065849805, -0.013129388, 0.005952043, 0.015709823, 0.0047226846, 0.0045806793, 0.010548952, -0.011620076, -0.0076277037, 0.009932244, -0.008771859, 0.0006943036, 0.03524973, 0.022201486, -0.0023775715, -0.004264211, 0.042877432, -0.010540837, 0.026291234, -7.544022e-05, -0.011457785, 0.005302877, -0.017105531, -0.0037367633, 0.019702196, -0.018777134, -0.02541486, -0.00745324, 0.0020316876, 0.0033290058, 0.011847285, 0.008272813, -0.01628596, -0.020513654, -0.013486429, 0.007157058, -0.02173084, -0.001775064, 0.022039196, 0.0034081228, 0.0143871475, -0.018582385, 0.012236784, 0.016545625, -0.019393843, 0.02943969, -0.017576177, -0.01924778, -0.006564694, 0.008102407, -0.00016432021, -0.028790524, -0.013973304, 0.011400983, -0.010995254, 0.043202017, -0.009599546, 0.0046780542, 0.0058871266, 0.0074288966, -0.030121315, 0.014314116, -0.004811945, -0.015555646, -0.02541486, 0.018225344, -0.012147523, -0.0029658785, 0.0028847326, -0.0064348606, 0.006836532, 0.014671158, 0.032993875, 0.020627258, 0.011116972, 0.014127481, -0.021828216, 0.010224368, 0.021065446, 0.018728446, 0.0026514386, -0.011311722, 0.011530816, 0.010500264, -0.005485455, 0.0013642635, -0.01962105, 0.0051933303, 0.0098835565, 0.03401631, -0.0053556217, -0.02117905, -0.010070192, 0.01607498, -0.006438918, 0.008495963, -0.019199092, -0.040313225, 0.017073072, 0.013997648, 0.018923197, -0.0009778067, -0.025723213, 0.01924778, 0.018452551, -0.018241571, 0.028449712, -0.011944659, -0.017040614, 0.0007754494, -0.00041815438, -0.026258776, -0.011498357, 0.03447073, 0.01297521, 0.007656105, -0.0069501363, 0.02520388, 0.04170893, 0.0028157586, -0.015742281, 0.006901449, -0.005063497, -0.021698382, 0.029861648, -0.010905993, -0.035347104, -0.037424434, 0.024733234, -0.01885828, -0.0029942794, 0.0018602671, -0.014557553, 0.005720778, 0.010995254, 0.03791131, 0.026437296, -0.0115957325, 0.0034324666, -0.018046822, 0.0054286527, -0.0098835565, -0.032068815, 0.00015328945, -0.0043859296, 0.009331765, -0.0038219665, -0.0261614, -0.006463262, 0.00836613, 0.0053515644, 0.0035744717, -0.003704305, -0.011433441, -0.0037773363, -0.02134134, -0.01908549, -0.039826352, 0.020481195, 0.01963728, -0.009201932, 0.018030593, 0.011125087, 0.007144886, -0.016829636, 0.016383333, 0.015377126, -0.003231631, 0.012334159, -0.020481195, -0.0027183837, 0.010183796, 0.0063821157, 0.011960888, 0.013835356, 0.0020935612, -0.01221244, -0.02541486, -0.012001461, 0.011222462, 0.0125045655, -0.00068720337, -0.0024729178, -0.025917964, 0.024035381, -0.02848217, -0.0035744717, -0.03326977, 0.015839657, -0.014135595, -0.012350388, 0.0439161, 0.033237312, -0.04365643, 0.025252568, -0.003968029, -0.02367834, -0.044175766, -0.020156613, 0.028092671, -0.015847772, 0.007108371, -0.004223638, -0.014727959, -0.0046942835, -0.035866436, -0.010467806, 0.003919341, -0.022769507, -0.022574756, 0.034340896, 0.024343735, 0.0106869, 0.004868747, -0.004292612, -0.020822007, 0.022493612, -0.013551346, -0.015174261, 0.020464966, 0.0012597883, -0.026648276, -0.00047597074, 0.011749909, 0.0018724389, -0.008090234, -0.005623403, -0.0032214876, 0.002539863, 0.024002923, -0.029472148, 0.016829636, 0.009518401, -0.023191465, -0.012829148, -0.016229156, -0.013413398, -0.045896053, -0.006004788, 0.018679759, 0.009972816, 0.03596381, 0.015799085, 0.008731286, 0.001221244, -0.037294604, -0.0025763786, -0.027557109, -0.00027183836, -0.036288396, 0.0106463265, 0.015726052, 0.019929405, 0.021698382, 0.002083418, -0.0029699358, 0.0015600277, 0.014476407, 0.0076966775, 0.011620076, 0.014013877, 0.015141803, 0.0019870573, -0.012277357, -0.0020793607, -0.0010772103, -0.026437296, 0.011246806, 0.00293342, 0.031387188, 0.010897879, -0.0008997039, -0.003345235, 0.028076442, -0.006820303, 0.013940846, 0.02022153, 0.0047592004, -0.01962105, 0.043753807, 0.0061224494, -0.033139937, 0.017413884, -0.012342273, 0.011652535, 0.0007881284, 0.005781637, -0.029666899, -0.0041019195, -0.006763501, -0.0027934436, -0.018030593, -0.013356596, -0.02827119, 0.018825822, -0.0010508379, 0.009599546, -0.011368524, -0.004142492, -0.00061417214, 0.010167567, -0.0048322314, -0.00082210824, 0.013194304, -0.045766223, -0.032831583, -0.013673064, -0.0069501363, -0.00032179375, -0.00041080054, -0.006613381, 0.007043454, 0.022347549, 0.0009950502, 0.007465412, 0.011409097, 0.008199781, 0.0013389054, 0.015141803, 0.019166633, -0.020253988, -0.018030593, 0.018241571, 0.015336553, -0.006998824, 0.014492637, -0.008853005, -0.0061102775, 0.035833977, -0.013640606, 0.005765408, 0.014314116, 0.0018825822, -0.010110765, -0.035347104, -0.013364711, -0.036450688, 0.00022137584, 0.00027158478, 0.010695014, 0.0036333024, -0.011157545, 0.011887858, 0.0067269853, 0.02656713, 0.019020572, 0.01116566, 0.023775715, 0.011433441, 0.013429627, 0.009518401, -0.0010650384, 0.019783342, -0.017916989, 0.00033853005, 0.03021869, 0.013040127, -0.021471174, 0.021454945, 0.008528422, -0.0015417698, 0.006913621, 0.0069420217, 0.021893132, 0.022071654, 0.028433483, -0.0011806712, -0.024765693, -0.032474544, -0.011392868, 0.024554715, 0.012042034, -0.0265509, 0.009315536, -0.008431047, 1.8741189e-06, -0.006649897, 0.0013165904, 0.010167567, 0.0038402241, -0.02057857, 0.024927985, -0.016878324, 0.0011725565, 0.00091948314, -0.075952455, -0.008698828, -0.045084596, 0.01908549, -0.011246806, 0.023986693, 0.0051852157, -0.009218161, -0.005120299, 0.008293099, 0.0018318661, -0.0016959469, 0.011457785, 0.019653508, -0.007830568, 0.010630097, -0.009137015, -0.023580965, 0.0026352094, -0.051738553, -0.020367593, -0.01375421, -0.006564694, -0.01827403, -0.00014390697, -0.022737049, 0.027557109, -0.024749463, 0.0014707673, -0.0058708973, 0.0021321054, 0.026907941, 0.0003707348, 0.006479491, 0.042617764, 0.0014261372, 0.025528463, 0.009283078, 0.010621983, 0.0005079219, -0.012642513, -0.0039355704, -0.006576866, 0.004799773, 0.0018927254, 0.014086908, 0.022964256, -0.01807928, 0.0019657565, 0.022412466, -0.007631761, -0.002706212, 0.0052420176, 0.023759486, 0.0036373597, -0.0008444233, -0.014395262, 0.01462247, -0.028741837, -0.00027158478, -0.0057370067, 0.00026828825, 0.0046334243, -0.0010741673, 0.019345155, -0.014297887, -0.020140383, 0.020059237, 0.03697002, 0.020237759, -0.017300282, 0.007505985, -0.013713637, 0.0032214876, 0.008195724, 0.006621496, -0.01086542, 0.0043128985, 0.024278818, 0.009372338, -0.022574756, 0.024927985, 0.0002558628, 0.008674485, 0.012926524, 0.0067269853, 0.021016758, 0.00059642154, 0.011474013, 0.0098835565, 0.01192843, 0.021844445, 0.0035765003, -0.00011905608, 0.006455147, -0.0006146793, 0.008674485, -0.012131294, -0.013835356, -0.0001995679, -0.019410072, 0.0065038344, -0.00893415, 0.016943239, -0.020189071, 0.0005766422, 0.03596381, 0.0079401145, 0.010768046, 0.0028847326, 0.021390028, 0.022412466, -0.020156613, -0.038073603, 0.011579503, 0.005943929, -0.03326977, 0.00886112, -0.0029374773, -0.0182578, 0.0004490912, -0.018793363, -0.007996917, 0.015101231, 0.024960443, 0.003207287, 0.0109627955, 0.0014555525, -0.012261128, -0.015320324, 0.0016817463, 0.010240598, 0.028011525, -0.027459733, -0.0011684992, -0.008812432, -0.023645882, -0.0061224494, 0.010930337, 0.0047064554, -0.00823224, 0.015377126, 0.004321013, 0.00030911472, 0.01731651, -0.015823428, -0.007871141, 0.018809592, 0.011863514, -0.014127481, 0.012666857, 0.0021097905, 0.0014068651, 0.01299144, -0.01568548, -0.012098837, 0.034925144, 0.010256827, -0.012561367, -0.026015338, -0.012050149, -0.007043454, 0.0013662921, 0.008706942, 0.004913377, 0.0037408206, -0.021162821, 0.013137503, -0.017738469, -0.006191423, -0.0023410558, 0.02595042, 0.009007182, 0.03159817, 0.0042885547, 0.01807928, 0.004450846, 0.02195805, -0.0080658905, -0.0022173086, 0.01481722, -0.00021833288, -0.00059946446, 0.009964703, 0.015271637, -0.0110033685, 0.0006359801, -0.009656348, 0.023564735, -0.02522011, -0.024100298, 0.022964256, 0.01134418, 0.0021300768, 0.009299307, 0.010743702, 0.0028137302, -0.0023369985, -0.029585753, 0.0075749587, -0.005757293, 0.014947053, -0.0005989573, 0.0017415914, -0.011108858, 0.0102649415, 0.011660649, 0.0019414129, -0.023159007, 0.008390474, 0.010914108, 0.009347994, 0.0011228548, 0.0036921331, -0.0074167247, 0.004020774, 0.0015346697, -0.008228183, 0.0013875929, -0.0028624176, 0.008601453, -0.024100298, 0.0022416522, -0.0056639756, -0.017689781, 0.0023938005, -0.0047632577, 0.018322717, 0.020643488, -0.0035521567, -0.01327545, -0.000783564, 0.0040674326, 0.015020085, 0.037067395, -0.0021645639, -0.010151338, -0.0064308033, -0.005209559, 0.004986408, -0.006378059, 0.0019160549, 0.019117946, -0.002517548, 0.0077859377, -0.0022274517, -0.029618211, -0.0030429668, 0.0092911925, -0.010362317, -0.015369011, -0.0023674283, 0.01731651, -0.003915284, -0.016780948, -0.005173044, -0.009015297, 0.024587173, 0.003087597, 0.012058264, 0.0060088453, -0.0069055064, -0.008053719, 0.0007069826, 0.027622025, 0.012545139, 0.028563315, 0.0033290058, 0.015799085, 0.027979067, -0.0048322314, 0.021114133, -0.00024052117, -0.0062482255, -0.006231996, -0.011190004, 0.02770317, 0.0037854507, -0.009761837, 0.0055503715, 0.028125128, -0.017981905, 0.0074735265, -0.0054043094, 0.0037448779, -0.0008707957, -0.0130807, 0.015255407, 0.01598572, -0.00529882, -0.010484035, 0.008090234, 0.029537065, 0.018939426, 0.0018105652, -0.017219136, -0.0077940524, 0.011133201, 0.002842131, -0.025236338, -0.01626973, 0.020870695, -0.011035827, -0.0018754819, 0.016310303, -0.007100256, 0.0060697044, 0.015864002, 0.002842131, 0.0035399848, -0.0025378345, -0.008414818, -0.012050149, 0.029959023, -0.002023573, 0.018306488, -0.002505376, -0.020627258, -0.0015904574, 0.007700735, 0.022542298, -0.002785329, -0.016318416, -0.015231064, -0.019328926, 0.03748935, 0.01327545, -0.003264089, -0.019685967, -0.010800504, 0.02268836, -0.0022862824, 0.01751126, 0.013242992, 0.021438716, -0.008520307, 0.00046684183, -0.0063821157, -0.034308437, -0.0053393925, 0.003773279, 0.0051811584, 0.0010366373, -0.025528463, 0.019734655, -0.024132757, 0.034892686, -0.007607417, 0.0009265834, -0.00025624316, -0.0070515685, -0.012382846, 0.010459691, 0.021454945, 0.008812432, -0.01059764, -0.016188584, -0.0045238775, 0.009632004, -0.0045401067, -0.027654484, 0.010467806, 0.00077443506, 0.002876618, -0.012115066, -0.01963728, -0.006033189, -0.019734655, 0.022964256, -0.00031545424, 0.007789995, 0.007996917, -0.0030348522, -0.058976755, -0.006325314, 0.004726742, -0.0058424966, -0.009875442, 0.01712176, -0.0020996472, -0.0202053, 0.037099853, -0.0057613505, -0.021032987, 0.004994523, -0.015109345, 0.011214348, -0.0042276955, -0.0018754819, 0.010256827, -0.006487605, -0.017576177, 0.023402443, -0.002631152, 0.017803384, 0.009745609, -0.030705564, -0.011749909, -0.015222949, -0.0031301987, -0.008414818, 0.017916989, -0.010914108, 0.016488824, -0.0006795959, 0.0029232767, -0.0011147402, 0.015523189, -0.010938452, -0.0089747235, -0.013600034, 7.797602e-05, -3.7149555e-05, -0.023743257, 0.015044428, -0.024781922, -0.008248469, 0.0019414129, 0.022412466, 0.014890252, 0.025625838, -0.00962389, 0.019117946, -0.00669047, -0.014297887, -0.014841564, -0.009469713, 0.014500751, 0.01481722, 0.0155718755, 0.005968272, 0.011684993, 0.0067310426, 0.01203392, 0.009583317, -0.0019616992, 0.014362804, -0.010557067, 0.026015338, -0.004304784, -0.0265509, 0.024895526, 0.0013084757, 0.0119771175, 0.0016066865, 0.0058871266, -0.0015894431, -0.026291234, 0.019734655, 0.014306001, -0.010419118, -0.024506027, 0.017527489, 0.005246075, 0.009250619, 0.01733274, -0.010070192, 0.009469713, 0.009599546, -0.033659272, 0.01628596, 0.0053069345, 0.0135838045, -0.0023735142, 0.029520836, 0.026826795, 0.013981419, -0.012139409, -0.016221043, 0.01673226, 0.016415792, 0.020351363, -0.013007669, -0.009396682, 0.017284052, -0.004690226, -0.03304256, 0.006227939, 0.0013865785, 0.00305311, -0.02750842, -0.001712176, 0.0106869, 0.010532723, 0.0007029254, -0.036320854, 0.01637522, 0.0029435633, 0.0025033474, 0.016131781, -0.0147685325, -0.011482128, 0.0061224494, 0.007562787, 0.016797177, 0.0005375908, 0.01019191, -0.029326087, -0.010832962, 0.014703616, -0.002687954, -0.012910294, 0.0014859822, 0.006593095, -0.010110765, 0.00059845013, -0.02384063, 0.01501197, 0.0018105652, 0.0012455878, 0.008544651, 0.006499777, 0.009542745, 0.01866353, -0.01566925, -0.015807198, 0.015149917, -1.5452566e-06, -0.013234877, 0.008305271, 0.015442043, -0.013510773, -0.018777134, 0.02330507, 0.03000771, -0.0029821075, -0.0021037045, -0.0035521567, 0.0010275085, -0.010508379, -0.00037276343, 0.014565668, 0.004394044, 0.008078063, 0.031208668, -0.024538485, 0.01481722, 0.009761837, -0.005546314, -0.01453321, 0.010419118, -0.013778554, 0.007355865, 0.018322717, 0.00980241, 0.003014566, -0.027833004, 0.0060250745, -0.031825375, -0.02038382, -0.012520795, 0.015336553, 0.0052785333, -0.017689781, -0.0107923895, 0.001255731, 0.003138313, 0.0135838045, -0.0020286446, -0.004110034, 0.025057819, 0.02210411, 0.015369011, 0.008061834, 0.021536091, -0.0077129067, -0.003231631, 0.030202461, 0.0042276955, -0.006998824, -0.02155232, 0.036028728, -0.00451982, -0.008982838, -0.0015945147, -0.004726742, -0.00716923, -0.017251594, -0.008447276, -0.0018227372, 0.0077088494, 0.0015914717, -0.018192885, -0.023110319, -0.001324705, 0.009380452, 0.0025297198, -0.0009874428, -0.0057126633, 0.011108858, -0.019702196, 0.02677811, -0.021243965, -0.014492637, -0.023743257, -0.02057857, -0.002004301, 0.01945876, 0.013965189, 0.0076114745, 0.0061386786, 0.007157058, 0.021601008, 0.0009123829, -0.011238691, -0.01811174, -0.009615775, 0.03231225, -0.007221975, 0.009648234, -0.020529883, -0.015977604, -0.0143871475, -0.010086421, -0.0054245954, 0.0048606326, -0.004179008, -0.02231509, 0.021422487, -0.009388567, 0.010159452, 0.013737981, -0.031046377, -0.0029638498, -0.0128859505, -0.01885828, 0.00066640973, -0.008439162, 0.015377126, -0.023126548, 0.00107011, -0.004755143, 0.0049742367, 0.018338947, 0.009721265, -0.009283078, -0.01674849, -0.017462572, 0.0006070719, 0.00015278229, 0.0009636062, 0.006609324, 0.02541486, -0.021893132, -0.0036677895, -0.007777823, -0.037456892, -0.0022355663, 0.008601453, 0.009364223, 0.015198605, -0.011376639, -0.011263034, 0.0013642635, -0.030851627, -0.024489798, -0.002272082, -0.0071651726, 0.012626284, -0.009161359, -0.018777134, -0.00049422856, 0.014484522, 0.0019657565, -0.010159452, -0.0014535239, 0.017300282, 0.008264698, -0.006933907, -0.0064064595, 0.0023816288, 0.006775673, 0.005262304, -0.008844891, 0.0053069345, -0.008674485, 0.003955857, 0.012877836, 0.008134865, 0.014460179, -0.006913621, 0.004207409, 0.017673552, 0.002665639, 0.005891184, 0.0051568146, 0.0038381955, 0.0062969127, 0.004515763, -0.011376639, -0.021130363, 0.0062928554, 0.007591188, -0.013210533, -0.0155718755, 0.018355176, -0.005319106, -0.023743257, -0.010305515, 0.0096725775, 0.010232483, 0.009761837, -0.008796203, 0.015125574, -0.0076277037, 0.004045117, 0.003864568, -0.0019809715, 0.005051325, 0.0117661385, 0.0056477464, -0.004365643, -0.007745365, -0.008650141, -0.0028583603, 0.005461111, -0.017592406, 0.006463262, 0.015644908, -0.0107923895, -0.005108127, 0.004531992, 0.00018207086, 0.008893578, 0.0001188025, 0.013940846, 0.0024343736, -0.0012090722, 0.012277357, 0.0036819899, 0.0071489434, -0.00923439, -0.016277844, 0.018030593, -0.00025408773, -0.013632491, 0.003304662, -0.012025805, 0.0023998865, 0.0038503674, 0.0007216903, 0.0022761393, -0.0071164854, 0.0112792635, -9.319086e-05, -0.0026047796, 0.023791945, 0.0013084757, 0.028709378, -0.0022639674, 0.0004815495, -0.018825822, -0.011555159, 0.009737494, 0.010557067, 0.0040674326, -0.009583317, -0.010248712, 0.0010128008, 0.013940846, -0.003511584, -0.013567575, 0.0075384434, -0.002562178, 0.020822007, -0.017673552, -0.008942265, 0.021487404, -0.006759444, 0.0012861607, -0.002231509, 0.009705036, 0.024359964, -0.0005023431, 0.0067310426, -0.0014474379, -0.0048322314, -0.020692175, 0.03849556, -0.005753236, 0.0078062243, -0.018614843, -0.0054286527, -0.00601696, -0.0012374732, -0.0034324666, 0.010743702, 0.006089991, -0.021308882, 0.0038889116, 0.008301213, -0.012480222, 0.011376639, 0.03231225, 0.0001995679, -0.0037448779, -0.007465412, 0.012220555, -0.0052014445, 0.027167609, 0.0043737576, -0.014874022, -0.011327951, 0.016683573, -0.010346088, -0.008033433, 0.027264982, -0.011806712, 0.01364872, -0.018695988, 0.015166147, 0.009477828, 0.008471619, -0.033139937, -0.005286648, -0.008982838, 0.0028989331, -0.006958251, -0.000824644, -0.0041343775, -0.0007926929, 0.006410517, 0.024798151, -0.021422487, -0.0066417824, -0.004045117, -0.029115107, 0.022250174, 0.0049458356, -0.027232526, -0.014062564, 0.020448737, -0.013113159, -0.0004952429, -0.0016330589, 0.010175682, -0.01788453, 0.022737049, 7.0487476e-06, 0.005952043, 0.018063052, 0.026096484, 0.034925144, -0.02848217, -0.022347549, -0.014362804, 0.0034101515, -4.0176674e-06, 0.01134418, -0.009615775, 0.01963728, 0.026096484, -0.017219136, 0.011620076, -0.007777823, 0.0012506593, 0.019864488, 0.038560476, 0.019913176, -0.002282225, -0.0062360535, -0.023759486, -0.0048444034, 0.009088328, 0.0044386745, 0.003505498, 0.0089747235, -0.0024668318, -0.005189273, -0.013721752, -0.017154219, 0.0018369376, -0.01357569, -0.011336066, 0.0026920114, 0.029098878, -0.00010377785, 0.0011898001, -0.010159452, 0.025658296, -0.003590701, 0.00654035, -0.0012161725, 0.0012182011, 0.019150404, 0.027735628, 0.007923886, -0.009972816, -0.018127969, -0.0064470326, -0.01221244, 0.0147685325, 0.010183796, 0.013632491, 0.016261615, -0.003945714, 0.008487849, -0.016456366, 0.012455878, 0.016488824, 0.01173368, 0.0023674283, 0.013307909, -0.019702196, 0.01575851, 0.008853005, -0.013835356, -0.0035298415, 0.0019870573, 0.003572443, -0.008349901, 0.013015783, -0.014062564, -0.017559947, 0.001287175, 0.011181889, -0.011482128, 0.00058069953, 0.005968272, 0.0013835356, -0.0019272123, -0.0182578, 0.0033655213, -0.0006014931, -0.002294397, 0.015377126, 0.0014230942, -0.026469754, -0.0061508506, 0.00016647564, -0.0042155236, 0.016034408, -0.014508866, -0.014630585, 0.0053677936, 0.010354202, -0.0039355704, -0.017819613, 0.007700735, 0.017251594, 0.0023897432, -0.0026636103, 0.0021605066, 0.0032113444, -0.024911756, -0.0063334284, 0.039566685, -0.02502536, 0.00041612572, 0.00716923, -0.015945146, 0.026242547, 0.028790524, 0.002083418, 0.014955168, 0.024879297, 0.009299307, -0.002294397, -0.021763299, -0.002710269, -0.0027488135, 0.017073072, -0.023824401, 0.012610055, 0.0045076483, -4.6753917e-06, 0.0053231632, 0.0008981824, -0.0014220799, 0.00017852073, 0.011871628, 0.018760905, -0.030656878, -0.0041242344, 0.0057004914, 0.01134418, 0.020318905, 0.021860674, -0.025999108, 0.021276424, 0.008264698, -0.0020448738, 0.026891712, -0.010719358, -0.010419118, -0.006276626, 0.027005317, 0.00030455028, -0.0026676676, 0.008114578, -0.011969003, 0.01106017, -0.017430114, 0.01734897, -0.0065484648, 0.0018328804, -0.013940846, 0.0067310426, 0.017835842, 0.016829636, -0.010208139, 0.011311722, -0.015693594, 0.007932001, -0.0011187975, 0.01749503, 0.033789106, -0.008747515, 0.0048322314, 0.01134418, 0.034340896, -0.018192885, -0.0048322314, 0.0005365765, 0.0056152884, 0.010987139, 0.012683086, 0.0070191105, -0.017559947, -0.009477828, -0.003943685, -0.00010517254, 0.004738914, 0.0024222017, -0.0015620564, 0.033367146, -0.019166633, -0.020870695, 0.007863026, 0.03249077, 0.011871628, -0.007948229, -0.013640606, -0.0054935697, -0.010711243, 0.02309409, -0.017576177, 0.014955168, 0.005473283, -0.0025986938, 0.009266849, -0.033156168, -0.010605754, -0.019913176, 0.005160872, -0.010881649, -0.008836776, -0.00257435, 0.011409097, -0.033432063, -0.01885828, -0.00084543764, -0.02231509, -0.0032214876, -0.0292774, 0.006763501, -0.0010498236, 0.0035643287, -0.00026980974, 0.00808212, 0.021844445, -0.01908549, 0.000383921, -0.007745365, -0.0091289, 0.011498357, -0.008017204, 0.017787157, -0.00150424, -0.034860227, -0.00826064, -0.0091289, 0.0047226846, -0.010565181, -0.007465412, -0.0027325843, -0.008625797, -0.0182578, 0.018809592, 0.013640606, -0.001104597, -0.005095955, 0.006775673, -0.006524121, 0.026632046, 0.0072868913, 2.02389e-05, 0.0018876538, -0.0055057416, -0.013632491, -0.008796203, -0.0041364064, 0.00055939873, 0.01077616, -0.0045725647, -0.0070637404, -0.014232971, 0.0029435633, -0.010013389, 0.014119366, 0.0055341423, 0.0072138603, 0.016066866, 0.009347994, -0.0038848545, -0.014614356, -0.0065565794, 0.007108371, 0.007055626, -0.027784316, 0.0034852114, 0.02539863, -0.007404553, -0.011336066, -0.0018653387, 0.011303607, 0.0014362803, -0.023272611, 0.0020083582, 0.014265428, -0.011912201, 0.0077088494, -0.017430114, -0.009193817, 0.030494586, 0.008568995, 0.01905303, 0.016245386, 0.020757092, 0.004641539, -0.013178076, -0.0032093157, -0.023418672, -0.0053556217, 0.016910782, -0.015726052, 0.014549439, -0.018192885, 0.012829148, -0.0054935697, -0.0035602713, 0.021114133, 0.016253501, -0.005250132, 0.008069948, 0.020124154, 0.0047713723, -0.0029658785, 0.0047713723, 0.011352295, -0.013721752, 0.016180469, -0.0007871141, 0.0033594354, 0.011100743, -0.018598614, 0.012942753, -0.00031038263, 0.0313385, -0.00087891024, -0.009542745, 0.013656835, 0.010289285, 0.021828216, -0.0021625352, -0.0069055064, 0.011052055, 0.012618169, 0.001079239, 0.004079604, 0.0005436767, -0.016602427, 0.0011309694, -0.004365643, -0.0020742891, 0.0072138603, 0.00016901146, 9.217654e-05, 0.0010219297, 0.010135109, -0.0127804605, -0.0034223234, -0.0110682845, 0.014760418, 0.026275005, 0.0005391123, 0.0076966775, 0.014930824, 0.006154908, -0.0021300768, 0.020156613, 0.02789792, 0.0041911798, -0.013210533, 0.006775673, -0.020464966, -0.008682599, -0.01097091, -0.0028340165, 0.009477828, -0.006329371, -0.010508379, 0.0038605107, 0.002010387, -0.0020753033, -0.0009438269, 0.022964256, 0.023175236, -0.007814339, -0.03544448, -0.0029293627, -0.02022153, 0.0058830692, -0.017430114, 0.017284052, 0.015133688, -0.013178076, -0.010589525, -0.0035034693, -0.007396438, 0.015255407, 0.0044954764, -0.030348523, 0.012715545, -0.01731651, 0.013226762, -0.0032539458, 0.0142492, 0.0063577723, -0.0039639715, 0.010719358, 0.0013176047, 0.0035460708, 0.017559947, 0.010143223, -0.012261128, -0.016099323, -0.0014261372, 0.0018085367, -0.0020996472, 0.0009575203, -0.016399562, -0.0038280524, -0.0028969045, 0.012634398, -0.0013013755, -0.013494544, 0.02134134, -0.010508379, 0.006426746, 0.012301701, 0.014557553, -0.003858482, 0.012285472, -0.024084069, -0.00682436, -0.010419118, 0.008017204, 0.020189071, 0.011895972, -0.005891184, 0.0017081187, -0.006763501, -0.012748003, 0.0042885547, -0.00586684, 0.0015417698, 0.008195724, 0.0028056155, 0.002328884, 0.01923155, 0.008804318, -0.0037813934, -0.0051000123, -0.002866475, 0.010727473, 0.0023816288, 0.01906926, -0.02674565, -0.0051284134, 0.0031667142, -0.00081805093, 0.00875563, -0.0063496577, 0.0071367715, 0.0030003653, 0.0049417783, 0.0028806753, 0.016545625, -0.013835356, 0.0016736318, 0.009380452, 0.010435347, -0.0054286527, 0.011912201, 0.011011483, 0.0022578815, -0.016764719, 0.01655374, -0.0013013755, 0.00893415, -0.004742971, -0.011230577, -0.004698341, 0.017965676, 0.015920803, -0.0031261414, 0.0038909402, -0.007871141, -0.025901735, -0.021617237, 0.00740861, 0.0014768533, -0.0025986938, 0.024343735, 0.006142736, 0.01962105, 0.026534671, 3.708616e-05, 0.008966609, 0.0106463265, -0.010240598, 0.005209559, 0.012342273, -0.015425813, 0.007919828, 0.0015721995, -0.013567575, -0.0020367592, -0.031078836, -0.014200512, -0.0063618296, 0.025755672, 0.0037590784, 0.0062969127, 0.012691201, 0.0040633753, 0.0047348565, 0.0062644547, 0.0023126549, 0.005331278, 0.0061630225, -0.012447763, -0.007173287, -0.0011400982, -0.01106017, -0.012950867, -0.0002647381, 6.0003502e-05, 0.018906968, -0.035476938, -0.011254921, 0.0095670875, -0.00905587, 0.006199538, -0.0012161725, -0.0015407556, 0.022769507, 0.009412911, -0.0046455963, -0.009842983, -0.016618656, 0.001954599, 0.029553294, 0.013372825, 0.025317485, 0.0045238775, -0.0016705889, 0.014792876, -0.0007855926, -0.0038848545, 0.023775715, -0.012910294, 0.006637725, -0.026064025, -0.0115957325, -0.0037347346, 0.019117946, 0.019004343, -0.0069095637, -0.013900273, 0.00384631, 0.0019018543, -0.010240598, -0.0045238775, -0.0075993026, -0.002221366, -0.013251106, 0.010126994, -0.0067716157, 0.0022294803, 0.013705523, 0.011303607, -0.01712176, 0.0026088369, -0.015060658, -0.011920315, -0.015750397, -0.015807198, -0.0018998256, 0.0010087435, -0.009096443, -0.0007272691, -0.025609609, -0.009494057, -0.013015783, 0.013884043, 0.017527489, -0.010086421, -0.003957886, 0.019020572, -0.00019690531, -0.009096443, 0.016943239, 0.0002766564, 0.00017142047, -0.013786669, 0.014403377, -0.0024181444, -0.0067432146, 0.008398589, 0.012301701, -0.022282632, 0.0065849805, 0.0024708891, 0.028644461, -0.0037854507, -0.023256382, 0.014679273, 0.0091289, 0.012163753, -0.00558283, -0.0008520307, 0.015628679, 0.002511462, -0.0011451698, -0.004207409, 0.020659717, -0.016261615, -0.00010891286, -0.011871628, -0.007619589, -0.0016340732, 0.02595042, 0.0029374773, 0.008471619, -0.0033939225, 0.0094615985, -0.01945876, 0.03813852, 0.0042885547, -0.0031748288, 0.02637238, 0.010126994, -0.012748003, 0.0059155277, 0.0013875929, -0.0075709014, -0.034405813, 0.011400983, 0.02040005, -0.012431534, 0.022347549, -0.0063374857, 0.0017639064, -0.022461154, 0.010321744, -0.0019343126, 0.008199781, 0.0039538285, -0.0016989899, 0.0038402241, -0.002756928, 0.0003316834, -0.0014129509, -0.012845377, 0.015815314, 0.0048038303, 0.012715545, -0.001249645, -0.020351363, -0.014200512, 0.007984745, 0.010832962, 0.009015297, -0.0006075791, 0.006511949, 0.017478801, 0.0019870573, 0.04544164, 0.008520307, 0.015823428, 0.0013875929, -0.009786181, -0.008804318, -0.018890738, 0.009721265, -0.011498357, -0.014289772, 0.0020621172, 0.015912687, -0.016651114, 0.0058140955, -0.0090802135, -0.0014809106, -0.00045111985, 0.019182863, -0.010678785, 0.0042276955, -0.010500264, 0.012390961, -0.006759444, -0.0051000123, -0.032393396, 0.010589525, 0.016391449, -0.007221975, -0.018744675, -0.0049701794, 0.008341786, -0.005513856, -0.015198605, 0.013356596, 0.016237272, 0.0273299, -0.005051325, 0.0076682763, -0.010281171, 0.008147037, 0.01377044, 0.0122935865, -0.030867856, 0.0035805576, -0.018777134, -0.025057819, 0.013737981, 0.008601453, -0.0037448779, -0.006199538, -0.00033979796, -0.020724634, 0.009339879, -0.029601982, -0.01116566, -0.007108371, 0.034600563, -0.022737049, -0.009339879, -0.011806712, 0.005250132, 0.0009154259, -0.008495963, 0.0013034041, 0.013510773, 0.019864488, -0.012610055, -0.0022233946, -0.0037813934, 0.008199781, 0.0046090805, 0.019410072, 0.010021504, 0.019702196, -0.02040005, 0.010224368, -0.0026068082, 0.025901735, 0.008049661, 0.0035765003, 0.015604334, -0.009867327, 0.004527935, -0.0044346172, -0.0106869, 0.006386173, 0.0017476773, 0.023126548, -0.012277357, 0.018906968, -0.007660162, -0.0060940483, -0.028822983, 0.0003654096, -0.025447318, 0.005952043, -0.006678298, 0.033821564, 0.016277844, 0.029780503, -0.006998824, 0.020416278, 0.003276261, 0.006065647, -0.0063090846, 0.0005467197, -0.015036314, -0.014654929, -0.0074126674, 0.007112428, 0.008650141, -0.008463506, 0.0020387878, 0.0039741145, -0.01327545, 0.028060213, -0.017527489, -0.015076887, -0.020886924, -9.572667e-05, 0.021828216, 0.0026149228, 0.0099079, -0.0038118232, -0.019134175, 0.017235365, 0.023321299, -0.005943929, 0.008544651, -0.022201486, -0.01733274, -0.0053921374, 0.00084797345, -0.00221528, 0.02981296, 0.006398345, 0.004463018, -0.021438716, 0.011490243, -0.024132757, 0.0066539543, 0.025901735, -0.007546558, 0.0067716157, 0.010678785, -0.017186677, 0.013656835, -0.003795594, -0.0016634886, -0.027605796, -0.021763299, -0.019117946, -0.0055260276, 0.019896947, -0.0024607459, 0.00999716, -0.011190004, 0.021211509, -0.018127969, 0.0033959511, 0.0061467933, -0.024100298, -0.019474989, -0.006325314]"
券,fromCluster,-0.1125,16.0,0.7601,"[0.027884407, -0.04212526, 0.0033283671, 0.029959233, -0.03222268, -0.035114862, -0.049732957, 0.057812203, -0.014759559, 0.0051124035, -0.056240365, -0.005190995, -0.023703318, -0.0031397466, 0.0046919365, 0.020716826, -0.009989031, -0.019207861, -0.013274172, 0.01057847, -0.0014323374, -0.006558494, 0.08469064, -0.032379866, 0.005356038, -0.012299633, -0.028355958, 0.021581337, -0.039673194, -0.007065412, 0.020056654, 0.029974952, -0.054228414, 0.018893493, 0.004727303, 0.02485076, 0.035397794, -0.017510276, 0.0037252563, -0.030336475, -0.04960721, -0.026878431, -0.0035110933, 0.005108474, -0.012865495, -0.0031083098, -0.0016032748, -0.00553287, -0.010892838, -0.03580647, 0.015734099, 0.036403768, 0.011906673, 0.023546135, 0.04385428, 0.048192553, 0.03794417, 0.035492104, -0.010602048, -0.0021141223, -0.043256983, -0.027302828, -0.00025886207, 0.03366877, -0.020229556, -0.020701107, 0.004491527, 0.019286454, 0.02631257, 0.0107042175, -0.03017929, 0.003308719, 0.0073758503, 0.029754894, 0.013855753, 0.00019402376, 0.032442737, 0.03154679, 0.05774933, 0.056617606, -5.562833e-05, 0.041590836, 0.0042753997, -0.009989031, 0.004291118, 0.004416865, 0.0023263204, -0.043131236, -0.006534917, -0.014193698, 0.010177651, -0.0027880478, -0.06802915, -0.021518463, 0.026721247, -0.0025562018, -0.0024304546, -0.008118544, 0.0029786332, 0.04143365, 0.006448466, -0.029519118, -0.051116172, -0.037818424, 0.057026286, 0.031688254, 0.0023538275, 0.017651742, -0.030242164, -0.055454448, -0.0097061, 0.013462793, 0.025165128, -0.00698682, -0.018107574, -0.017698897, -0.0080438815, -0.017997546, 0.015183955, -0.007356202, -0.03135817, -0.04863267, 0.029141877, -0.024536392, 0.020418176, -0.0052813757, -0.004813754, 0.031593945, -0.02717708, -0.018720591, -0.042628247, -0.0024343843, -0.039264515, 0.007171511, 0.007014327, 0.0376298, -0.0072461735, 0.0066842414, -0.044105776, -0.03602653, -0.0721788, 0.020213837, 0.01766746, -0.015419732, 0.008330742, -0.020009499, 0.016661484, 0.003271388, -0.030745152, 0.048695542, 0.033825956, 0.0351463, 0.0053521087, 0.03901302, -0.011167909, -0.01068064, -0.045363247, 0.024740731, -0.0011071635, -0.008425052, -0.022791652, 0.007037905, -0.004428654, 0.019647976, -0.031421043, 0.008102825, 0.029440528, -0.0038863695, -0.015419732, 0.0376298, -0.052373644, 0.019239297, 0.013258454, -0.05416554, 0.010507737, 0.045394685, 0.038510032, 0.028796073, 0.06255916, 0.03407745, -0.015396154, 0.076831445, 0.041213594, 0.0047430214, 0.00043029067, -0.02096832, 0.007843472, -0.019192142, -0.023750473, -0.03630946, -0.009179534, -0.013769302, 0.020465331, -0.02136128, 0.03756693, 0.036938194, -0.047438074, -0.029283343, 0.022021452, -0.0027742942, 0.008621532, -0.004432583, 0.015796972, -0.06306215, -0.013407779, -0.025951046, -0.0017751947, -0.024111995, -0.013337046, -0.0013566928, 0.01038985, -0.006853214, 0.03860434, -0.02931478, 0.01883062, -0.0077609504, -0.0064681135, 0.03214409, -0.029723458, 0.0056350394, 0.036435205, -0.008998773, 0.038792964, 0.008566517, 0.0030434714, -0.02543234, 0.022241509, 0.025793863, -0.026328288, 0.005194925, -0.019569384, -0.018673437, -0.04970152, 0.004385428, -0.03948457, -0.027648631, 0.022854526, -0.051273357, 0.026359724, -0.014963899, -0.031876877, 0.04630635, -0.029000413, -0.0030729433, -0.023498978, 0.0093209995, -0.009886862, 0.009305282, 0.029424809, -0.01612706, -0.051273357, -0.0037547282, -0.0039276304, -0.026281133, 0.028497424, 0.00844863, 0.03028932, -0.0143273035, -0.014680968, -0.016268523, 0.033983137, -0.00495129, -0.046243478, 0.001490299, -0.015757676, 0.0047194436, -0.039861813, -0.051870655, 0.009839706, -0.037032504, 0.014052233, -0.0033755223, 0.018767746, -0.03571216, -0.022744497, 0.016299961, -0.035177737, 0.0079535, -0.046557844, 0.0111600505, -0.034517564, -0.013227018, 0.007367991, -0.009313141, -0.022634469, 0.005493574, -0.004668359, 0.0071086376, 0.011010726, -0.0021376999, 0.009234549, 0.010515597, 0.04086779, -0.001276136, 0.04630635, 0.019569384, -0.021298407, 0.009336718, -0.028371677, -0.004047483, -0.06202473, 0.015773395, -0.024394928, -0.029094722, 0.0067903404, 0.0019088008, 0.02192714, 0.014885306, -0.04137078, 0.022571595, 0.006833566, -0.05306525, -0.014987476, 0.0070850602, -0.00094212044, -0.036372334, 0.018437661, -0.009344577, -0.01465739, 0.01068064, 0.023907658, -0.0236876, -0.009713959, -0.035775036, 0.010279821, -0.011969547, -0.022791652, 0.049732957, 0.024379209, 0.03190831, -0.012975523, -0.012967664, 0.030147854, 0.027742941, 0.0074858787, -0.02192714, 0.020103808, 0.012614001, -0.0012839952, 0.034203198, -0.037504055, 0.02961343, -0.025353748, -0.01592272, 0.015073927, -0.008998773, 0.019427918, -0.028591735, -0.0062441267, 0.012944086, 0.00044355306, 0.002338109, 0.019742286, -0.009140238, 0.041716583, -0.014335163, 0.011898814, -0.016787231, -0.01281048, 0.020213837, -0.046463534, -0.006377733, 0.03115383, -0.021565618, 0.0067313965, 0.016865822, -0.0037999186, 0.03910733, 0.0014028655, 0.014193698, -0.01631568, 0.003037577, -0.011050021, -0.016818667, -0.00990258, 0.00015030701, -0.039295953, -0.022980273, -0.025495213, 0.0043697096, -0.01242538, -0.037378307, 0.01999378, -0.0388244, -0.0019176424, 0.031263858, 0.022681624, -0.017243063, 0.034203198, -0.013651414, -0.037378307, 0.008550799, -0.015152519, 0.03154679, 0.009053787, 4.8160564e-06, 0.028858947, 0.017730333, 0.020418176, -0.0020728614, -0.021895705, -0.0068099885, -0.012095294, -0.009493902, -0.0074072867, -0.038572907, -0.028560298, -0.008087107, 0.00067932875, 0.0023341796, 0.0360894, -0.037346873, 0.008645109, -0.0079535, 0.0351463, 0.036843885, 0.023609009, -0.029817767, 0.01358854, -0.02027671, -0.015223252, -0.020638233, -0.01971085, 0.022838807, 0.009250267, 0.012896932, 0.030399349, 0.00717937, 0.009313141, 0.00815784, -0.048601232, -0.0017624234, 0.025495213, 0.024284897, 0.018987805, -0.0013733935, 0.005910111, 0.0040219408, 0.038007043, -0.015616211, 0.017415965, -0.034706183, -0.010523456, -0.022587312, -0.01310913, 0.034014575, -0.029629147, -0.045488995, -0.0044679497, -0.01738453, -0.020716826, 0.0011287762, -0.001470651, 0.027004179, 0.016960133, 0.026391162, -0.016928695, -0.036372334, 0.037441183, 0.0070575527, -0.014688827, 0.052310772, -0.004923783, 0.004841261, -0.017636023, 0.01980516, -0.018877774, 0.034203198, -0.003414818, -0.016472863, 0.019632258, -0.008425052, 0.028764637, -0.03709538, 0.022320101, 0.008134262, -0.005249939, -0.023734754, -0.0011336883, 0.007894557, 0.026674092, -0.02280737, -0.003959067, 0.051304795, 0.042251006, -0.018579125, 0.025212282, -0.026375443, 0.017243063, 0.013541385, 0.0005948425, -0.0109321335, 0.014515924, 0.010664921, -0.0038313554, -0.0059258295, -0.029094722, -0.041182157, 0.00320262, -0.0032085145, 0.02408056, 0.0035837907, 0.0066763824, 0.019569384, -0.028748918, -0.034423254, -0.011710194, 0.03077659, -0.026674092, 0.010979289, 0.013352765, -0.013384202, -0.0040907087, 0.013557103, -0.036403768, 0.0039551375, 0.02931478, -0.00058993045, -0.009698241, 0.03127958, -0.0015934508, -0.0258253, 0.0041968077, 0.004652641, 0.017337374, 0.020135246, 0.04416865, 0.008377897, 0.06215048, -0.015388295, 0.025966765, -0.0040985676, 0.00199034, -0.04039624, -0.011348671, 0.006271634, 0.001970692, 0.02164421, -0.023247484, 0.0034325013, -0.001985428, 0.011301516, 0.019585103, 0.0221472, -0.0011680721, 0.0028410973, 0.004766599, -0.0070496937, -0.021046912, -0.015867705, 0.029833486, 0.030713717, -0.029676303, -0.009886862, -0.008267868, -0.016158495, 0.014594517, 0.008016374, 0.010044045, -0.0100047495, 0.011600165, -0.018956367, 0.042691123, 0.016362835, 0.023278922, 0.020072373, 0.0074701603, 0.012464676, -0.040239055, -0.010397709, 0.029440528, 0.0017742122, 0.013030537, -0.023498978, 0.0068650027, -0.017525995, 0.012700452, 0.036843885, -0.019883752, 0.023954812, 0.02008809, -0.028701764, 0.04929284, 0.0012977488, 0.0011690545, 0.017698897, 0.0030552603, -0.013745724, 0.0024599265, 0.04199951, -0.06922375, 0.037535492, -0.0036938195, 0.023137456, 0.0020090055, -0.005961196, 0.043602787, 0.013737865, 0.010279821, -0.010374132, 0.0044247243, -0.008472207, 0.00014969302, -0.029786332, 0.023829065, 0.00941531, 0.015018913, -0.023766192, -0.01669292, 0.06670881, -0.019836597, 0.02038674, -0.022382975, 0.011057881, 0.01533328, -0.0044758087, -0.010995007, 0.01834335, -0.03105952, 0.015985593, 0.050801806, -0.030446503, 0.023703318, -0.026799839, 0.017934673, -0.044483017, -0.008825871, -0.013525667, 0.012535408, -0.012441099, -0.020496769, -0.026045356, -0.033260092, -0.002554237, -0.012763325, 0.0030945563, -0.0049866564, -0.00022816211, 0.031326734, -0.012016702, 0.02513369, 0.0016160461, 0.004330414, -0.001135653, -0.0029570204, 0.010374132, -0.0023832994, 0.03649808, 0.010688499, -0.0034383957, -0.019632258, 0.02076398, 0.02106263, 0.025668116, -0.0077766688, -0.007878838, -0.005163488, -0.0070418348, -0.018107574, -0.008605814, -0.03407745, 0.010130497, 0.02747573, -0.010625625, 0.004436513, 0.013038397, -0.003872616, -0.0031397466, -0.023373231, -0.028623171, -0.02008809, -0.021408435, -0.019050678, 0.02940909, 0.002338109, -0.015867705, 0.0061419574, -0.055863123, -0.005988703, -0.019475074, 0.0049748677, -0.010507737, -0.018689154, -0.011749489, -0.015749818, 0.008142121, -0.023436105, 0.0011867378, 0.0036368403, -0.022210073, -0.0031770777, -0.012920509, 0.0015728205, 0.00650348, -0.0037783058, 0.0023341796, 0.00456226, 0.016677203, -0.0301007, -0.009218831, -0.018359069, -0.035743598, -0.0044129356, 0.0033322966, 0.0055564474, 0.036403768, 0.006358085, 0.007886698, -0.014146542, 0.0049945153, 0.011191487, 0.013423497, -0.009776833, 0.014602375, 0.0035877205, -0.0068492843, 0.01213459, -0.016378552, -0.024992226, -0.024332054, 0.003786165, -0.00892804, -0.022665905, 0.021329843, 0.021046912, -0.01901924, 0.018374788, 0.0014735982, 0.029864924, -0.0021887845, -0.013368483, 0.015136801, -0.00078886625, 0.0029884572, -0.017400248, 0.0038745808, -0.00012881705, -0.00025935328, 0.008189276, -0.0059454776, 0.004511175, -0.015286125, -0.0044679497, 0.0019255016, -0.006279493, -0.025652397, -0.039295953, 0.028874665, -0.0069475244, 0.003988539, -0.011615884, -0.020795418, 0.02824593, -0.037409745, -0.014814573, 0.017730333, -0.0064877616, 0.02871748, -0.030210728, -0.025605243, -0.019490791, 0.013847893, 0.0045583304, -0.028796073, 0.014060091, -0.0040219408, 0.011395826, 0.012205322, 0.01824904, -0.00017044619, -0.0075762593, -0.0047626696, -0.031169549, 0.027742941, -0.011568728, -0.004220385, 0.015757676, 0.0144844875, 0.026422597, -0.0030729433, 0.0018537865, -0.0077413023, -0.015891284, 0.023498978, -0.01688154, 0.010609907, -0.0024009827, 0.014405896, 0.015058208, 0.049261406, 0.030996647, -0.004511175, 0.039295953, 0.023546135, 0.0031967256, -0.00989472, -0.0117023345, -0.020465331, 0.010987148, -0.0047783875, 0.030980928, 0.00747409, 0.019365044, 0.03957888, 0.020512486, 0.040364802, -0.014539503, -0.005006304, -0.020040935, 0.025510931, -0.017290218, 0.008660828, 0.0036643476, 0.013659272, -0.0028116254, 0.017463122, -0.024222024, -0.022272946, 0.020748263, -0.011442981, -0.0007898486, 0.0067353263, 0.026736965, -0.028623171, -0.017651742, -0.003911912, 0.043728534, 0.03047794, -0.027852971, 0.0023047077, -0.0029334428, 0.014036514, 0.0004880066, 0.0022516581, -0.02068539, 0.036969632, -0.008975196, -0.0073797796, 0.0077255843, 0.025180846, -0.003133852, -0.013454934, -0.026359724, -0.009533198, -0.031106675, -0.0030591898, -0.01950651, -0.025149409, -0.014885306, -0.024442082, 0.0023243555, 0.021628492, -0.012841917, -0.020449614, -0.021817112, -0.011788785, 0.026344007, -0.020056654, -0.017793206, -0.016520018, 0.02747573, -0.005202784, -0.040270492, -0.019962344, 0.03135817, 0.01387933, 0.0110736, -0.01776177, -0.016944414, -0.012401802, -0.0007579207, -0.004326484, -0.011875236, -0.0066803116, -0.041685145, -0.03659239, 0.014272289, 0.03602653, -0.0024304546, -0.011608024, -0.019632258, -0.007977078, -0.006079084, -0.009651085, 0.037692677, -0.03571216, 0.016056325, 0.0028548508, -0.015176097, -0.024614984, 0.024127714, -0.006126239, 0.009745396, -0.04476595, 0.0019530088, -0.017321656, -0.028088747, 0.0022889893, -0.022508722, -0.019585103, -0.02048105, -0.025400903, -0.00699075, 0.018406224, -0.03263136, -0.01989947, 0.02455211, -0.0048884163, 0.032379866, 0.0013527632, 0.031263858, -0.04922997, -0.0065938607, -0.0073326244, -0.0013399919, -0.005564307, -0.010075482, 0.019050678, -0.020119527, -0.008660828, -0.018909212, -0.03423463, -0.017604586, -0.013580681, 0.024222024, -0.007992797, -0.0079731485, 0.03291429, -0.011922392, 0.006833566, -0.034706183, 0.014240853, 0.017746052, -0.013769302, 0.0020374951, 0.01281048, -0.013234876, -0.024504956, 0.02513369, -0.036938194, -0.0067824814, 0.0056625465, 0.0116316015, -0.024033405, -0.01348637, -0.014971757, -0.012055998, 0.0017476875, -0.009753255, -0.002852886, -0.041119285, -0.022775933, -0.024960788, -0.015624071, 0.002727139, 0.010044045, -0.032191243, -0.029471964, -0.014185838, 0.008700124, -0.014429473, -0.02980205, -0.0376298, -0.003953173, -0.009533198, -0.042156696, 0.024190588, -0.0037802705, -0.030210728, -0.0025267296, -0.011914533, 0.016158495, 0.014547361, 0.049387153, 0.028481705, 0.004589767, 0.0076509216, 0.0143666, 0.0017968074, 0.022194354, 0.02038674, 0.016661484, 0.016072044, 0.018107574, 0.036057964, 0.0037291858, 0.006424888, 0.009831847, 0.022634469, 0.017227346, 0.0114587, -0.015301843, -0.0070889895, -0.024410645, 0.022021452, 0.028261648, 0.019066395, -0.009116661, -0.005748998, -0.03225412, -0.058000825, 0.013234876, 0.024725012, 0.022650186, -0.0107042175, -0.0071204263, -0.027051333, 0.024489237, -0.018264757, 0.031625383, -0.026941305, 0.0028116254, 0.008998773, 0.0026799839, 0.01600917, 0.01824904, 0.028465988, -0.01883062, -0.007839543, 0.06526272, -0.017730333, -0.0012771185, -0.017463122, -0.022162916, -0.0036898898, 0.009265985, 0.010727795, 0.018233322, 0.009603931, -0.019726567, 0.01931789, 0.028025873, -0.005717561, 0.0100047495, -0.0045268936, -0.026186822, -0.015584774, -0.014052233, 0.007705936, 0.01688154, -5.525993e-05, -0.0053324606, -0.007607696, 0.006079084, -0.009564634, 0.022555877, 0.03222268, 0.005399264, 0.004597626, -0.009823988, 0.032096934, -0.024033405, -0.00892804, 0.027302828, 0.004000328, -0.0010531315, -0.0151682375, -0.028183056, 0.02959771, 0.007717725, -0.017698897, 0.009957594, -0.014696686, 0.004047483, 0.01542759, -0.0048176837, -0.031876877, -0.026957022, -0.013274172, 0.00071273034, -0.0033912407, 0.010688499, 0.016787231, 0.03385739, 0.0013429391, -0.005756857, -0.026076794, 0.003261564, 0.011215065, -0.0073837093, -0.022021452, 0.046903647, -0.008762998, 0.0040514125, 0.011128614, -0.006641016, -0.009776833, 0.029173315, -0.010735654, 0.007077201, -0.011435122, -0.0051124035, 0.008102825, 0.018563408, -0.008951617, 0.0071007786, 0.0020807206, -0.031562507, -0.010719935, 0.0024501025, 0.0024972577, -0.03319722, -0.015105364, -0.014508066, -0.010122637, 0.013761442, -0.008252149, 0.012959804, 0.0036486292, 0.00806353, -0.0046604997, 0.009289563, -0.021974295, 0.024740731, 0.007914205, -0.011026444, -0.0031790426, 0.016504299, 0.0073994277, -0.027349982, -0.002980598, -0.008087107, -0.008574377, -0.0098632835, -0.015789114, 0.020433895, 0.008786575, 5.633443e-05, 0.012268196, 0.009226689, -0.023750473, -0.016755793, -0.01038985, 0.028104465, 0.02483504, 0.006963243, -0.040521987, -0.023483261, 0.007104708, -0.009981172, 0.0149403205, -0.014492347, -0.042785432, -0.02415915, 0.015804831, -0.021864267, 0.022367256, 0.036969632, 0.008299305, 0.021094067, -0.04221957, 0.015066068, 0.0015679084, 0.007855261, -0.009855425, -0.033322968, -0.008645109, -0.019097833, -0.010837823, 0.021722803, 0.0029452315, -0.015993452, 0.033354405, 0.0062284083, 0.026233977, -0.012582564, -0.011340812, -0.012189604, 0.028403115, 0.004998445, 0.030116417, 0.028843228, 0.011490136, -0.027774379, -0.01901924, -0.02562096, -0.01086926, 0.010224807, -0.0051202625, 0.021597056, -0.009360296, -0.00941531, -0.0013773231, -0.01971085, -0.016001312, -0.0047744582, 0.014869588, 0.024222024, -0.0063855923, -0.0020217767, -0.02464642, -0.012700452, 0.008385756, 0.0012240689, -0.008873026, -0.002125911, 0.008613673, 0.0045465417, -0.0099340165, 0.03542923, -0.0038293905, 0.017525995, 0.0052538686, 0.0150110535, 0.0038117073, -0.021801393, 0.018516252, 0.009525339, 0.010271962, -0.0036623827, 0.0062952116, -0.039861813, -0.003008105, 0.008094966, 0.027444292, -0.020449614, -0.013808598, -0.021266969, 0.02552665, -0.0035287763, 0.002503152, -0.04784675, -0.0019677447, 0.00060515763, -0.0077255843, 0.0008875973, 0.007717725, -0.03385739, 0.02678412, -0.0045190346, 0.0026269343, -0.030132135, -0.02513369, 0.0065388465, 0.008645109, -0.0021907494, -0.031625383, 0.005552518, -0.0055014333, -0.012849776, -0.012221041, 0.008126403, -0.022257227, -0.0060908725, 0.019380763, -0.013313469, -0.012433239, -0.0075762593, -0.019066395, -0.011332952, 0.007835613, -0.018311914, -0.0070261164, 0.027145643, -0.022791652, 0.004298977, -0.009187394, 0.0060830135, -0.009525339, 0.00038215314, 0.013714287, 0.027790098, 0.01183594, 0.02620254, -0.018641999, 0.0012112977, -0.01213459, 0.008990914, 0.0018783464, -0.0073208357, 0.013195581, -0.007092919, -0.0052381502, 0.012205322, 0.00019070816, 0.006833566, 0.017918954, -0.014295868, 0.0143666, -0.023719037, -0.011945969, -0.038510032, 0.0027585758, -0.0010943923, 0.017447403, 0.00203946, -0.0029747034, 0.030540813, 0.01708588, -0.014515924, 0.0035818259, 0.020009499, -0.005910111, 0.025070816, -0.0058158007, 0.017463122, -0.029880641, 0.01853197, 0.014295868, -0.01922358, 0.016299961, 0.013509948, -0.013415637, 0.027648631, -0.010240525, -0.010900697, 0.0271928, -0.0024343843, -0.023970531, 0.027255673, 0.0065860017, 0.00805567, -0.01465739, 0.02961343, 0.010358413, -0.0021828902, 0.03263136, -0.013250595, 0.015003194, 0.0046369224, -0.015914861, -0.006908228, -0.0047115847, 0.015364717, -0.004067131, -0.03288285, 0.0017712651, -0.013950063, -0.023923375, -0.034014575, -0.008260009, -0.043822844, -0.0036663122, 0.0055839545, -0.025589524, 0.007018257, -0.0001720426, 0.0075566117, 0.015293985, 0.015301843, -0.0028116254, -0.019647976, -0.00051281217, -0.005379616, -0.02125125, -0.0133291865, -0.001396971, 0.023420388, 0.015411872, 0.003532706, -0.0033499799, 0.008036022, -0.0008807205, 0.0026564063, -0.0043932875, -0.001002538, -0.035869345, 0.0073208357, -0.027491448, 0.009658945, -0.018689154, -0.013651414, 0.0029157596, -0.003377487, 0.013926486, 0.021298407, -0.014641671, 0.0067038895, 0.004330414, 0.0044718795, -0.01387933, -0.015765537, -0.012276055, -0.0088494485, -0.0013606224, -0.005096685, -1.2679085e-05, 0.000785919, 0.015969874, -0.021612773, 0.019097833, 0.015128941, 0.0026171103, 0.020999756, -0.00310438, 0.029299062, 0.025951046, -0.015969874, 0.026626937, 0.01903496, 0.0051477696, -0.023954812, -0.0067392555, 0.0094624655, 0.0034816214, -0.035177737, 0.00806353, 0.008668687, -0.0043618507, 0.032599922, 0.0035680723, -0.008126403, 0.019003522, -0.02038674, 0.01310127, 0.0036132627, 0.0007279575, 0.011796645, -0.0025758496, -0.030352194, -0.006369874, -0.0063227187, 0.00069160876, 0.0056821946, -0.016834386, 0.0007255015, 0.006931806, 0.009651085, 0.0101619335, -0.05844094, -0.018028982, -0.0018616457, 0.03473762, 0.004833402, -0.01494818, -0.00017695458, -0.0053049535, 0.0010737618, 0.0055210814, -0.01911355, -0.013179862, 0.0062755635, 0.014193698, 0.00042930827, 0.010602048, -0.007222596, -0.005132051, -0.006853214, 0.0019962343, -0.020638233, -0.013761442, 0.0078513315, -0.021895705, 0.0022929187, -0.008739419, 1.4006858e-05, 0.0037881297, 0.020182401, 0.025872454, -0.0005368809, 0.013305609, -0.0010717971, 0.0060358583, 0.0055564474, -0.023923375, 0.006346296, -0.0062362677, 0.01494818, -0.00080212863, 0.015804831, 0.011718052, 0.011207205, 0.00903021, -0.009077365, -0.004247892, 0.02213148, -0.02552665, -0.0022398692, 0.0017565291, -0.012794762, -0.012283915, 0.009100942, 0.014193698, 0.0051124035, -0.008267868, -0.029393371, 0.040647734, -0.010751372, 0.0020532135, 0.013745724, -0.021392716, 0.018689154, 0.0020217767, 0.0150110535, 0.0087079825, 0.01290479, 0.03231699, 0.019695131, -0.016472863, -0.007250103, 0.021832831, -0.018673437, -0.020732544, 0.024614984, -0.0072933286, 0.0012545233, 0.049324278, 0.019333608, 0.0038490384, -0.008865166, 0.02464642, 0.0008964389, 0.009171675, -0.0033067544, 0.007529104, -0.012221041, -0.006766763, 0.014217275, 0.009776833, -0.0042085964, 0.012920509, -0.0117023345, -0.0005634057, 0.0075408933, 0.01203242, -0.00417323, 0.008228572, 0.0045583304, 0.022775933, -0.03272567, -0.015058208, -0.031483915, 0.00068669673, -0.04816112, -0.015883423, 0.003212444, 0.010712076, 0.0055760955, -0.033480152, 0.01854769, 0.0036663122, -0.022084326, -0.008692265, 0.009761115, 0.010201229, -0.022021452, 0.018028982, -0.0037036433, 0.002833238, 0.0023852643, 0.0042753997, 0.0055210814, 0.014901025, 0.018516252, -0.0016121165, 0.008173558, 0.019427918, -0.0034698325, -0.026925586, -0.018406224, 0.0020158824, 0.008794434, -0.014963899, -0.013722146, 0.0040749903, -0.01853197, -0.010743513, -0.0036859603, 0.0010934098, 0.00062185846, 0.008605814, 0.019380763, 0.010782809, 0.008841589, -0.0057097017, -0.004047483, 0.028843228, 0.01688154, 0.012213182, -0.0034030294, -0.0049827266, 0.00018444538, 0.010531315, 0.023074582, -0.006452395, 0.0055760955, -0.003573967, -0.012873353, 0.0020512487, -0.007709866, -0.008220713, -0.0022909539, -0.0033264023, 0.02222579, -0.015938438, 0.005587884, -0.008770856, -0.015058208, 0.0055250106, -0.03407745, 0.013808598, -0.012551127, 0.0038765457, -0.003697749, 0.008197135, -0.01952223, -0.0041535823, 0.0038490384, -0.012189604, 0.0042596813, 0.029189033, -0.0114587, -0.013274172, 0.0053324606, 0.014987476, 0.006338437, -0.011128614, 0.013777161, -0.0029864924, -0.0011228818, 0.012873353, -0.004550471, 0.00728154, -0.019820878, 0.0052185026, -0.0036898898, -0.010232666, -0.015341139, 0.00017216538, 0.00022656572, -0.007018257, 0.0031711834, -0.0064327475, -0.0069711017, -0.0110893175, 0.019097833, -0.0018557513, 0.010499878, -0.00060171925, 0.0076627107, -0.0039551375, 3.9081053e-05, -0.009053787, 0.0106177665, 0.007423005, -0.0032871063, -0.00017130579, 0.0041496526, -0.0039001233, 0.028104465, 0.0012152273, 0.009061647, -0.0020031112, -0.05677479, 0.013714287, -0.005293165, -0.014798855, 0.025070816, 0.004601556, 0.026642656, 0.03107524, 0.032851417, 0.02057536, 0.0057372088, -0.0055171517, -0.0068178475, 0.008094966, -0.011215065, 0.011576587, -0.023939094, 0.0026092513, -0.0005211626, 0.0046329927, -0.00017486699, -0.008597954, -0.015781254, -0.008456489, 0.006715678, -0.010806386, 0.0006243144, -0.013863612, 0.0048255427, 0.036466643, -0.021282688, -0.013030537, 0.0018675401, 0.021235533, 0.008810152, 0.025385184, 0.008417193, -0.013769302, -0.0022752355, -0.0052342205, -0.009399592, -0.013580681, -0.007045764, 0.0068492843, 0.027585758, -0.0066528046, 0.005560377, 0.0039944337, -0.0002458453, -0.03407745, 0.0025562018, -0.00364077, 0.012456817, 0.032474175, -0.0351463, 0.01038985, 0.008299305, -0.0007313959, 0.005599673, -0.013855753, -0.0114587, 0.036875322, -0.0033224728, 0.011608024, 0.023357514, -0.00023098651, -0.0024029475, 0.0026839136, -0.018516252, 0.023891939, 0.008511503, -0.01193811, -0.0043068365, 0.011199346, -0.010853542, 0.002446173, -0.034926243, 0.008252149, -0.008684405, 0.0056036026, 0.012346788, 0.008527221, 0.00495129, 0.033040036, 0.009281704, -0.023168894, -0.027019896, 0.017494557, 0.0005933689, 0.018437661, -0.0064641843, 0.022382975, 0.0028116254, -0.033983137, -0.005890463, 0.010649203, 0.0015168238, -0.010413427, 0.01339206, -0.021487026, -0.03423463, 0.025463777, -0.020748263, -0.004629063, -0.003589685, -0.026878431, 0.025448058, -0.0035798613, 0.020056654, 0.017337374, -0.0038352848, 0.007686288, -0.00034064677, 0.008920181, -0.0058511673, 0.011270079, -0.004943431, -0.004589767, -0.0059729847, -0.0027310685, -0.004629063, -0.004145723, 0.025668116, -0.01824904, 0.016975852, 0.012826199, -0.013730005, -0.0082364315, 0.020040935, -0.0023911586, -0.005996562, 0.007289399, -0.00941531, 0.0008807205, -0.0065191984, -0.018657718, -0.0005540729, 0.022335818, 0.011387967, -0.00038952113, -0.020528205, -0.000997626, 0.01708588, 0.004534753, 0.009352436, 0.00029643884, -0.012448957, -0.008629391, 0.0010108884, -0.05221646, -0.002086615, -0.00046909542, -0.0003995907, 0.006153746, -0.011513714, 0.007010398, -0.00950962, 0.043728534, 0.016378552, -0.009132379, -0.0060122805, 0.0058511673, -0.01310127, 0.0066331564, -0.02087401, 0.015404013, -0.02329464, 0.005937618, 0.0038215313, -0.012944086, 0.0116316015, 0.0030631195, -0.0093917325, -0.0046840776, -0.014162261, -0.017164472, -0.013910767, 0.004165371, -0.018893493, 0.0032379865, 0.0027821534, -0.005996562, -0.014924603, 0.0009986084, 0.00080802303, 0.018186167, -0.0024599265, -0.011112895, -2.9195664e-05, -0.012189604, 0.015977735, -0.012763325, -0.009643227, 0.012063857, 0.011945969, -0.011301516, -0.006369874, -0.02698846, 0.006884651, -0.007599837, -0.0047115847, -0.0058275894, 0.014020796, -0.019239297, -0.0080085145, 0.0150975045, 0.004212526, 0.0017241099, 0.0072068777, -0.004008187, 0.011725912, 0.0050102337, 0.038289975, -0.00061301683, 0.008888744, 0.010664921, -0.022367256, 0.01329775, -0.0050652483, -0.0028843228, -0.0018331561, 0.017463122, 0.0019078185, -0.008794434, -0.0022496933, 0.020984039, 0.017730333, -0.022445848, 0.01824904, 0.0068492843, 0.0029904218, 0.012637578, 0.0012997136, -0.005650758, 0.02019812, -0.044891696, -0.012213182, -0.016755793, -0.005890463, -0.0056625465, 0.02145559, 0.02436349, -0.0024658209, 0.0049277125, -0.027727224, 0.019129269, 0.0050338116, 0.0069239466, 0.0027880478, 0.0188149, 0.014311586, -0.0056625465, -0.01631568, 0.012637578, 0.019726567, -0.02843455, -0.014798855, 0.006397381, 0.00059042167, 0.0057214904, -0.012079575, -0.019695131, 0.032537047, -0.013533526, -0.023844784, -0.007092919, -0.02087401, 0.0051281215, 0.017447403, -0.012794762, 0.03891871, 0.012920509, 0.0022359397, -0.013667132, -0.008841589, -0.0064209583, 0.011953829, -0.012401802, -0.006075154, -0.0075133857, -0.00076528866, 0.00805567, -0.008330742, 0.007328695, 0.032851417, -0.008739419, 0.00090135087, 0.01582055, -0.0001600082, 0.01339206, 0.024599265, -0.008197135, 0.006821777, 0.005996562, 0.0003345068, 0.0081656985, 0.012755466, -0.004094638, -0.025495213, 0.0087079825, -0.004570119, 0.0046054856, 0.009053787, -0.011183628, -0.002397053, -0.0035798613, -0.019365044, 0.009100942, -0.023561852, 0.006719608, 0.015372576, 0.0033951702, 0.017887518, -0.012118871, 0.0059651253, 0.01038985, 0.0039237007, -0.012197464, 0.017903235, -0.02068539, 0.02087401, -0.016960133, -0.0033028247, -0.0008119526, -0.008629391, -0.034926243, 0.007010398, 0.0154826045, 0.002047319, -0.015223252, 0.009077365, 0.0029491612, -0.030210728, 0.017007288, 0.018437661, -0.015474746, -0.026611218, 0.00085124857, -0.00806353, 0.027994435, -0.014319445, -0.0062952116, 0.023514697, 0.013219158, -0.026454035, 0.017525995, -0.006629227, 0.036278024, -0.0025090466, -0.0009661892, 0.0074819494, -0.002123946, -0.005183136, -0.011120754, 0.013753583, 0.0037547282, -0.0053717564, -0.011985266, 0.0100047495, -0.005591814, 0.005890463, 0.009658945, -0.00086205493, -0.012967664, -0.016174214, 0.011875236, 0.0010708147, 0.03105952, -0.018453378, -0.0032733527, -0.011600165, -0.015592634, 0.014979617, 0.001431355, 0.0143666, 0.009768974, -0.004845191, -0.019207861, -0.00669603, -0.005697913, -0.009195252, -0.0032753176, -0.005096685, 0.018327631, -0.0003880475, -0.002320426, -0.01640999, -0.01911355, -0.009674664, -0.012841917, 0.011497996, 0.011105036, 0.0045544007, -0.03423463, -0.0021809253, 0.009973313, 0.021879986, 0.0067864107, -0.021502744, -0.0036918547, 0.0041889483, -0.004243963, -0.013454934, 0.011340812, 0.008338601, -0.010264102, 0.003872616, -0.0040239054, 0.0010492019, 0.005348179, -0.01824904, -0.017195908, -0.010201229, -0.022933118, -0.011568728, -0.00766664, -0.018484816, 0.0013340976, 0.021691365, -0.032757103, 0.0033460504, 0.008299305, 0.0018223497, -0.008425052, 0.005328531, 0.018752027, 0.017478839, -0.013690709, 0.00074171106, -0.002086615, -0.012566845, -0.020826854, -0.020245275, -0.015914861, -0.0031318874, 0.012205322, -0.026029639, 0.008004585, -0.00077953347, -0.0070025385, -0.024457801, -0.00495129, 0.009226689, 0.003709538, 0.011694475, -0.020496769, -0.012731888, 0.0029432669, -0.025259437, 0.009658945, -0.022603031, -0.0088494485, -0.015789114, 0.0030984858, -0.006589931, -0.0044404427, -0.030823745, 0.027601477, 0.008535081, 0.011081458, -0.0032949655, 0.009038069, 0.007250103, 0.0022516581, -0.02338895, 0.019883752, -0.02621826, -0.0005643881, -0.006511339, -0.009273845, -0.025998201, -0.010279821, 0.00059386005, -0.0060122805, -0.00854294, -0.020308148, 0.0030238235, 0.0052185026, 0.009580353, -0.0065938607, -0.010845683, -0.005214573, 0.017211627, -0.006766763, 0.0058708154, -0.0020767911, -0.0035857556, 0.017808925, -0.014515924, -0.0151682375, -0.010460583, -0.0077491617, 0.018862057, -0.00036864515, 0.0019726567, 0.0058983224, -0.015773395, -0.01251969, 0.022838807, 0.017966108, -0.00095390924, 0.0011395826, -0.0113172345, 0.017195908, 0.002756611, 0.01854769, 0.0004018011, 0.007151863, 0.010177651, 0.0064013107, -0.006668523, 0.021597056, -0.004782317, 0.003589685, -0.00267016, 0.0053599677, -0.0062441267, 0.0117730675, 0.006098732, 0.005988703, -0.0250551, -1.2917009e-05, -0.018987805, -0.0037704466, 0.011977406, 0.004220385, -0.009234549, -0.00427147, 0.0150975045, 0.012166027, -0.0020846503, -0.032851417, -0.0064288178, -0.012000984, 0.0122446185, 0.0009745396, -0.022870244, -0.017258782, 0.029943515, -0.021675646, 0.0067982, -0.013714287, -0.006766763, 0.0138714705, -0.0154826045, -0.020465331, -0.017321656, 0.008770856, -0.0014785102, -0.02601392, -0.022948835, 0.01096357, 7.122391e-05, -0.006660664, 0.006456325, 0.0035877205, 0.015459027, -0.016960133, -0.0064130994, -0.0091638155, 9.443308e-05, -0.002892182, 0.007018257, -0.0051516993, -0.0100047495, 0.00844077, 0.004491527, 0.003929595, 0.008810152, -0.004428654, 0.006978961, 0.009784692, -0.008244291, 0.0013311504, 0.0029196893, 0.027601477, 0.008464348, -0.018217603, -0.013895049, 0.0061419574, 0.012991241, 0.003949243, -0.002068932, -0.024866479, 0.00061301683, -0.019679412, 0.012881213, 0.0018773641, -0.0040514125, -0.01242538, -0.012818339, -0.016237088, 0.007717725, -0.005462137, 0.0058865338, 0.022162916, 0.010295539, -0.017557431, 0.03542923, -0.018657718, 0.006904299, -0.0020807206, -0.010633484, -0.005367827, 0.0056900536, -0.029471964, -0.013179862, -0.008197135, -0.013462793, 0.00446402, 0.006613509, 0.005776505, 0.015474746, 0.022052888, -0.011733771, 0.014963899, -0.02970774, 0.016268523, -0.00060614006, -0.013667132, 0.016425708, 0.004094638, -0.0287332, -7.801628e-06, 0.0048019653, -0.01096357, 0.0033165782, 0.0026740895, -0.050833244, -0.006884651, 0.0053442493, 0.0019323784, -0.003532706, -0.0066842414, -0.0007083095, -0.00805567, -0.026674092, -0.0049041347, -0.005104544, 0.012669015, 0.02532231, 0.0021848548, 0.00950962, -0.0033165782, -0.02863889, 0.04049055, -0.012739748, 0.011332952, -0.015647648, -0.017101599, 0.013549244, 0.010138355, 0.035492104, -0.0058668857, 0.012456817, 0.02940909, -0.016056325, -0.00077855104, -0.005843308, -0.004746951, 0.0007510439, 0.014115105, -0.0112465015, -0.0075487522, -0.001901924, 0.005678265, 0.00054719613, -0.005446419, -0.0011336883, 0.015034631, -0.009226689, 0.014201557, 0.027161362, 0.026941305, 0.0078159645, 0.010413427, -0.010727795, 0.005638969, 0.008888744, 0.003534671, 0.0058393786, 0.016488582, 0.007096849, -0.017305937, 0.017981827, 0.0044993865, -0.0022103973, -0.0009563652, -0.004652641, 0.04910422, 0.023043146, -0.014783137, -0.015411872, -0.014122965, -0.0040710606, 0.00022607452, 0.0008320918, -0.01592272, 0.0048255427, 0.0073326244, 0.009784692, 0.007898486, 0.015765537, -0.014500206, -0.0020591079, 0.010814246, 4.930414e-05, -0.005914041, -0.018657718, 0.009313141, -0.0065388465, 0.0011837905, 0.0180447, -0.0094624655, 0.0030218586, 0.019585103, -0.013989359, 0.010028327, 0.018610563, -0.008692265, -0.0017977898, -0.0072186664, 0.027774379, -0.026894148, -0.014122965, -0.0059572663, -0.009737537, 0.013887189, 0.01971085, 0.0030729433, 0.0057882937, 0.016944414, 0.002125911, 0.0008090054, -0.0042164554, -0.018956367, -0.0067706923, -0.0051124035, -0.0034187478, -0.012456817, 0.0073719206, 0.014814573, -0.0083228825, -0.003939419, 0.0035936148, 0.014500206, -0.0005791241, 0.014508066, -0.0034285719, 0.006098732, -0.009823988, 0.012826199, 0.017997546, 0.00014551783, -0.018359069, 0.018641999, 0.03370021, -0.0026544416, 0.00045190344, -0.007599837, -0.007010398, 0.0031004506, -0.00620876, 0.004220385, 0.0024658209, 0.0071322154, -0.018924931, -0.016865822, -0.014508066, -0.012276055, -0.00131052, 0.010562751, 0.0012496113, -0.011820222, 0.017133035, 0.017431684, 0.01922358, 0.0049316417, 0.011144332, 0.031688254, 0.006424888, 0.0025070817, 0.00045411385, 0.014932462, -0.022995992, -0.024174869, 0.010122637, -0.019915188, -0.009038069, -0.01241752, 0.006853214, -0.0018921001, 0.021298407, 0.0036643476, -0.010790668, -0.005473926, 0.001446091, 0.012456817, 0.012378225, 0.013227018, -0.037724115, 0.009651085, -0.0021101926, -0.009313141, -0.016520018, 0.03920164, 0.008425052, 0.0033047895, 0.0094624655, 0.012708311, 0.011427263, 0.019616539, -0.0010708147, -0.0054896446, 0.0052735168, -0.0032144089, -0.011608024, -0.009871143, 0.007018257, -0.028513143, -0.0019942694, -0.026878431, 0.008605814, 0.013690709, 0.00019426936, -0.024709294, -0.010075482, -0.022571595, -0.014028654, -0.016567172, -0.018909212, 0.007603767, 0.009926157, 0.01465739, 0.015081787, -0.007882768, -0.0007819894, -0.013533526, -0.020040935, -0.009360296, 0.009431029, 0.022493003, 0.0027192798, 0.013289891, 0.026469752, -0.047972497, 0.0034816214, -0.002872534, -0.012700452, -0.029267624, 0.0033794518, 0.01446091, 0.0010305364, 0.0030022108, 0.029739177, -0.0074072867, 0.019003522, 0.0030159643, 0.004326484, -0.01407581, 0.026815558, 7.447811e-05, 0.00045362263, 0.008173558, -0.003902088, -0.0035936148, -0.00079279585, -0.010051904, 0.017290218, 0.03385739, -0.02165993, -0.005859026, -0.020433895, -0.017777488, -0.023829065, -0.007772739, 0.0044718795, 0.016551455, 0.013745724, 0.015671225, 0.001034466, 0.0011778962, -0.011757349, 0.014256571, -0.01407581, -0.0005702825, 0.014413755, 0.014162261, 0.01815473, -0.023939094, -0.014319445, 0.015875565, -0.009273845, -0.0101619335, -0.03107524, -0.011120754, -0.011828082, 0.002968809, 0.00060417526, 0.0027153504, 0.014995336, 0.025841018, 0.006271634, 0.010366272, 0.00863725, 0.015899142, -0.028025873, 0.011521573, 0.00046860424, 0.007171511, -0.001955956, 0.0060515767, 0.016834386, -0.012331069, -0.0030631195, 0.008299305, -0.014515924, -0.009132379, -0.029141877, 0.0077491617, 0.022367256, -0.0021986086, -0.00903021, 0.0041300044, 0.0017427754, 0.017636023, -0.015207534, 0.007316906, -0.009368155, 0.015372576, -0.005210643, -0.012048138, -0.0008900533, 0.003902088, 0.019663693, -0.022162916, 0.015317562, -0.025558086, -0.012401802, 0.007890627, -0.011238642, -0.0006965207, -0.0030198938, 0.02106263, 0.018704873, -0.010790668, 0.0093917325, 0.006613509, 0.008574377, -0.006833566, -0.00475481, 0.0087079825, -0.008110684, -0.006161605, -0.018987805, 0.012959804, -0.00012138765, 0.00030110523, 0.006998609, 0.007631274, -0.013549244, -0.006511339, -0.003135817, 0.023043146, 0.0061105206, -0.002455997, -0.005403193, -0.00951748, 0.0034717973, -0.00040401152, -0.004232174, -0.0007313959, 0.018799184, -0.025589524, -0.0018243146, -0.0045308233, -0.00020630374, 0.009148098, 0.009501761, 0.010067623, -0.0013075728, -0.01612706, 0.018264757, 0.005642899, 0.013156285, 0.010185511, 0.0012830128, 0.016582891, -0.026815558, -0.01135653, 0.0051988545, 0.0073994277, -0.034140322, 0.0033126487, 0.0011690545, 0.010767091, -0.014193698, -0.007018257, -0.016567172, 0.01736881, 0.0040199757, 0.017148754, -7.435531e-05, -0.003377487, 0.03718969, 0.0052774465, 0.014248712, 0.008590095, -0.019160707, 0.0052263616, -0.013148425, 0.0056821946, -0.016425708, -0.001002538, 0.011930251, -0.014177979, 0.0058197305, -0.022335818, 0.009486043, 0.014618094, 0.017840361, -0.0009494884, -0.024316335, 0.0060869427, -0.021266969, 0.012480394, 0.01097143, -0.011411544, 0.0114587, 0.008825871, 0.010311258, 0.00043618507, -0.011167909, 0.011584447, 0.015655506, 0.0023223907, 0.018091856, 0.005560377, -0.026532626, 0.0061498163, 0.00223201, -0.008252149, 0.008338601, 7.232911e-05, 0.017023006, 0.013030537, -0.008967336, -0.0069711017, 0.007678429, -0.010822105, 0.0120874345, 0.011442981, -0.00257192, 0.015176097, -0.008503644, 0.025290875, -0.019742286, -0.011348671, 0.01164732, 0.015121082, 0.015576915, 0.004998445, 0.0105470335, 0.009603931, 0.012158168, 0.02165993, -0.013847893, 0.019160707, -0.0063266484, -0.007914205, 0.001980516, -0.003027753, 0.0037527634, -0.011780926, -0.0051595583, -0.0018419977, -0.01057847, -0.009879002, 0.006688171, -0.0027821534, 0.013957922, 0.014610235, -0.015891284, 0.0050927554, 0.0012201393, -0.012205322, 0.005650758, 0.0033126487, 0.005163488, 0.013234876, -0.008503644, 0.0083228825, 0.00043372906, 0.0029570204, -0.0130148195, 0.022571595, 0.010853542, -0.026045356, -0.0013714287, 0.014767419, 0.021141222, 0.008904463, 0.009855425, -0.012606141, 0.005320672, -0.0032772825, -0.023357514, 0.0026151456, 0.032379866, 0.0071597225, -0.016472863, 0.0031004506, 0.022681624, 0.0023263204, 0.020512486, -0.0026131808, -0.004794106, -0.0026564063, -0.009336718, 0.0044993865, 0.009776833, -0.016017029, 0.017824644, 0.0037154322, -0.016567172, 0.0023715107, -0.005190995, -0.016441425, 0.012747606, 0.017070161, -0.004589767, 0.0033539094, 0.006998609, 0.018437661, 0.00951748, 0.006448466, 0.00854294, -0.016520018, 0.0076705697, 0.05146198, -0.013549244, -0.0025503072, 0.014861729, -0.014044373, 0.021204095, -0.017054442, -0.011678757, -0.0060594357, -0.022304382, -0.0067510447, -0.007619485, -0.0067313965, -0.021864267, 0.025903892, -0.0032065497, 0.0011975442, 0.005124192, -0.006456325, 0.0018095786, -0.0049945153, -0.020716826, 0.002611216, 0.016472863, 0.009352436, 0.006027999, 0.010271962, 0.009729678, 0.0077884574, 0.007984937, 0.00805567, -0.005367827, 0.018390505, -0.013753583, -0.0089358995, -0.009713959, -0.0029137947, 7.6688506e-05, 0.013250595, 0.018374788, -0.010507737, -0.0039787153, -0.016677203, 0.0076430626, 0.02475645, 0.0045779785, 0.013407779, -0.0065191984, -0.01736881, -0.007874909, 0.009965453, -0.0042832587, 0.01135653, 0.00014134262, 0.0041024974, 0.004837332, -0.00038657393, 0.023907658, 0.0034089237, -0.008197135, 0.025510931, 0.02329464, 0.0075173154, 0.0004103971, -0.007210807, 0.007827753, -0.0076155555, -0.0068925098, -0.016865822, -0.0062480564, 0.011081458, -0.009399592, -0.0023734756, 0.015875565, -0.015034631, 0.013564963, 0.016991569, -0.014515924, 0.012661155, -0.0044758087, 0.013604258, 0.0019746216, 0.010924274, 0.0072933286, -0.010185511, -0.01612706, 0.04379141, 0.021424152, -0.008000656, -0.019207861, 0.00631093, -0.0052656573, -0.0048962757, 0.014916743, 0.020701107, -0.017494557, -0.020512486, -0.0040710606, -0.0071950885, 0.0065702833, 0.0012535409, 0.0046447814, -0.004688007, 0.011584447, 0.013148425, -0.0007191159, 0.015246829, 0.022257227, 0.0049552196, -0.012755466, -0.0064366767, 0.005029882, -0.017400248, 0.0011670898, 0.011906673, 0.018327631, 0.006365944, -0.0082364315, -0.006743185, 0.016535737, 0.028544579, 0.0009028245, -0.01485387, 0.023514697, -0.0029864924, -0.009061647, 0.0065467055, -0.021597056, 0.015364717, 0.00046983222, -0.007937782, 0.006373803, 0.0034325013, 0.016040608, 0.011686616, -0.0026721247, 0.00446402, -0.0026524768, -0.0067117484, -0.010083341, -0.01738453, -0.022634469, -4.939624e-05, 0.021518463, -0.008605814, -0.01873631, 0.013415637, -0.0056075323, -0.0155533375, -0.00018739256, -0.022508722, 0.0043539912, -0.004145723, 0.0014274254, -0.03291429, -0.013517807, 0.010719935, 0.0067903404, -0.014240853, 0.012150308, -0.021408435, 0.011222924, -0.018877774, -0.012566845, -0.0017172331, -0.017997546, -0.0145552205, -0.011167909, -0.010216948, 0.0035110933, 0.015804831, 0.008888744, 0.014806715, -0.004845191, -0.008990914, 0.015183955, 0.0031613593, -0.0029766683, -0.010271962, -0.0030022108, -0.0019176424, 0.006829636, 0.009918299, 7.269751e-05, -0.0039256657, 0.008079248, 0.014783137, -0.02329464, -0.011167909, -0.00026107248, 0.0059729847, 0.016142776, -0.003746869, 0.024127714, -0.013698569, 0.0017408107, -0.0038117073, -0.007533034, 0.008747279, -0.018013265, -0.0027703645, 0.01019337, 0.009140238, 0.0064681135, 0.028984694, 0.019585103, -0.0010295539, 0.016928695, -0.010625625, 0.0061183795, -0.005297094, -0.005619321, -0.012150308, 0.011545151, -0.012889072, 0.01611134, -0.019946625, 0.012967664, -0.012118871, -0.003522882, -0.039138768, -0.015498323, -0.007957431, 0.042471066, -0.008016374, 0.004845191, 0.0075644706, 0.0030827674, -0.004224315, 0.0074308645, -0.0090066325, 0.019915188, -0.021817112, -0.009501761, -0.0071361447, 0.023860501, 0.013863612, 0.017243063, 0.0034816214, -0.0011317234, -0.008307165, 0.03948457, 0.009171675, -0.0107042175, 0.027334264, -0.0011071635, 0.006617438, 0.0032163737, 0.010334835, 0.0044247243, -0.02027671, 0.0055839545, 0.014743841, 0.015073927, -0.005505363, 0.011002867, -0.016457144, -0.0014539502, -0.013509948, -0.0077884574, 0.01776177, 0.010735654, 0.005407123, -0.008558658, 0.011442981, 0.008480066, -0.006723537, 0.0061576758, -0.011010726, 0.0026092513, 0.0061969715, -0.0057725753, -0.011780926, -0.0025444129, -0.0068139182, 0.0053324606, -0.014735982, -0.009761115, -0.0060515767, -0.014673108, -0.007010398, 0.0045386823, 0.014185838, 0.0048687686, 0.01911355, 0.020025216, 0.016818667, -0.02562096, -0.010374132, -0.0032360216]"
子供,fromCluster,0.7889,18.0,0.8551,"[0.012272403, -0.02570057, -0.006250257, 0.032331012, -0.004889191, -0.0028285834, -0.0298522, 0.0074060224, -0.0001581336, -0.013481393, 0.0014998335, -0.017001916, -0.021396864, -0.0007869849, 0.040603857, 0.010797281, -0.058913615, -0.02711486, -0.007782406, -0.02422545, -0.022187652, -0.010911336, 0.042702485, -0.013549827, -0.007938283, 0.0064555574, -0.020271515, -0.0036725963, -0.06600028, -0.02445356, -0.0068091303, 0.021168754, -0.031388152, 0.010265021, 0.0001525496, 0.027449425, -0.0030015681, -0.013853976, -0.0106832255, -0.033213045, 0.018157681, 0.0051325103, -0.026977995, -0.03175313, 0.024407938, -0.0012270501, -0.014948911, 0.01320766, -0.016363204, 0.013260886, 0.0074516446, 0.048663802, 0.0023913695, 0.03862689, 0.013542224, 0.061285973, 0.033851758, 0.017899154, 0.027008409, -0.0045280145, -0.04078635, -0.016773803, -0.008713862, 0.03068861, 0.022415763, -0.034399223, 0.0020225893, 0.0136410715, -0.009481837, 0.053743087, -0.0008687249, 0.016059054, 0.009808797, 0.015093382, 0.009474234, 0.0090712365, 0.01347379, 0.037410296, 0.028240211, 0.011664105, 0.013732316, -0.001230852, 0.051857363, 0.0030433885, -0.018355377, -0.02314572, 0.0029559457, -0.058062, 0.0067483005, -0.027312558, 0.005250368, -0.0069155823, -0.004189649, -0.001932295, 0.010584377, 0.0030471904, 0.0075276815, -0.022583045, 0.029958652, 0.017260442, 0.0065582073, -0.01281987, 0.00789266, -0.016302373, -0.005463272, 0.06320211, -0.0078318305, 0.023693187, 0.003003469, -0.054990094, -0.011147052, -0.0068547525, 0.012120328, -0.038353156, -0.015861358, 0.04160755, 0.0063947276, -0.008371695, -0.03430798, -0.042337507, 0.017427724, 0.009922853, 0.022537423, -0.099456646, -0.016956294, -0.01519223, -0.0027772584, 0.003385556, 0.014089691, 0.011747746, 0.008630221, -0.047933843, -0.014971723, 0.03287848, 0.029715333, 0.010265021, 0.040573444, -0.019815292, -0.02665864, 0.03567665, -0.001339205, -0.004056584, -0.026476149, -0.0017878244, 0.0075124744, -0.015275871, 0.03482503, 0.036589094, -0.0007223533, -0.0037220204, -0.0071550994, -0.010287832, -0.04309788, 0.05039745, 0.000817875, 0.042215846, -0.0058624675, -0.013367338, 0.015465965, 0.022370141, -0.010865714, 0.019374276, 0.00026399162, 0.035585403, -0.009831608, -0.04951542, -0.011116637, -0.0011472111, 0.0058054393, 0.043827835, -0.011435993, -0.00067435484, 0.01911575, 0.011375164, -0.023465076, 0.033547606, 0.012257195, 0.013055585, 0.01210512, 0.011793368, 0.029152658, 0.03929602, 0.00529599, -0.020849397, -0.018689942, -0.023160927, 0.021199169, -0.008493354, 0.01715399, 0.0094058, 0.0031156237, -0.030278008, 0.006919384, -0.025776608, -0.0013144929, -0.025624532, -0.023814848, -0.019693632, -0.025426837, 0.008447732, -0.022354934, -0.065027006, 0.0051325103, -0.031783544, 0.012895907, 0.0058434578, -0.007983905, 0.017336478, -0.013131622, -0.028392287, 0.029350355, 0.040086806, 0.016256751, 0.0021423479, 0.0188116, 0.017062746, 0.008538976, -0.0017041835, -0.027647123, 0.016454447, 0.0055849315, -0.005794034, 0.029107036, -0.0056647705, -0.018720357, 0.004197253, -0.027692745, 0.04510526, 0.004813154, -0.009557875, 0.0054974887, 0.011519634, -0.036649924, -0.009025615, -0.018689942, -0.023419455, -0.0015606633, -0.01394522, 0.01827934, -0.024940198, -0.046808492, 0.025563702, -0.028757265, -0.011808575, 0.0041820453, 0.002083419, -0.013701902, 0.0060183434, 0.02089502, -0.034034245, -0.0030852088, 0.0031878592, 0.0021822674, -0.0141429175, 0.0048321635, 0.037440713, 0.03223977, 0.008364091, -0.020393174, 0.026719468, 0.016393619, -0.022096407, -0.023556322, 0.00027611005, 0.05283064, -0.035190012, 0.013458583, -0.019693632, 0.032543916, 0.016013432, -0.008333676, 0.029289525, 0.025442043, -0.012652588, -0.00049614266, -0.024590427, 0.012196365, -0.0013230471, -0.012523325, -0.0018106356, 0.014545914, 0.018400999, -0.045378994, -0.045987293, 0.019800084, 0.0007969648, -0.022780742, 0.022461386, 0.034460053, 0.0034844042, 0.008911558, -0.008029527, -0.018978883, 4.499857e-06, 0.010675621, 0.026369696, -0.016697766, -0.010698432, 0.026567394, -0.04303705, -0.035737477, -0.058487806, 0.0030167755, -0.04303705, 0.006771112, -0.0055355076, 0.0047181076, -0.007862246, -0.01715399, 0.048633385, 0.004083197, -0.04455779, -0.011261107, -0.0026175801, -0.002218385, -0.02040838, -0.015526794, -0.014447066, -0.023814848, -0.0030224782, -0.040451784, -0.031996448, 0.014112502, -0.0070486474, 0.004524213, 0.06070809, -0.061225146, -0.0005750312, 0.0018448523, 0.019070126, -0.0026061747, -0.038505234, 0.007839434, 0.03062778, 0.017701458, -0.0053111976, -0.0011272513, 0.019571973, 0.004220064, -0.0036649925, -0.0056571667, 0.014690385, 0.032087695, -0.0038056613, -0.020940641, 0.033213045, 0.01234844, -0.040056393, -0.030840684, 0.018796394, 0.0003968191, -0.021518525, -0.014401443, 0.0025928682, 0.02142728, -0.029183073, 0.01858349, 0.05596337, -0.007056251, -0.026993202, -0.033456363, 0.01875077, -0.002083419, 0.014956515, 0.04179004, -0.06733853, 0.034399223, 0.010021701, 0.0067825173, -0.0029616484, -0.008455335, 0.011861801, 0.03157064, 0.014568726, -0.03009552, -0.01821851, -0.0132913, 0.00026636777, -3.6295878e-05, -0.0059613157, -0.014180936, -0.015108589, -0.009200499, -0.022765534, -0.037531957, -0.009626308, 0.020986265, -0.021503316, -0.023191342, 0.04029971, -0.012622173, 0.0020948246, 0.0132913, -0.011800972, 0.037957765, 0.06630443, 0.027054032, -0.040634274, 0.0007736784, -0.030703817, -0.013420564, -0.012401666, 0.013899598, -0.0382315, 0.038474817, 0.0034501874, -0.020971056, -0.014545914, 0.006307285, -0.0052389624, 0.005436659, 0.0015654156, -0.0143025955, -0.0049310117, 0.0015891773, 0.0038759958, 0.009268933, 0.027084447, 0.031783544, -0.006984016, -0.01222678, -0.023419455, 0.0033475372, -0.0060183434, -0.0030909118, 0.01596781, 0.03032363, -0.0053378106, 0.028331457, -0.010744055, -0.036163285, 0.051857363, -0.008827917, 0.051553216, 0.011892216, -0.011626086, -0.0010721243, -0.042185433, -0.009086444, -0.0003326627, -0.026004719, -0.052009437, 0.018644318, -0.0081207715, -0.04428406, -0.0015292979, 0.021031886, 0.013063189, 0.0038721939, -0.02504665, 0.0070752604, -0.0008207264, -0.014173332, 0.0029046207, -0.027312558, 0.041577134, 0.04160755, -0.0044329683, -0.016074263, 0.016043847, 0.02925911, 0.026141586, 0.0045736367, 0.0014703692, -0.00035499863, -0.012599362, -0.0029882616, 0.008964784, -0.013055585, 0.021412073, 0.008478147, 0.049241684, -0.0032049676, -0.012158346, -0.011147052, -0.022963231, -0.025274761, -0.019693632, 0.0045584296, 0.0026974194, 0.02741901, -0.035889555, -0.04410157, 0.030141141, 0.009884834, 0.025548495, -0.0015235952, 0.013633468, 0.044405717, 0.016424032, 0.00578643, -0.017640628, 0.008926766, -0.022005163, -0.034612127, -0.052617736, -0.020134648, -0.06733853, -0.01637841, -0.0136410715, 0.020514833, -0.040755935, -0.035037935, 0.0046458724, -0.014728404, 0.008044735, 0.022202859, 0.018142473, -0.00670648, 0.037440713, -0.0141429175, -0.03287848, -0.014979326, -0.014447066, -0.008440128, 0.0131924525, 0.019693632, 0.014888082, 0.0037999586, 0.006516387, -0.00052133, 0.03187479, -0.0077177747, -0.008455335, 0.0031232275, -0.01590698, 0.027038824, 0.025807021, 0.010987374, 0.0037163177, 0.027799197, 0.010835299, -0.02367798, 0.008272846, -0.04343244, -0.010759262, 0.019480728, -0.018507453, -0.00027207055, 0.017595006, -0.011816179, -0.0029882616, 7.5858974e-05, 0.0142493695, -0.020742945, -0.0035566394, 0.019039713, -0.035463747, 0.003837977, 0.011998668, 0.033030555, -0.010956959, -0.0050412654, 0.0122419875, 0.028620398, -0.029593674, -0.01465997, -0.0053644236, 0.0047979467, -0.01222678, 0.022126822, -0.017838325, 0.026202416, 0.024803331, -0.017701458, 0.005174331, -0.019267824, 0.02124479, 0.02884851, 0.012667796, 0.019571973, -0.014348217, -0.013154434, -0.018446622, 0.04683891, 0.023830054, -0.019359069, -0.0043113087, 0.015108589, -0.0059689195, 0.0247425, 0.026476149, 0.00292363, -0.007090468, -0.02154894, 0.0059156935, 0.03862689, 0.008964784, -0.056662913, 0.020530041, -0.031540226, -0.015724491, -0.013891994, 0.0065315943, 0.00072425423, 0.018857222, 0.009421008, 0.03804901, -0.008744277, -0.0030433885, 0.006470765, 0.00417064, 0.025898267, -0.019130956, 0.020393174, -0.009428611, 0.00901801, -0.010873318, -0.015602831, 0.0013667685, 0.060860164, 0.020393174, -0.044436134, -0.0060297493, 0.011055808, 0.023465076, 0.0036668933, 0.0058586653, -0.032848064, 0.020317137, 0.0074592484, -0.0035072153, 0.011945442, 0.014431858, 0.009869627, -0.016865049, -0.019009298, 0.006919384, 0.014872874, 0.0006387124, 0.00020316186, -0.017169198, -0.0049918415, -0.01715399, 0.029958652, -0.01715399, 0.01797519, -0.01709316, 0.0059689195, -0.011283919, -0.0050412654, -0.008744277, -0.022978438, -0.06405373, -0.014059276, 0.004463383, 0.028270626, -0.028650813, 0.006060164, 0.015709283, 0.021533731, 0.02124479, 0.015724491, -0.0077748024, -0.0072083254, 0.00725775, -0.015215041, -0.004942417, 0.015754905, 0.029593674, -0.0054252534, -0.03984349, 0.018188095, -0.0003763841, 0.004649674, 0.03430798, -0.00611339, -0.02688675, -0.037896935, -0.0056153466, -0.017716665, -0.03263516, 0.0071056755, -0.0010293535, 0.016226336, -0.00627687, -0.006025947, -0.037258223, -0.021077508, -0.02118396, -0.016773803, 0.02171622, 0.0062616626, 0.014477481, -0.004463383, 0.002590967, 0.0005759817, 0.017579798, 0.008440128, -0.023875678, -0.027996892, -0.002541543, -0.03829233, 0.012074705, 0.0059080897, -0.040603857, -0.003541432, 0.032422256, 0.015070571, -0.003571847, 0.021761844, -0.0116869155, 0.005733204, 0.023723602, 0.0030433885, 0.0122419875, -0.0055621206, 0.03348678, 0.02635449, -0.025776608, 0.008189205, 0.05134031, -0.007793812, 0.0024255863, -0.0038778966, 0.00410981, 0.019663217, -0.01380075, -0.013724713, 0.012667796, 0.026917165, 0.003682101, -0.032726407, 0.021031886, 0.03330429, 0.016834633, 0.015618038, -0.012013876, 0.03300014, 0.0041858475, -0.008143583, 0.0065087834, -0.039630584, -0.0048321635, 0.0011063411, -0.015876565, -0.020590872, 0.023313003, 0.013032774, -0.0030148746, 0.024529597, -0.016576108, -0.006539198, -0.018796394, 0.001690877, -0.007885057, -0.014386236, 0.0026955183, -0.013108811, -0.014439462, 0.03494669, -0.02741901, -0.020742945, -0.044071153, -0.0025016235, 0.0020663105, 0.0012707715, -0.015937395, -0.024544805, -0.006736895, 0.003651686, -0.003923519, 0.028240211, -0.015770113, 0.03555499, -0.032270182, 0.030551743, -0.0075618983, 0.009268933, -0.010949356, 0.0014285487, 0.00030105974, 0.01210512, 0.025685363, 0.014112502, 0.015412739, -0.04461862, -0.012918718, 0.011413182, -0.017077953, 0.012987152, -0.028027307, 0.015298682, 0.002570057, -0.00496903, -0.021503316, 0.015602831, 0.02439273, 0.026613016, -0.0101281535, 0.019678425, -0.01993695, -0.008432524, 0.0023951714, -0.041060083, -0.022096407, 0.01805123, -0.009208104, 0.02611117, -0.030947136, -0.0038189678, -0.0052123494, 0.016728181, 0.013496601, -0.0040451786, 0.031205662, 0.0035737478, -0.008037131, -0.0027696546, 0.040147636, 0.00476373, -0.029274318, -0.009588289, 0.009025615, 0.010782073, -0.021336036, -0.012865492, 0.016347995, -0.017108368, -0.0115804635, 0.028650813, 0.020818982, 0.03786652, 0.0011671708, -0.008797503, -0.026217623, 0.023845263, 0.027282143, -0.006592424, -0.008797503, 0.0020035799, 0.009040821, -0.0008806057, 0.013671487, -0.0061704176, -0.01355743, 0.009474234, -0.009474234, 0.006657056, -0.0018515056, -0.0045660334, -0.02142728, -0.0013144929, -0.007854641, -0.0057446095, -0.016819427, -0.061225146, 0.0049120025, 0.041577134, -0.0022963232, 0.020499626, 0.018568281, 0.019130956, -0.010249813, -0.019997781, -0.0049348134, 0.0017488553, -0.0021955739, -0.0011186971, -0.011390371, 0.009983683, -0.027297352, 0.007356598, -0.04908961, -0.0062654642, -0.016515277, -0.002653698, -0.013724713, -0.017701458, 0.030049898, -0.018020814, -0.013732316, -0.024179826, 0.02320655, -0.038201082, -0.02807293, 0.013397752, 0.013960428, -0.022735119, -0.016135091, -0.036132872, 0.02183788, -0.016165506, 0.0037277231, 0.06259381, 0.030536534, 0.009641515, 0.022978438, -0.01302517, -0.049545832, 0.027084447, 0.00013674813, 0.027753575, -0.026156792, 0.03497711, 0.009154878, -0.04683891, 0.008417317, -0.0075657004, -0.009360178, -0.008903955, 0.012500514, 0.019252617, 0.009314556, 0.002378063, 0.008865937, 0.04255041, 0.029776163, 0.011679312, 0.0066114333, 0.018553074, -0.0035053145, 0.018674733, 0.01044751, -0.0032239768, -0.0031726516, -0.03181396, -0.024103789, -0.017169198, -0.01032585, -0.007991509, -0.042063773, -0.013443375, -0.00046382684, 0.026780298, -0.017579798, -0.0040717917, -0.0026898156, 0.009306952, 0.017564591, 0.0070980717, 0.014165728, 0.024012545, -0.015564812, 0.035767894, -0.023252172, 0.00041772932, 0.0265826, -0.005033662, 0.0021005273, 0.019419897, 0.0069688084, 0.0024750105, -0.012401666, 6.694837e-05, 0.027084447, -0.018233718, -0.01189982, 0.009428611, 0.023693187, -0.054533873, -0.01970884, -0.019374276, -0.025396422, 0.027966479, 0.05003247, -0.034672957, -0.004482392, -0.00394633, 0.022780742, 0.006877564, 0.020666908, -0.02825542, 0.0012498613, 0.024012545, 0.032452673, -0.015587624, 0.005121105, 0.03887021, 0.009641515, -0.013930013, -0.0076797563, -0.0062958794, 0.01715399, 0.016606523, 0.0012051894, -0.040451784, 0.016287167, -0.020165062, -0.012082309, 0.038535647, -0.027783988, 0.018781185, -0.030186765, 0.0025757598, -0.023830054, 0.0121887615, -0.0125841545, 0.0011396074, -0.0065620095, 0.007847038, -0.013009963, 0.035919968, -0.0161503, 0.011542445, -0.0018391495, 0.008021924, -0.010622395, -0.024712086, 0.028818095, -0.010972166, -0.005136312, -0.0061209938, 0.030065104, 0.00080979604, -0.034034245, 0.022917608, -0.031905204, -0.035250843, 0.013154434, 0.001975066, 0.018400999, 0.0030985156, 0.0063186903, 0.059369836, -0.002516831, 0.03287848, 0.021989955, 0.0059613157, 0.07129247, -0.009443819, -0.021868296, 0.01715399, 0.015618038, 0.0069612046, 0.02338904, 0.014218954, 0.017488554, -0.006957403, -0.029395977, 0.0057484116, 0.016758597, 0.017914362, 0.01347379, -0.0023704593, -0.019617595, -0.013770335, -0.03929602, 0.008919163, 0.02451439, 0.023373831, 0.00834128, -0.013831165, 0.001690877, -0.011352352, -0.0054974887, 0.013648676, 0.005679978, 0.016652144, 0.031905204, 0.026613016, -0.018172888, -0.0074478425, -0.0008501908, -0.02089502, -0.008888748, 0.0105767725, 0.017549383, 0.018355377, -0.0033608438, -0.012971944, 0.018826809, 0.012454892, -0.006949799, 0.041637965, -0.0050108507, -0.013853976, -0.01519223, 0.0035376302, -0.025928682, -0.035828725, -0.013952824, 0.0076151243, -0.001392431, 0.008371695, 0.0035205218, 0.0012232483, -0.007793812, 0.01834017, -0.00069193845, 0.0035832524, 0.03348678, 0.00043745144, 0.005102095, 0.022902401, 0.015663661, 0.0020777162, 0.0028799085, -0.0010559665, -0.00055412104, -0.009048426, -0.009215707, 0.008394506, 0.02563974, -0.01709316, 0.00050041976, 0.0009433364, -0.03984349, 0.009535063, 0.014994534, 0.0006149508, -0.010964562, -0.019359069, 0.026324075, 0.017001916, 0.017655835, 0.0004904399, -0.0023970723, -0.00050612254, 0.009900042, 0.017625421, 0.021031886, -0.0071246848, 0.0017688151, 0.012743833, 0.0070486474, -0.01359545, -0.006710282, -0.008744277, 0.0052921884, -0.0047143055, 0.010744055, -0.008653032, -0.016545692, -0.026339281, -0.0029901625, -0.004953823, -0.012447288, 0.023313003, 0.009580686, -0.011124241, -0.024362314, -0.0013363536, 0.00027753573, 0.017184405, 0.015139004, -0.0051173028, 0.038961455, -0.007086666, 0.014173332, 0.011770557, -0.032848064, -0.025594117, 0.011390371, 0.002355252, 0.0064783683, -0.0014760719, 0.0027164286, -0.03430798, 0.0072653536, -0.02605034, 0.017564591, 0.015344305, -0.010546358, 0.023039268, 0.013762731, -0.003541432, -0.02279595, -0.0006995421, 0.01406688, 0.009557875, -0.0031422367, 0.038413987, -0.006698876, -0.0061171916, -0.0053720274, -0.031844374, -0.009306952, -0.015618038, 0.0045546275, 0.0331218, 0.0022069793, 0.003596559, -0.038353156, 0.01911575, 0.0009485639, -0.010911336, 0.016880255, -0.007991509, 0.025776608, -0.040725518, -0.0097859865, -0.021670599, 0.007983905, -0.008934369, 0.005086888, 0.0038132651, -0.0050260583, -0.039630584, -0.029183073, -0.008204413, -0.00946663, 0.012394062, -0.020454004, 0.0107364515, -0.017336478, -0.023252172, 0.021640183, -0.005440461, 0.0075390874, 0.015002137, 0.01668256, -0.0050450675, 0.026749883, -0.002053004, -0.013724713, 0.007037242, -0.0063681146, 0.0076189265, 0.020864604, 0.002621382, -0.036801998, -0.00029393125, 0.015830943, 0.005227557, -0.0023894687, -0.030597365, -0.017382102, -0.004950021, -0.0044861943, -0.008113168, -0.041729208, 0.012416873, 0.0074212295, 0.013770335, 0.019267824, -0.0165609, -0.0030433885, -0.021381658, 0.003950132, 0.009725156, -0.015830943, -0.028179383, 0.012926322, 0.011991065, 0.0025225338, -0.018887637, -0.01637841, 0.029365562, -0.0041554323, 0.002436992, 0.0046420703, -0.01964801, -0.032787237, -0.017366894, -0.0135346195, 0.0023647565, -0.024955405, -0.028650813, -0.033943, 0.029183073, -0.020803776, -0.038413987, -0.00030890107, 0.013093604, -0.01386158, -0.015230249, 0.015336701, -0.015952602, 0.023130514, 0.0060981824, 0.039265603, -0.008759484, -0.013610656, -0.035828725, 0.0044937977, -0.0009761274, 0.0089952, -0.0067559043, -0.0039159153, 0.0042922995, 0.010006494, -0.025442043, -0.00044671848, 0.030795062, 0.007793812, 0.031844374, 0.023160927, 0.0026384904, -0.009246122, -0.030338839, 0.019571973, 0.009755571, -0.0049880394, -0.0179904, -0.013481393, 0.0069688084, 0.0316923, -0.01875077, -0.002406577, 0.022385348, 0.0013287499, 0.027221313, -0.0021708617, 0.018568281, 0.03300014, 0.008957181, -0.0031954627, -0.013352131, -0.015830943, 0.03382134, 0.022339726, -0.018385792, 0.035220426, -0.0331218, 0.004524213, -0.00059831765, 0.023830054, -0.02919828, 0.0122952135, 0.0028209798, 0.004524213, -0.015283475, -0.004862578, 0.0043949494, -0.012994756, -0.0036725963, -0.028909339, -0.003056695, 0.006459359, -0.014682781, -0.013481393, -0.0034520885, 0.02040838, -0.041942112, -0.014842459, -0.021290412, -6.3918764e-05, -0.021564147, 0.01928303, -0.005276981, 0.019359069, 0.004680089, -0.004117414, -0.015891772, -0.007409824, -0.034095075, -0.0059118913, 0.024118997, 0.017518967, -0.011808575, -0.03722781, -0.00038208687, -2.3702218e-05, -0.0060183434, -0.0036098654, 0.0062616626, 0.02570057, -0.0008806057, -0.020849397, -0.011352352, -0.0034844042, 0.030080311, -0.024286278, 0.021898711, 0.011443597, 0.0058092414, 0.023100099, -0.015215041, 0.02475771, -0.0104703205, 0.0037106148, -0.0006182774, -0.019206993, -0.007086666, 0.02682592, -0.0015102887, 0.0041136118, -0.037440713, 0.04054303, 0.007900264, 0.008843125, -0.019602388, 0.012234383, -0.023830054, -0.015465965, 0.0013040378, -0.014340614, 0.010804884, 0.012143139, 0.019860914, 0.008941974, -0.0066228393, -0.007862246, -0.0006681768, 0.021320827, 0.046017706, -0.00022870561, -0.0017859235, 0.0050146524, 0.011481616, -0.01631758, 0.0071855146, -0.0066152355, 0.002298224, -0.033973414, 0.0033627446, 0.006999223, -0.02551808, 0.037896935, -0.011869405, 0.004429166, 0.011002582, -0.0032296795, 0.0077177747, 0.022157237, 0.022476593, 0.020043403, 0.032726407, -0.021761844, 0.022096407, -0.017579798, 0.020256307, -0.009299348, -0.015572417, 0.008964784, 0.024468767, 0.0121887615, -0.005486083, -0.009649119, -0.0345513, 0.017108368, -0.0010806785, 0.009976079, -0.0056571667, -0.036254533, -0.010257416, -0.0039159153, 0.021153545, 0.0057750246, 0.030369254, -0.01130673, -0.003735327, 0.009755571, -0.0003326627, 0.006326294, 0.0030547942, -0.005197142, -0.015602831, -0.056115445, -0.0041782437, 0.021868296, -0.040603857, 0.0247425, -0.012911115, 0.00815879, -4.660248e-05, 0.021974748, -0.014120106, -0.00051087484, 0.014812045, -0.026491357, 0.023556322, 0.017914362, 0.017534176, -0.015526794, -0.0026289858, -0.01584615, -0.013481393, -0.003220175, 0.021868296, 0.015405134, -0.010629999, -0.0027468435, -0.026004719, 0.022537423, -0.020803776, -0.0053188014, -0.017382102, 0.0016842238, -0.009687138, 0.0022735118, -0.013443375, -0.009056029, -0.005687582, -0.019100541, 0.021396864, -0.030612573, -0.00664565, 0.010105343, 0.002758249, 0.011808575, 0.019784877, 0.00386459, 0.011352352, -0.017412515, 0.010219398, 0.012812266, 0.009869627, -0.0105235465, 0.0067483005, -0.016119884, -0.0016528583, 0.006520189, -0.02285678, -0.0071741086, 0.0449836, 0.007337589, 0.014477481, -0.02766233, 0.015131401, -0.014173332, -0.02813376, 0.0011339046, -0.0040489803, -0.016013432, -0.00078223256, 0.018203303, -0.023784433, -0.011481616, 0.035859138, -0.015321493, -0.010903733, 0.008082753, -0.019298239, 0.0008516165, 0.013047982, -0.0024179826, 0.0390527, -0.005896684, 0.015648453, 0.0010664216, 0.017017122, -0.02582223, -0.01827934, 0.0091776885, 0.040208466, -0.006672263, -0.01380075, -0.01797519, -0.007364202, -0.0074022203, -0.04461862, 0.012652588, 0.017321272, -0.034612127, -0.015078175, -0.029669711, 0.008934369, -0.011664105, 0.01341296, -0.021199169, -0.0075314837, 0.0110406, 0.0026993202, -0.0034501874, 0.02884851, 0.0009566429, -0.008417317, -0.014576329, 0.023100099, 0.013488998, -0.010303039, -0.00887354, 0.011930235, -0.016804218, 0.02445356, -0.050062884, -0.0111318445, 0.013078396, 0.0065582073, -0.0070676566, 0.008288054, 0.016758597, 0.010219398, -0.015633246, 0.026506564, 0.014059276, 0.022370141, -0.009808797, -0.0048777857, 0.03342595, 0.003406466, -0.010759262, -0.0044861943, 0.03187479, 0.008272846, -0.004010962, 0.017077953, -0.021807466, 0.0007271056, 0.0068281395, -0.008660636, 0.005980325, -0.01584615, 0.0021746636, -0.016028639, 0.009588289, -0.0028456917, -0.026095964, -0.010607188, -0.0071322885, 0.010455114, -0.00047570767, 0.0027088248, -0.017184405, -0.006679867, 0.004710504, 0.0007522929, -0.0070486474, 0.0031194256, 0.00670648, -0.028878924, 0.017199611, 0.0021005273, -0.01637841, 0.0131924525, -0.012386458, 0.027510256, 0.009208104, 0.016302373, 0.010637603, 0.002079617, 0.011808575, -0.0032829056, 0.016469656, -0.023008853, 0.007060053, -0.00092004996, -0.010272624, -0.01662173, 0.0116336895, -0.01650007, -0.0046458724, 0.0036630917, 0.025974303, 0.0135878455, -0.005919495, -0.0077443877, 0.019511143, -0.010280228, 0.009687138, -0.005109699, 0.004676287, 0.0044937977, -0.019921744, -0.0042010546, 0.0081207715, -0.015694076, 0.013230471, -0.006546802, 0.022354934, -0.01952635, -0.0098392125, 0.003891203, 0.020986265, -0.023632359, 0.0359808, -0.015032552, 0.00064869225, -0.0048511727, -0.002379964, -0.0017269946, 0.0046724854, 0.002026391, 0.012454892, 0.024894577, 0.00042129355, 0.0027107259, 0.0076341336, 0.022932816, -0.009808797, -0.024894577, -0.006816734, -0.0002449823, -0.0050716805, 0.0169715, 0.00018439018, -0.0081739975, -0.00020898346, -0.022415763, -0.01797519, -0.00017785573, -0.021381658, 0.015891772, 0.00318976, -0.0048321635, -0.0114740115, 0.005794034, 0.04148589, -0.005197142, -0.02308489, 0.0009095949, 0.007923075, -0.030125935, -0.0028190787, -0.006520189, 0.023601944, -0.018492244, -0.00039182915, -0.006413737, 0.016956294, -0.007329985, 0.0021138338, -0.013101208, 0.013930013, 0.0033931595, -0.019085335, 0.0031555432, 0.013876787, -0.0053188014, 0.0043683364, 0.0063491054, 0.021853087, 0.050123714, -0.007900264, 0.031844374, -0.013823561, 0.0008088456, -0.006778715, 0.013230471, 0.016895464, 0.0060145417, 0.0032791037, -0.008455335, 0.019784877, 0.015534397, -0.0067825173, -0.012918718, -0.012287609, 0.021929124, -0.0007784307, 0.0053416127, -0.011375164, 0.047994673, 0.013276093, 0.010432302, 0.012394062, -0.0070676566, -0.022871986, 0.023890885, -0.009306952, -0.0037714445, -0.0037657418, -0.00013449078, -0.010249813, -0.008424921, -0.01320766, -0.0023476481, -0.01928303, -0.0077481894, 0.010994977, -0.015344305, -0.021853087, 0.023236966, -0.0077519915, -0.021412073, 0.010865714, -0.01875077, 0.015922187, -0.009603497, 0.025685363, 0.0031574443, -0.0016851742, 0.016180715, 0.012797059, -0.011101429, -0.028635606, -0.02361715, 0.0010188983, 0.007839434, 0.0013715208, -0.009025615, -0.014218954, 0.023419455, -0.010333454, -0.0030604969, -0.00394633, 0.0076987655, -0.0076341336, 0.0043911478, 0.015709283, -0.0145383105, 0.007284363, -0.010105343, -0.009094047, 0.0104703205, 0.0021309422, 0.015937395, 0.009869627, 0.0032943112, 0.004569835, 0.0025605524, 0.0042580827, 0.002222187, 0.011321938, -0.0014684682, -0.011755349, -0.018629111, -0.00035666194, -0.021107923, 0.0071589015, -0.025305176, 0.0011519634, 0.003492008, -0.0034406828, 0.00060021854, -0.011709727, -0.011702123, 0.0075847097, 0.029776163, 0.01852266, -0.009421008, 0.011557653, -0.015678868, 0.022704704, -0.027525462, 0.015815735, 0.020925434, 0.0029388373, 0.011937839, -0.0047751353, -0.022537423, 0.012165951, -0.007809019, -0.032908894, 0.017077953, -0.015351908, 0.0012403566, -0.026704261, -0.011823783, 0.008105564, -0.012470099, 0.0035110172, 0.009550271, -0.01531389, -0.0041136118, -0.008014319, -0.00046857918, -0.016424032, -0.008949577, -3.5375113e-05, -0.010485528, 0.009002803, 0.005767421, -0.009907646, -0.016652144, 0.02522914, -0.030947136, -0.007063855, 0.0034672958, 0.01367909, -0.02504665, 0.017564591, -0.0161503, -0.0029958652, -0.013565035, -0.010485528, -0.0021404468, 0.022263689, -0.012378855, 0.0075314837, -0.017473346, -0.013009963, 0.008379298, 0.010569169, -0.009968475, 0.006466963, 0.021609768, -0.019039713, 0.0043379217, 0.007003025, 0.0006006938, 0.0033190232, 0.018172888, -0.011359956, -0.010888525, 0.003433079, 0.022887195, 0.019130956, -0.0115804635, -0.010432302, -0.020393174, 0.011702123, 0.015861358, 0.014766422, -0.008660636, 0.029304733, -0.00713609, -0.0022107812, 0.0010664216, -0.027251728, -0.0024521993, 0.015663661, 0.0040071597, 0.0060411547, -0.007869849, -0.010941751, 0.012112725, 0.002547246, 0.009413404, -0.013732316, -0.011991065, 0.013663882, -0.041759625, 0.013747524, 0.013542224, -0.008561787, -0.00031674243, -0.001975066, -0.009618704, -0.020317137, 0.006520189, -0.017959984, -0.004870182, 0.0068015265, -0.014895685, -0.0031346332, 0.007603719, -0.018385792, 0.01662173, -0.004223866, 0.017564591, 0.004052782, 0.007945886, 0.008462939, -0.0013962329, 0.0094058, -0.025442043, -0.006592424, -0.0018914251, 0.0053986404, 0.008888748, -0.017610213, 0.0076341336, -0.00038351258, -0.01887243, 0.026856335, 0.010439906, 0.009740364, -0.013367338, -0.013154434, 0.022218067, -0.018324962, 0.021655392, 0.002948342, -0.0043151104, -0.004144027, -0.009367782, 0.0047941445, -0.009314556, -0.0028608993, -0.031038381, -0.003056695, 0.028240211, 0.00067483005, -0.014720799, 0.007056251, -0.0077405856, -0.024727294, 0.01237125, -0.010865714, 0.0020168864, 0.010188984, -0.005896684, 0.019419897, -0.027875233, 0.0013173443, 0.032787237, 0.011032996, 0.005200944, -0.010485528, -0.014507895, 0.010531151, -0.010363868, -0.025305176, -0.000873002, -0.001435202, 0.012804663, -0.013527016, -0.0055887336, -0.008683447, 0.0013420564, 0.03449047, -0.013762731, -0.03263516, 0.012956737, -0.0032619955, 0.007390815, 0.007885057, -0.021822672, -0.012576551, -0.0016585612, -0.006006938, -0.012340835, 0.01911575, 0.018705148, -0.016363204, 0.0024236855, -0.005219953, 0.035220426, -0.026917165, 0.0038322743, 0.00496903, -0.0020891218, 0.00023844787, -0.0026555988, -0.01347379, -0.004106008, -0.0061019845, 0.02522914, 0.0013458582, 0.010941751, 0.014120106, 0.029304733, -0.002136645, 0.014827251, 0.0062654642, 0.029243903, 0.004029971, 0.018613905, -0.043584518, -0.0045052036, 0.007204524, -0.0073794094, -0.0060107396, 0.0046420703, 0.024894577, 0.017625421, -0.018765979, -0.008447732, 0.015542001, -0.019252617, 0.02498582, 0.0101281535, -0.001666165, 0.0023153324, -0.006866158, -0.0022678091, 0.0016195921, 0.017959984, 0.012766644, -0.0015340503, 0.0034748996, 0.029228695, 0.010227002, -0.027297352, -0.0016718677, -0.01275904, 0.025624532, 0.011154655, -0.0132989045, -0.023282588, -0.00059451576, -0.00558113, -0.0013867283, -0.0074136257, -0.0059347027, 0.009763175, -0.009352574, 0.0012669697, -0.0022316915, 0.020986265, -0.009976079, -0.021412073, -0.019419897, -0.021792259, 0.021640183, -0.004303705, -0.042398337, -0.0013306508, 0.007793812, -0.009694742, -0.010287832, -0.0031194256, -0.011139448, 0.020530041, -0.023343418, 0.0018876232, -0.000846389, 0.013374941, -0.006159012, -0.012698211, -0.0026384904, -0.0057103927, -0.0024712086, -0.03388217, -0.015618038, 0.0151998345, -0.015070571, -0.01768625, 0.0072615515, 0.004896795, 0.00014696563, 0.0055849315, 0.04848131, -0.024347108, 0.005387235, 0.0062882756, -0.0011377065, -0.0013914806, -0.006197031, -0.0018762177, -0.023115305, 0.020286722, -0.02545725, 0.013017567, -0.007793812, -0.008371695, -0.036649924, 0.0060981824, 0.0054784794, -0.0005845359, -0.0059879287, -0.012933926, -0.008805106, -0.0029635495, -0.00828045, 0.0011690718, -0.01091894, -0.0165609, 0.013952824, -0.03193562, -0.014576329, -0.02077336, -0.010827696, 0.006512585, -0.015405134, -0.012629777, -0.00901801, 0.0019113849, 0.018978883, -0.0040755933, -0.02563974, -0.0046686833, 0.015481171, -0.017473346, 0.021929124, 0.008447732, -0.018385792, 0.012774248, -0.011565257, 0.00686996, 0.014287388, 0.008903955, -0.0027221313, 0.019921744, 0.005334009, -0.007847038, -0.011154655, -0.005216151, -0.009626308, -0.0021689609, -0.002705023, -0.007417428, -0.006630443, 0.015998224, -0.0043949494, 0.016925879, -0.0038056613, 0.013200056, 0.016043847, 0.0043873456, 0.0037961567, -0.016712975, -0.034520883, 0.00666466, -0.0037733456, 0.00985442, -0.0149261, 0.039965145, -0.011504427, -0.0014209449, 0.0075276815, -0.0023989733, -0.03009552, -0.028696435, -0.020043403, -0.018142473, 0.004782739, -0.01797519, -0.007079062, 0.01911575, -0.009580686, -0.0150401555, 0.009033218, 0.015093382, -0.0012137436, -0.008257639, 0.020256307, 0.0047257114, 0.009443819, -0.009603497, 0.01189982, -0.004870182, -0.004299903, 0.016393619, -0.0074668517, 0.0066494523, -0.007063855, 0.020697324, -0.024529597, -0.0033304289, -0.031175248, 0.024012545, 0.012546136, -0.0056381575, 0.007577106, -0.015876565, 0.0058776746, -0.018902846, 0.0029369364, -0.020910228, -0.010865714, -0.0043113087, -0.00044410472, -0.007390815, -0.014561121, 0.025213933, -0.011321938, 0.0126906065, -0.005181934, -0.0006282573, 0.02925911, -0.004052782, -0.0033076177, -0.0018486541, 0.006212238, 0.020271515, -0.029836994, 0.015093382, -0.0030585958, 0.0145383105, -0.010614792, 0.010173776, -0.002079617, -0.009451423, -0.011086222, 0.004733315, 0.003248689, 0.011397975, 0.0022354934, -0.0056419596, -0.0045394204, -0.010356265, -0.0077215764, 0.0046876925, 0.016865049, 0.012705814, -0.0050412654, 0.010067324, 0.018020814, -0.032543916, -0.0017488553, 0.0082272235, -0.01249291, -0.0031346332, 0.004470987, -0.00014625279, -0.0040869988, -0.010105343, -0.001016047, 0.0047941445, 0.015998224, -0.0023761622, 0.012082309, 0.03704532, -0.019906536, 0.010455114, 0.0072083254, 0.00492721, -0.009443819, -0.033730097, 0.0037695437, -0.011884613, 0.01750376, -1.2437724e-06, -0.00386459, -0.025685363, -0.0059651174, -0.002218385, -0.01302517, -0.014135313, -0.014044069, -0.005467074, -0.0028000695, 0.008744277, -0.021381658, -0.0012346539, 0.022385348, -0.0115272375, 0.013648676, 0.012249591, -0.01852266, 0.021214375, -0.0039159153, 0.0110786185, -0.007983905, 0.0110786185, 0.008455335, 0.0008549431, -0.010759262, -0.012675399, -0.002790565, 0.0075200778, 0.018416207, 0.019724047, -0.0073718056, -0.00026327878, -0.0021518525, 0.0039805467, -0.0018353476, -0.014294991, 0.0018106356, 0.023890885, -0.023830054, -0.0071741086, 0.0031859581, 0.029654503, -0.005147718, -0.019267824, -0.031068794, 0.0121355355, -0.020347552, 0.025730984, -0.0010046414, 0.013770335, 0.016576108, 0.004509005, 0.00028038715, 0.01934386, -0.012249591, 0.020499626, -0.0014703692, 0.015002137, -0.0090712365, -0.0031194256, 0.0025814625, 0.01590698, 0.0012517623, -0.002079617, -0.017290857, 0.01834017, 0.0026099766, 0.004349327, 0.0038893023, 0.00013817383, 0.0056989873, 0.012409269, -0.010219398, -0.001978868, 0.00343498, 0.0020948246, -0.000527508, 0.00042913487, 0.004246677, -0.028316248, 0.014211351, 0.00061304984, 0.001879069, 0.007869849, -0.0017688151, -0.00039468054, -0.0016271959, 0.0006049709, 0.01237125, 0.013268489, 0.012987152, -0.0031194256, -0.019328654, 0.012683003, 0.009717553, 0.008896351, -0.002328639, -0.008470543, -0.011991065, -0.0073718056, -0.0017735674, 0.008576995, -0.0021689609, -0.0013629666, 0.0039615375, -0.009443819, 0.0019826698, 0.012082309, 0.008850729, -0.0049994453, 0.0031878592, 0.022659082, -0.0072387406, 0.0044405716, -0.008789899, 0.00038137403, 0.0023077286, 0.01987612, -0.019176578, -0.0027772584, -0.014112502, 0.0202411, -0.006326294, 0.015085778, -0.02040838, 0.011390371, 0.012287609, -0.0042352714, 0.0037771473, 0.006949799, -0.027297352, 0.004733315, -0.003083308, 0.01650007, 0.044466548, 0.00746305, 0.0039007077, 0.0062426534, 0.00036117664, -0.003109921, 0.0009642466, 0.0059309006, -0.023358624, -0.0061095883, -8.756157e-05, -0.014834856, 0.0224918, 0.029426392, -0.0056647705, -0.0092309145, -0.021320827, 0.017123574, 0.02789044, 0.013527016, 0.015488775, 0.012865492, 0.012272403, 0.0028095741, -0.004649674, 0.01065281, 0.018963674, 0.0058358544, -0.024712086, 0.021746635, 0.0058168448, -0.028605191, 0.0044063553, -0.0075352853, 0.047112644, 0.0015492578, 0.0064555574, -0.013648676, -0.004197253, 0.0033627446, 0.0239213, 0.0030909118, -0.010531151, -0.0062046344, -0.009976079, 0.005429055, -0.016180715, 0.047143057, 0.021366451, 0.0047029, 0.027282143, 0.018142473, 0.008668239, -0.016241543, -0.020499626, -0.01341296, -0.0073718056, 0.01744293, -0.012926322, 0.0036421814, -0.024590427, -0.024529597, -0.0053682257, 0.0018657625, 0.006797725, 0.029517638, -0.0020758153, 0.007250146, -0.026962787, 0.019906536, -0.021701014, 0.0096795345, -0.0023172332, 0.0018106356, -0.022400556, 0.020697324, 0.0012004371, 0.014888082, -0.0048815873, -0.0063376995, 0.0011462606, -0.006493576, -0.013162037, 0.012911115, 0.007550493, 0.006436548, 0.016941085, 0.014606744, -0.00033717742, 0.017625421, -0.00967193, -0.013230471, 0.0035338283, 0.00159488, -0.00043721384, -0.019571973, 0.0069421954, -0.027510256, -0.013260886, -0.002298224, 0.009056029, 0.0049880394, -0.013108811, -0.006565811, 0.0038740947, 0.005923297, 0.021290412, 0.016211128, -0.0061362013, -0.0060905786, 0.008789899, -0.005360622, 0.0068547525, -0.0067406967, -0.0132989045, -0.019009298, -0.0115804635, -0.0092309145, -0.004159234, -0.0066418485, 0.038079426, 0.012485307, -0.014621952, -0.0061095883, -0.0032372833, 0.0135346195, 0.017853532, 0.012698211, 0.03068861, -0.0028057722, -0.014355822, -0.011884613, 0.009953268, 0.03342595, -0.0013762731, -0.014317803, 0.014158124, 0.004835965, 0.0059080897, 0.0037125158, 0.008021924, 0.0013591647, 0.0045736367, 0.017351687, -0.0017479049, -0.00095521717, 0.013869183, 0.003138435, -0.0007703518, 0.012059499, 0.006763508, 0.010668018, 0.012895907, 0.007546691, 0.006219842, 0.015534397, -0.0044481754, -0.014606744, -0.023662774, 0.01249291, -0.026172, -0.003328528, 0.0018648121, 0.004106008, -0.014051672, -0.016636936, 0.005569724, -0.00079934095, 0.0070942696, -0.016469656, -0.0021708617, -0.018081643, 0.0022697102, 0.0020682116, 0.03880938, 0.00044457993, -0.0018866728, -0.02901579, 0.0059385044, -0.020606078, 0.0024160817, 0.00887354, 0.011481616, 0.010356265, 0.012568947, 0.021123132, -0.012660192, -0.017914362, 0.005200944, -0.011831387, 0.006033551, -0.027860027, 0.009223311, -0.010409491, -0.016834633, 0.014188539, 0.012994756, 0.013648676, -0.0069612046, -0.015754905, 0.02118396, -0.008941974, 0.012143139, -0.0042390735, -0.015085778, 0.014226558, 0.0038436798, 0.020682115, 0.023966921, 0.0043721385, 0.0009623457, -0.020469211, 0.016515277, -0.0050184545, -0.026977995, -0.0075124744, 0.012979548, 0.0146447625, -0.017883947, -0.005679978, -0.010759262, 0.01478163, -0.023297794, -0.00075989665, -0.011413182, 0.0100749275, -0.024407938, 0.009086444, 0.01875077, -0.003109921, -0.0074744555, -0.033456363, 0.02498582, 0.031448983, 0.0018990288, -0.018203303, 0.01359545, 0.01189982, -0.011762953, -0.01347379, -0.0064023314, 0.023313003, 0.015602831, 0.0012137436, -0.005174331, 0.013603053, 0.0112382965, 0.00259667, 0.001623394, -0.0092309145, -0.0036155684, -0.018629111, -0.008386902, -0.001255564, -0.0013449078, 0.00027492197, 0.003429277, -0.011641294, 0.027799197, -0.028088138, -0.0016034342, 0.024894577, -0.009086444, 0.011101429, -0.0036630917, -0.011861801, -0.016424032, 0.0038170668, -0.0059879287, 0.0116336895, 0.0145383105, 0.025366006, 0.0060905786, -0.00015575743, -0.008310865, 0.01077447, -0.00020339948, 0.017564591, 0.053743087, 0.013983239, -0.007329985, -0.0060487585, -0.0068547525, -0.007193118, 0.028605191, 0.013390149, 0.009390593, 0.01662173, 0.007938283, -0.00502986, -0.0014028861, 0.005714195, 0.006710282, 0.016165506, -0.0050374637, 0.006744499, -0.015283475, 0.012812266, -0.013580242, -0.0041516307, -0.018507453, -0.012333232, 0.0075276815, -0.009595893, 0.02230931, 0.0025852644, 0.0165609, 0.015633246, -0.003568045, 0.0110786185, -0.026430527, 0.029973859, 0.011762953, 0.003381754, -0.00578643, -0.0040147635, 0.0043911478, -0.019465521, -0.006805328, 0.022354934, 0.015154212, 0.010994977, -0.010029305, -0.010926544, 0.0051058973, 0.0048929933, -0.01412771, 0.0060829753, -0.022993647, -0.013359734, 0.0004455304, -0.0010806785, -0.006273068, 0.009535063, -0.012477702, -0.0061438046, 0.025274761, -0.017518967, -0.0049196063, 0.018461829, 0.0020473013, 0.008432524, -7.18195e-05, -0.0015473568, -0.0027468435, -0.009626308, -0.016135091, -0.0020891218, -0.018127266, 0.008538976, -0.0033570419, 0.0053644236, -0.001271722, 0.0054480648, 0.0037201194, -0.011382767, 0.00417064, 0.0074934647, 0.018477038, 0.003896906, -0.011192674, 0.015017345, 0.012561344, -5.509726e-06, 0.00078223256, 0.012568947, -0.025563702, -0.0057560154, 0.0045394204, -0.013808354, 0.014089691, 0.014545914, 0.00050469686, 0.02469688, 0.014279784, -0.0040869988, -0.008949577, -0.020910228, -0.011770557, 0.0024750105, 0.012325629, 0.049180854, 0.017017122, 0.008318468, -0.005109699, 0.012500514, 0.015093382, 0.0013905301, 0.007991509, 0.0141961435, -0.022902401, 0.0008877342, 0.0019940753, 0.0011586166, -0.0056419596, 0.028042516, 0.019252617, -0.008014319, -0.002623283, 0.0026574999, 0.016104676, 0.012835078, -0.025001029, 0.0028742058, -0.013519412, 0.00359846, 0.02398213, 0.025594117, 0.007219731, 0.014386236, 0.0040185656, 0.03109921, 0.007976301, -0.008447732, -0.011253504, -0.0061209938, 0.0052123494, 0.0011015888, 0.019298239, 0.0003367022, 0.00035143437, -0.007242542, 0.024848953, -0.010044512, -0.011048203, 0.0265826, -0.022415763, 0.011367559, 0.009352574, -0.0072919666, 0.0069878176, 0.015891772, -0.01281987, 0.010865714, -0.0051857363, -0.0035794508, -0.022689497, -0.02588306, 0.01852266, 0.0071741086, 0.012112725, 0.026673846, 0.017944777, -0.020803776, -0.005375829, -0.012044291, 0.00092004996, -0.009078841, -0.0025054254, -0.01050834, -0.009603497, 0.01427218, -0.015983017, 0.010599584, 0.00558113, 0.0074212295, -0.012652588, 1.1955066e-05, -0.025563702, -0.005569724, -0.01255374, 0.0058586653, 0.0026365896, 0.012766644, -0.015268267, 0.02124479, 0.00068528514, 0.04203336, 0.02171622, -0.01727565, 0.0020967254, 0.029091828, 0.00860741, -0.029183073, 0.0323006, 0.0004293725, -0.009991286, -0.023100099, -0.022871986, 0.004455779, 0.014431858, 0.008774691, 0.0042808936, 0.0016271959, 0.013169641, -0.0070220344, 0.00041844216, 0.0007841335, -0.0066418485, -0.00019995404, 0.0026689053, -0.013747524, 0.0029445402, -0.0069612046, -0.0024464966, 0.00047998477, -0.033973414, 0.011466408, 0.017701458, 0.0060829753, 0.023024062, 0.0015568614, 0.004159234, 0.0006410885, 0.018765979, 0.006565811, 0.008470543, 0.015998224, -0.026689053, 0.021290412, -0.0018980784, -0.0115804635, 0.00979359, 0.0051173028, -0.0024103788, -0.0047447206, 0.005953712, 0.00082120165, -0.012280006, -0.026689053, 0.0016271959, -0.01893326, 0.00032030666, -0.0023210351, -0.000594991, -0.013108811, 0.002811475, -0.0023229362, 0.018887637, -0.0073451926, -0.0016138894, -0.02866602, 0.009922853, 0.009991286, 0.017655835, -0.01531389, 0.012333232, -0.014485084, 0.011405578, 0.016758597, -0.0017250937, 0.0005256071, 0.00094618776, -0.010363868, -0.0005930901, 0.011071015, 0.0011158457, -0.003163147, -0.003136534, -0.012196365, -0.00746305, 0.007763397, 0.0020644097, 0.0005465173, -0.010333454, -0.030232387, 0.016135091, 0.019678425, 0.00729957, -0.014827251, -0.0011928334, -0.021701014, -0.00535682, 0.015336701, 0.012280006, -0.0019379979, -0.010972166, 0.0071512978, 0.0061514084, -0.0006629492, 0.0036174692, 0.0024255863, -0.0002917927, -0.021655392, -0.005067879, -0.009086444, 0.017518967, 0.024058167, 0.0052655754, 0.007569502, -0.017169198, -0.009063633, 0.013306508, 0.015922187, -0.0055583185, 0.0049728323, -0.01650007, 0.013374941, 0.0056837797, -0.013891994, 0.008143583, -0.015374719, 0.019663217, -0.0010540655, 0.022932816, -0.002590967, -0.0029540448, -0.025472458, -0.03488586, -0.0050260583, 0.024636049, 0.0024541002, -0.022370141, 0.00013318389, 0.00042414494, -0.009147273, -0.004835965, -0.00059974333, -0.019632801, 0.01142839, -0.012873096, 0.020818982, 0.004444374, -0.010675621, -0.025411628, -0.0014323505, 0.022400556, 0.009474234, 0.007113279, -0.011093826, -0.022628667, -0.020362759, 0.0136410715, 0.0058016377, 0.034520883, -0.011519634, 0.006565811, 0.0012251493, -0.0040489803, 0.0002095775, 0.016773803, 0.0014256972, 0.0025624533, -0.0044139586, -0.0027183294, -0.0052617732, -0.016454447, -0.0019398988, 0.011610879, 0.0073946165, 0.008767088, 0.006957403, 0.0047219093, 0.0067825173, 0.0030319828, -0.022096407, 0.013504204, 0.0033418345, 0.020697324, -0.009801194, 0.014256973, 0.048207577, 0.006945997, -0.0039349245, -0.017427724, 0.009246122, -0.006250257, -0.011953047, 0.023890885, -0.011671709, -0.011382767, -0.011998668, 0.004623061, -0.0037125158, 0.007915472, 0.020301929, 0.020575663, 0.020332344, 0.0007090468, -0.0050260583, -0.012477702]"
レストラン,fromCluster,0.3067,15.0,0.7126,"[-0.009776963, -0.00855318, -0.0072828396, 0.020019496, 0.020179119, -0.015084458, 0.0064315125, 0.039480306, 0.014273036, -0.0015205838, -0.022746405, 0.040996734, -0.025100857, -0.024475662, 0.033254977, -0.017798062, -0.00020264751, -0.041395795, -0.009577434, 0.0023078953, -0.02158913, -0.013993694, 0.0367667, 0.0076353424, 0.008127516, 0.018276935, 0.001814059, 0.02232074, -0.0136145875, -0.014339546, 0.013940486, 0.04264618, -0.025912277, -0.0061189155, -0.01562984, 0.031844966, 0.01562984, 0.030993639, 0.023837168, -0.017545326, -0.034372345, 0.01891543, -0.018822316, 0.010242533, -0.0014191561, -0.013621238, -0.0005578522, -0.008586435, 0.009198327, -0.04865868, -0.031179866, 0.019075055, 0.021748755, 0.016082106, -0.0052476353, 0.0010974142, 0.011486269, 0.058901213, -0.032643083, -0.012357549, -0.033521015, -0.0072761886, -0.026085204, 0.0061920765, 0.019261282, 0.022147814, 0.017811365, 0.031419303, 0.0042599626, 0.0035516315, -0.009983144, 0.043816756, 0.008047705, 0.012823119, 0.010488619, 0.016614186, 0.0051279175, -0.016973339, 0.031924777, -0.008872428, 0.017704949, 0.0420875, 0.016028898, -0.03261648, -0.005217706, -0.005307494, -0.03868219, -0.057730637, -0.023916978, 0.016853621, 0.022214323, 0.000923657, -0.01911496, 0.007089961, 0.047461502, -0.00232286, 0.0016502782, -0.017359098, -0.009251534, 0.009710453, -0.00875271, -0.026391149, -0.007974544, -0.013953788, 0.06842544, 0.032776106, 0.0017708275, 0.025832465, -0.017811365, -0.03977295, -0.03721897, 0.028572675, 0.004659022, 0.002864916, -0.02579256, 0.037192367, -0.01991308, 0.0027568375, -0.0062652375, -0.004738834, -0.04163523, -0.05512345, 0.0128430715, -0.03815011, -0.0077151544, -0.032004587, 0.010614988, -0.0041269427, -0.041927874, 0.00086795486, 0.020538274, 0.016294938, -0.0069303373, -0.018330144, 0.025752654, 0.024954535, -0.019075055, 0.03535669, 0.0062652375, -0.020032797, 0.007089961, -0.006541254, -0.029317588, -0.0073626516, 0.00034003213, 0.0012379165, 0.01162594, 0.014698699, 0.00018768277, -0.0026753629, -0.0008268019, -0.011140417, -0.0047687637, 0.07986515, -0.008260536, -0.009590735, -0.027136061, 0.027375497, -0.035037443, 0.0039373892, 0.005793017, 0.00066011125, -0.029610232, 0.011007397, 0.016813716, 0.01176561, 0.06565862, -0.021283185, -0.007163122, 0.029450607, -0.03120647, 0.014206526, -0.023025746, -0.021881774, -0.000317585, 0.018263632, 0.07140508, 0.022945933, 0.04525337, 0.028599279, 0.025473312, 0.023451408, 0.019952986, -0.03615481, -0.048020184, -0.0180375, -0.010488619, -0.03554292, 0.023650939, 0.010980793, -0.017279286, -0.010368901, 0.0100163985, -0.026870022, 0.024129812, 0.0072761886, 0.008147469, 0.0031658737, 0.038735397, -0.005580185, 0.038203318, -0.04171504, -0.011512873, -0.0032140934, 0.011798865, -0.012863025, -0.023012444, -0.027375497, 0.0072761886, 5.3623648e-05, -0.008426811, 0.0037877418, -0.020019496, 0.025366897, -0.019075055, 0.0018290237, 0.0018639414, 0.038123503, -0.018955337, 0.013820768, -0.004905109, -0.036660288, -0.033494413, 0.020924032, 0.0041934527, 0.027056249, -0.045758847, -0.024542173, 0.036181413, -0.0036813258, 0.005018176, -0.04243335, -0.0147652095, -0.008513274, -0.013913882, -0.033999886, 0.029131358, -0.007921335, -0.022826215, -0.053287774, -0.040810507, 0.066509955, -0.03663368, 0.023105558, 0.01838335, -0.000116704185, -0.03713916, 0.051265873, 0.050095297, -0.019593831, -0.072203204, -0.018702598, -0.022613384, -0.02238725, 0.002898171, 0.031499114, 0.01911496, 0.0060424292, -0.010202627, 0.019354396, 0.016760508, 0.010043003, -0.035968583, 0.0023677542, 0.029530419, -0.018942034, -0.026564075, -0.03628783, 0.013248783, 0.018237028, -0.004991572, -0.02492793, 0.01931449, -0.012942837, -0.02077771, 0.005231008, -0.0173724, -0.01783797, 0.0076286914, -0.032244027, -0.00044727942, -0.014751907, -0.0124772675, -0.048392642, 0.015563329, 0.028413052, -0.004289892, 0.021203373, 0.017625138, 0.013248783, -0.032510065, -0.017611835, 0.015550027, 0.013202226, -0.009816869, 0.009550829, -0.0025855745, 0.004136919, 0.0018240354, -0.013042602, -0.009570782, -0.046317533, 0.03748501, -0.05586836, 0.030834014, -0.026005391, -0.011506222, 0.029663438, -0.0347714, 0.008652945, 0.029982686, -0.039453704, -0.01322883, 0.018942034, -0.011220229, -0.0073626516, -0.02405, -0.011060605, -0.0013925522, -0.028093804, -0.010774612, -0.0074956715, -0.057624225, -0.018755807, 0.028865319, 0.043790154, 0.003628118, -0.025366897, 0.039666537, 0.024608683, -0.004353076, -0.03860238, 0.017119661, 0.039719746, 0.0034784705, 0.020272234, 0.022733102, -0.06299823, 0.044747896, -0.017744856, -0.012144717, -0.014113412, 0.010462016, -0.006355026, 0.042672787, 0.018077405, 0.025047649, -0.033042144, -0.012357549, -0.013275387, 0.00018321413, -0.011499571, 0.02104375, 0.025007742, 0.034265928, 0.0005553581, 0.014592283, -0.024741702, 0.019633738, 0.031898174, 0.011206927, 0.009364601, -0.053819854, 0.003634769, 0.0132354805, 0.013454963, 0.010960841, 0.057251766, -0.0011639241, 0.011645893, 0.016627489, 0.0077550607, -0.017345795, 0.013428359, 0.010934236, -0.010176023, 0.0031924776, -0.032722898, 0.022107909, -0.00638163, 0.009577434, -0.025632937, -0.029317588, 0.0011464653, -0.03067439, -0.0032107679, 0.009530876, -0.047860563, -0.030035894, -0.004555932, -0.051957574, 0.0040172013, -0.0090254005, 0.002680351, -0.0054305377, -0.010262486, 0.010674847, 0.010282438, -0.009052005, -0.063583516, -0.053846456, 0.03982616, 0.029131358, -0.0037212318, 0.0016602547, -0.03466499, -0.0042799152, 0.06448805, 0.025074253, 0.018423257, -0.012796515, -0.050813604, 0.0043929825, -0.0054006083, 0.010395505, 0.009510923, -0.010781263, 0.00086878624, 0.014485868, -0.001012614, -0.008174073, -0.009916634, -0.0066942265, 0.024409153, -0.05533628, 0.028891923, 0.046317533, -0.037112553, -0.027907576, -0.021229977, -0.021828566, -0.010136117, -0.026298035, 0.026005391, -0.0024592055, -0.00471223, 0.031632133, 0.002402672, 0.023491316, -0.0049217367, -0.007868127, -0.03027533, 0.011406457, 0.01363454, 0.03128628, 0.027641537, 0.036899723, 0.023478013, 0.0010043003, -0.00651465, 0.048552267, 0.008433462, -0.023225276, 0.013062554, -0.003303882, -0.0031858268, -0.057092145, 0.05360702, -0.0061056134, -0.0051678233, 0.03373385, 0.007974544, -0.014791814, -0.015244081, 0.008593086, 0.00091534323, -0.02212121, 0.011213578, -4.450451e-05, -0.00036060865, -0.00031737718, 0.002291268, 0.032244027, -0.019487416, -0.043736946, 0.020618085, -0.043790154, -0.01783797, -0.04118296, -0.008606388, -0.0027767904, 0.00901875, 0.017252682, -0.017252682, 0.004057107, 0.039879367, 0.016800415, -0.009730406, 0.03535669, 0.019793361, 0.052968524, 0.0028699045, 0.0023860445, -0.025513219, 0.006035778, -0.06624391, -0.0035117255, -0.021362998, -0.05645365, -0.012104811, 0.06581825, -0.016122013, -0.0080344025, -0.02459538, -0.038123503, -0.014312942, 0.011639242, 0.029237775, -0.04937699, 0.04509375, 0.01810401, 0.023278484, 0.0037977183, -0.004482771, -0.011805517, 0.01763844, -0.0077417586, 0.0065678577, 0.017212776, 0.010043003, -0.009211629, 0.017532023, -0.015470215, -0.0104819685, 0.0024043347, -0.020950636, 0.044880915, -0.018542975, 0.0025373546, -0.034877818, 0.014539076, -0.026843417, 0.0111670215, 0.014552377, -0.0010450376, 0.030168915, -0.007103263, 0.0347714, 0.0060457545, -0.004303194, -0.007322746, -0.028280031, -0.00464572, 0.029690042, 0.018263632, 0.012670146, -0.011872026, -0.041395795, -0.013687748, 0.02185517, 0.03181836, 0.0046723243, 0.015776161, 0.016148616, 0.016733903, 0.009012098, 0.003295568, 0.011672497, 0.005447165, 0.025606332, 0.034372345, -0.0034718195, 0.003990597, -0.046344135, 0.03434574, -0.039533515, -0.017212776, -0.021535922, 0.0032390347, 0.021083655, -0.004236684, 0.008061007, -0.00587948, -0.021402903, 0.011918584, 0.03724557, -0.011080558, -0.009437762, 0.004353076, -0.0062718885, 0.0077949665, -0.004698928, -0.006657646, 0.0046191164, 0.0061920765, 0.011153719, 0.022187721, -0.027960785, -0.002899834, 0.0038808556, -0.017970989, 0.0033587527, -0.006677599, 0.006155496, 0.0017625138, 0.0010084572, 0.009717104, 0.007854826, -0.009311393, 0.027348893, 0.014445961, 0.037963882, -0.0002388123, -0.011931885, -0.011120464, -0.0043331236, 0.027122758, 0.020538274, 0.0011522849, 0.015204175, -0.005626742, 0.029450607, -0.032456856, -0.024449058, 0.0006468093, -0.0042466605, 0.012610287, 0.021615734, -0.023571128, 0.039879367, 0.01562984, -0.015935784, 0.0012129752, -0.013508172, -0.037059344, 0.013282037, 0.0033121957, 0.01864939, -0.0027851043, -0.022161117, -0.020538274, 0.020830916, 0.005517001, -0.014978041, 0.006764062, 0.0013426697, 0.0015264034, -0.0040305033, 0.0065612067, 0.02037865, -0.049270574, -0.008832522, 0.023039047, -0.016800415, -0.02084422, -0.013548077, 0.02353122, 0.0014432659, 0.010195976, 0.057890262, 0.0018040824, 0.04759452, 0.00567995, 0.013428359, 0.0015172584, -0.007063357, 0.0061987275, -0.03306875, 0.008779313, 0.02085752, 0.028120408, -0.019354396, -0.009224931, 0.009517574, 0.0030760854, 0.019952986, 0.0018290237, 0.020072704, 0.0003055301, 0.0024641939, -0.02679021, -0.025898976, 0.040278427, 0.029823063, -0.027614933, -0.005433863, 0.014379452, -0.022014795, -0.02559303, -0.015217477, -0.0047454853, 0.024608683, -0.0012021674, -0.00136096, -0.0024542173, -0.00017801805, 0.0036513964, -0.0056899264, 0.0146055855, -0.013055904, -0.01410011, -0.03019552, -0.026298035, -0.00901875, 0.0117057515, -0.022600083, 0.02833324, 0.021083655, 0.001214638, -0.035649333, -0.027641537, -0.03040835, -0.008346999, -0.033095352, 0.028838715, 0.029104754, -0.0030661088, 0.024435757, -0.03376045, 0.010382203, 0.020711198, 0.009451064, 0.035117254, 0.01958053, 0.03046156, 0.04022522, -0.0008056018, 0.0010375553, 0.009318044, 0.0011123789, 0.018077405, -0.009643943, -0.02992948, -0.013202226, 0.007469068, -0.012131415, 0.011772262, 0.006088986, 0.0031958031, 0.007003498, 0.021974888, 0.0002650006, 0.012956139, 0.02285282, -0.016481167, 0.02011261, 0.0077085034, -0.029184567, -0.006015825, -0.0012936186, 0.035729147, -0.014525774, 0.02104375, -0.027854368, -0.018423257, 0.018995242, 0.003004587, 0.00030095753, 0.018423257, 0.0043830057, -0.014831719, -0.010521875, 0.004436214, 0.012025, -0.029317588, 0.015949087, -0.0144592635, 0.049004532, -0.021336393, 0.0076885507, -0.016481167, 0.030567974, 0.0461313, -0.025420103, 0.010076257, -0.039719746, 0.013561379, 0.008393556, 0.00013218854, -0.004256637, 0.013195574, 0.039001435, -0.0019104984, -0.019168168, -0.010342298, 0.0055303024, -0.021535922, -0.004931713, 0.00080061355, 0.0142996395, -0.00043065194, 0.007927987, 0.021216676, -0.03125968, -0.007322746, 0.015550027, -0.01958053, 0.016294938, 0.010508573, 0.02579256, 0.03466499, -0.012663495, 0.014525774, -0.020405253, -0.003521702, 0.01496474, 0.033866867, -0.006301818, -0.00842016, -0.02178866, 0.031233074, 0.010362251, 0.014672096, 0.004998223, 0.021602433, -0.024276134, 0.0041468954, -0.035782356, -0.041608628, 0.014432659, -0.013740956, 0.01684032, 0.006468093, 0.019806664, -0.02150932, -0.0084866695, 0.01590918, -0.008127516, 0.008366952, -0.023172067, 0.0033953332, -0.006534603, 0.026497565, 0.006374979, -0.029131358, 0.000552864, 0.018436559, 0.025885673, -0.030727599, -0.017093059, -0.004353076, -0.0028250103, -0.010282438, 0.016255032, -0.017558627, 0.02152262, 0.013242131, 0.009703802, 0.005646695, -0.00822063, -0.01951402, -0.016055502, -0.00082347635, -0.01410011, -0.007030102, -0.025898976, 0.0049416893, 0.010009748, 0.014818418, 0.005207729, 0.009590735, 0.008666247, -0.012916232, -0.0020817616, 0.018423257, 0.008632991, 0.00016804156, 0.00514787, -0.001991973, 0.0067341328, 0.01122688, -0.012450663, -0.018143915, -0.00014860817, -0.0012354223, 0.009364601, -0.0041003386, -0.023132162, -0.020232327, -0.018968638, -0.003488447, -0.0041003386, 0.008047705, 0.028413052, -0.02599209, 0.027375497, 0.0016078781, 0.0027003041, 0.032456856, -0.010109513, -0.03588877, 0.025632937, -0.020471763, -0.018050801, 0.014738605, -0.0049549914, -0.00045226768, 0.021083655, -0.0011672496, -0.03235044, -0.009191675, 0.013288689, -0.0017059803, -0.030381747, 0.030381747, 0.015975691, -0.02653747, -0.015390403, 0.015882576, -0.007183075, -0.0033537643, -0.01750542, 0.014685398, -0.0001592082, -0.0015555015, -0.007129867, 0.025513219, 0.009357951, 0.002449229, -0.013435011, 0.02132309, 0.00042940487, 0.011719054, -0.029184567, -0.0011647556, 0.014924834, -0.0036580474, 0.012636891, -0.022307439, -0.007023451, 0.0060657077, -0.003343788, -0.009677198, 0.012670146, 0.018356746, 0.0141400155, 0.012882978, 0.010003096, 0.027109457, 0.028280031, -0.010841122, 0.016587581, -0.016627489, 0.00070874667, 0.027827764, 0.036314435, 0.019540625, -0.009191675, 0.0075289267, 0.0034718195, 0.030993639, 0.0045293276, -0.016800415, 0.009743708, -0.012969441, -0.0009909983, -0.026856719, -0.017864574, -0.0060391035, -0.007316095, -0.024635287, -0.03213761, -0.039719746, 0.0067274817, 0.045865264, -4.62452e-05, -0.03376045, -0.05586836, -0.0016045526, -0.004838599, 0.011566081, 0.03187157, -0.0019753457, 0.019101659, -0.0155234225, -0.012570381, 0.013940486, 0.033175163, 0.03908125, -0.008067657, -0.017997593, -0.0033487761, 0.036899723, 0.021469412, -0.010202627, 0.004659022, 0.00022966717, 0.0034651686, -0.05185116, 0.0124772675, 0.037591424, 0.017758157, -0.01322883, 0.014938136, 0.039347287, -0.031632133, 0.01657428, 0.01028909, 0.0074158595, 0.014219828, 0.006670948, 0.0056367186, 0.002898171, -0.0024774957, 0.002720257, 0.024635287, -0.016973339, -0.008805918, 0.0015546702, 0.011433061, -0.024209622, -0.058635175, -0.015111061, -0.01363454, 0.042459954, 0.0018639414, -0.036181413, -0.0012861362, -0.0010475317, -0.021722151, -0.026856719, 0.043417696, 0.015124363, -0.07204358, -0.028785508, 0.018183822, 0.011526175, 0.0075023226, -0.01363454, 0.058848005, -0.033893473, -0.024116509, -0.0016062154, -0.004765438, 0.008134168, -0.007116565, -0.0063982573, 0.05980575, -0.013341896, 0.020019496, 0.005892782, 0.005294192, -0.0031292932, -0.0061189155, -0.01383407, -0.018689297, -0.019660342, 0.024848118, -0.012191274, 0.033866867, 0.015111061, -0.018995242, -0.012470616, 0.037884068, 0.008174073, -0.023810564, 0.01076131, -0.011339947, 0.038841814, 0.0037046045, 0.033787057, -0.032483462, 0.0053141452, 0.0173857, 0.019952986, 0.027149362, 0.016547676, -0.019859873, 0.030115707, -0.030887222, 0.0025888998, -0.00094111584, 0.026670491, -0.014791814, -0.010495271, 0.015164269, -0.009570782, -0.0062120296, 0.0038442754, -0.019926382, 0.01383407, 0.0013094147, 0.0023128835, 0.014685398, 0.0014108424, 0.026763605, -0.03862898, 0.009191675, 0.015257383, 0.010043003, -0.025406802, 0.003628118, -0.011286739, -0.0030528067, -0.009883379, -0.0055968123, 0.0043198215, 0.000999312, -0.009530876, -0.010076257, -0.011965141, 0.0039407145, 0.0107879145, -0.012716703, -0.015510121, -0.0005865346, -2.8786339e-05, 0.010661545, 0.004130268, 0.018476466, 0.014805116, 0.0057098796, -0.007469068, 0.009929936, -0.017332494, 0.0021100282, 0.0057165306, 0.0018090707, -0.02599209, -0.013514822, 0.024701796, -0.0076486445, 0.0046224417, 0.017359098, 0.0046689985, 0.0038875067, 0.014712001, 0.005799668, 0.010508573, 0.004436214, -0.03160553, 0.010874378, 0.004190127, 0.021456111, 0.0041402443, -0.053873062, -0.015257383, -0.006019151, 0.012756609, 0.02580586, -0.0027285707, -0.0027169315, -0.003117654, 0.016999943, 0.0063483748, -0.0028898574, 0.005360702, -0.0038841811, -0.007921335, 0.036899723, -0.013508172, 0.002277966, -0.01256373, 0.0010782926, -0.010708102, 0.0007320252, 0.017053152, 0.015150967, 0.006843874, 0.0052010785, -0.022666592, 0.02325188, 0.02486142, 0.01690683, -0.006075684, 0.0036314435, 0.007841524, 0.0010134454, 0.004442865, 0.023837168, -0.016960038, -0.0138473725, 0.022214323, 0.016853621, -0.00116143, -0.012177972, 0.0064980225, 0.0020850871, 0.0052642627, 0.02285282, 0.007469068, 0.018157218, 0.0021599107, -0.012144717, -0.020618085, 0.016720602, 0.019341094, 0.017359098, 0.0260586, -0.0029530418, -0.005447165, -0.018516371, -0.020751106, -0.0031143285, -0.012863025, -0.013215528, -0.007242934, 0.007249585, -0.017093059, -0.009464366, -0.020870823, -0.019673644, 0.003197466, 0.0038775303, 0.010136117, -0.00074033893, -0.017425608, -0.00042067544, -0.009969842, -0.012823119, -0.0025340293, 0.021216676, 0.0065046735, -0.0075222757, 0.00782157, 0.027827764, -0.026510866, 0.006108939, -0.005420561, -0.003421937, -0.008200677, -0.016986642, -0.029956082, 0.018928733, 0.019660342, -4.9362853e-07, 0.011659195, -0.02974325, 0.0017791413, 0.015949087, 0.022187721, 0.009038703, 0.0061122645, 0.013182272, -0.016255032, 0.009377903, -0.0044694687, -0.04418921, -0.001449917, -0.008839172, -0.022839518, 0.001747549, 0.008586435, -0.015244081, -0.028546073, -0.0035915375, 0.014738605, -0.009224931, 0.019354396, -0.04402959, -0.007176424, 0.023371598, -0.021416204, 0.016787112, 0.006458116, 0.007116565, 0.0017226078, 0.0030993638, -0.016028898, 0.007136518, 0.013873976, 0.013015998, -0.040012386, 0.0068505253, 0.0087194545, -0.026218222, -0.030488161, -0.0142996395, 0.015417007, 0.0017924432, 0.021349695, 0.02766814, -0.0018822317, 0.019633738, 0.01991308, 0.00695029, 0.029317588, 0.0105551295, 0.006917035, 0.007123216, -0.00929144, -0.028918527, -0.011113813, -0.022919329, 0.009843473, 0.0045193513, 0.008659596, 0.035436504, -0.021376299, -0.0133685, -0.025021045, 0.019101659, 0.025167366, -0.027242476, -0.005739809, -0.0029746576, 0.004156872, 0.024169717, 0.015922483, -0.012616938, 0.03354762, -0.016414655, -0.0031060148, 0.011805517, 0.01924798, 0.024116509, -0.026298035, 9.893355e-05, -0.036846515, 0.020059401, 0.0077883154, -0.004632418, 0.0064913714, 0.013980392, -0.013268735, 0.0061854254, -0.033574224, -0.010821169, 0.0035050744, -0.01075466, 0.002164899, 0.0023078953, 0.00049882464, -0.011905282, -0.004898458, 0.017598534, 0.02265329, 0.02059148, 0.015869275, 0.015736254, 0.0007557193, -0.047541313, -0.0213896, 0.0038642283, -0.021934982, -0.010595036, -0.010661545, 0.024435757, 0.0010009748, 0.007256236, -0.0009843473, -0.0066543208, 0.0023095582, 0.027987389, -0.0037378594, 0.0025174017, -0.019367699, 0.014206526, -0.0347714, 0.005796342, -0.008480019, -0.007030102, -0.00029014968, -0.016201824, -0.03314856, -0.019035148, 0.0047687637, 0.028120408, 0.0044328882, -0.03862898, 0.01203165, 0.020804314, -0.013122413, 0.012916232, -0.0110206995, -0.01710636, 0.00039407148, 0.005786366, 0.008539878, 0.012171322, -0.008406858, -0.0136145875, -0.009537527, -0.011858725, 0.010974142, -0.01189198, 0.012616938, -0.015749557, -0.026936531, 0.0027884298, 0.0016062154, 0.00031259676, -0.005796342, 0.011572732, -0.0016951724, 0.005793017, 0.00011057279, -0.0009885042, 0.017984292, 0.010728056, 0.019367699, 0.011386503, 0.0072163297, 0.04261958, -0.0055901613, 0.016933434, 0.016800415, 0.014725303, 0.020086005, 0.03602179, 0.038203318, 0.0028699045, -0.044136006, 0.008972192, 0.011273437, -0.008400207, 0.015257383, 0.024422454, 0.00015068661, 0.036048394, 0.0117789125, -0.0053407494, 0.0065678577, -0.0034718195, 0.01785127, -0.0009735394, 0.020232327, 0.012417408, -0.005876154, -0.023943583, -0.0113133425, -0.012463965, 0.024302736, 0.00157878, -0.0016369763, -0.014951438, 0.01838335, 0.024369247, 0.0043996335, -0.050095297, 0.012537126, -0.008579784, -0.001618686, -0.010355599, 0.0041269427, -0.005001548, 0.026470961, 0.0007449115, -0.014525774, -0.009371253, 0.024755005, -0.017997593, 0.00058029935, 0.00915842, 0.03713916, -0.024196321, -0.014751907, -0.0167073, -0.0327495, -0.012071556, 0.0018306865, -0.0025855745, -0.020445159, -0.019327791, 0.0025539822, 0.022626685, -0.039932575, -0.0076885507, -0.018263632, 0.010382203, 0.029104754, -0.0051279175, -0.024741702, 0.029823063, 0.034904424, 0.019407604, 0.029424002, 0.0135414265, 0.010275788, -0.011605986, 0.016534375, -0.015656443, 0.013415057, 0.017824667, -0.016560977, -0.01991308, -0.02225423, 0.012936186, -0.0028349867, 0.020445159, -0.023371598, 0.014113412, -0.002687002, -0.032456856, 0.003337137, -0.0060058488, 0.012783213, -0.009803567, -0.003071097, -0.0031492463, -0.021762056, -0.013341896, -0.021974888, 0.020604784, -0.014485868, -0.008300442, 0.013873976, 0.0037511613, 0.008440113, -0.023744052, -0.003488447, 0.0028632535, -0.0021831891, 0.012929535, -0.044481855, 0.0019154866, 0.03128628, 0.014884927, -0.018409954, -0.015470215, 0.01630824, -0.031020243, 0.0057763895, 0.0007241271, -0.006903733, 0.019274585, -0.0053241216, 0.020059401, 0.0036913024, -0.0077750133, -0.013587983, -0.049217366, 0.0051811254, 0.017532023, -0.0041269427, 0.015337195, -0.016082106, 0.0077683623, -0.0057630874, -0.0045293276, 0.023291785, 0.016348146, 0.0031376071, 0.0125504285, -0.014712001, 0.0044761198, 0.010854424, -0.031791758, -0.006803968, -0.042539764, 0.003521702, -0.0048818304, -0.009643943, -0.021642338, -0.0015446936, 0.00028349867, 0.009510923, 0.012636891, 0.0010059631, -0.0061122645, 0.000762786, 0.021256581, 0.0045991633, 0.0016669057, -0.0039606676, 0.019859873, 0.0025589704, -0.0054504904, -0.0061056134, -0.0138473725, 0.0108610755, -0.0072229807, -0.002435927, -0.004060433, 0.024316039, -0.025765955, -0.0061455197, -0.021735452, -0.010275788, 0.016401354, -0.0019886475, 0.0111670215, 0.02432934, 0.018928733, -0.01463219, 0.0075156246, 0.008480019, 0.018210424, -0.0029995989, -0.009524225, -0.009038703, 0.008127516, -0.006830572, -0.008327046, 0.013953788, 0.033866867, -0.0040471307, -0.011512873, 0.007475719, -0.0072961417, -0.0068505253, -0.0051179407, 0.013621238, 0.0011148731, 0.004492747, -0.02104375, 0.016494468, 0.009916634, 0.008938937, 0.006744109, 0.014352848, -0.008426811, 0.0027318962, 0.020604784, 0.013601285, -0.0012853048, 0.014565679, 0.024954535, -0.0072761886, -0.0058961073, -0.033467807, -0.019420907, 0.022679893, -0.0029630184, 0.0039540166, 0.005453816, -0.0066476697, 0.008100912, -0.0017109686, -0.015550027, 0.016614186, 0.016560977, 0.007336048, -0.017412305, -0.022400552, 0.0032473484, -0.015895879, -0.014020298, -0.000809343, 0.012410757, -0.0017791413, 0.007854826, -0.007116565, -0.013122413, 0.0003531263, 0.035303485, -0.018968638, -0.012703401, -0.0033105328, 0.014578981, 0.012816468, 0.012683448, 0.010182674, 0.0042200563, -0.008094261, -0.009963191, -0.007116565, 0.019740153, -0.0009120177, -0.010029701, 0.0036580474, 0.007163122, -0.017186172, 0.0028033946, 0.0030827364, -0.015283987, 0.017904479, 0.04110315, -0.022546874, -0.007129867, -0.0011173672, 0.020232327, 0.0057630874, 0.0027718022, -0.013348548, 0.0032739525, 0.020618085, -0.015350497, 0.0028050572, 0.010748008, 0.002357778, -0.021203373, 0.008213979, -0.00023964368, -0.009544178, -0.037884068, 0.008706152, 0.019966288, -0.024688495, -0.0076353424, -0.0038342988, 0.00668425, 0.00052875414, -0.044801105, -0.024289435, 0.0016735566, 0.0072229807, -0.0048286226, 0.013215528, 0.030035894, -0.005733158, -0.0013243795, -0.008293791, 0.012690099, -0.032909125, -0.019952986, 0.02298584, 0.01904845, -0.0037777652, -0.00989003, 0.0003527106, 0.008307093, -0.0367667, -0.019553926, -0.0032556623, -0.027641537, 0.015669744, -0.02432934, -0.020644689, 0.00975701, -0.010275788, 0.010674847, 0.0029846341, -0.01155943, 0.008127516, 0.009318044, 0.01664079, 0.0031342816, -0.0027651512, -0.0026288058, 0.0065645324, 0.012596985, 0.0013543089, -0.013740956, -0.006983545, 0.008666247, -0.010801217, -0.008373603, -0.019194772, -0.01785127, 0.013321944, 0.004303194, 0.0025573077, 0.028519468, 0.011665845, 0.019101659, 0.022427157, 0.024342643, -0.00066135835, -0.010821169, 0.009850124, 0.0043331236, -0.020604784, -0.0049616424, 0.009604037, 0.017532023, -0.0060557313, -0.005071384, 0.0038509262, 0.0016361448, -0.014432659, -0.019952986, -0.024661891, -0.0002550241, -0.00975701, -0.019088356, -0.004150221, -0.013740956, -0.009923285, 0.005237659, 0.0012362538, 0.005211055, 0.009983144, 0.0067008776, -0.018769108, -0.022639988, 0.005779715, -0.015536725, 0.0044328882, 0.0018523022, -0.0069236862, 0.0063383984, -0.008200677, 0.0038110202, -0.014392754, -0.02212121, 0.0037079297, 0.006744109, -0.024848118, -0.01904845, -0.0064913714, 0.018423257, 0.018862223, -0.005164498, -0.0010691475, 0.0089522395, -0.0043929825, -0.009318044, -0.021708848, -0.0043431, 0.012191274, 0.005164498, 0.00046515398, -0.00941781, 0.0005333267, -0.015310591, -0.0052709137, -0.011113813, -0.00016450821, 0.0037046045, -0.022866122, 0.002515739, -0.045067143, -0.020205723, 0.0053474, 0.014392754, 0.01496474, 0.016933434, 0.009038703, 0.022201022, -0.00070168, 0.006936988, -0.019660342, -0.004402959, -0.0058162953, -0.020684596, 0.015177571, 0.009497621, 0.006009174, -0.02165564, -0.011605986, 0.011486269, 0.01837005, -0.023930281, 0.010661545, -0.02084422, 0.017492117, -0.006897082, -0.026151713, -0.005540279, -0.042380143, 0.018024197, 0.0047554616, 0.0077617113, 0.016388053, -0.001867267, 0.002613841, 0.0026005392, -0.02178866, -0.016135314, 0.0053307726, -3.2553504e-05, 0.008539878, -0.0018173845, -0.008480019, -0.02446236, -0.011645893, 0.028812112, 0.0141400155, 0.0028881948, -0.0005025658, 0.001032567, 0.0002598045, -0.00995654, 0.012603636, -0.013807466, 0.0093313465, 0.0014149992, -0.0029197868, -0.012736656, 0.0024276134, -0.0071498198, -0.021150164, 0.0022812914, 0.002324523, 0.014672096, -0.024941232, 0.008100912, -0.008925635, -0.009058655, 0.02051167, -0.0010408808, -0.024382548, -0.0076952013, 0.018090706, 0.006015825, -0.011286739, -0.0062785395, 0.029956082, 0.0057830405, -0.0019287886, -0.009996446, -0.008872428, 0.01997959, 0.013408407, -0.00064722495, -0.005157847, 0.008639643, -0.004652371, 0.00016814547, -0.012211227, -0.00019090435, -0.012417408, 0.019620435, -0.005706554, 0.012271087, -0.014578981, -0.0049616424, 0.012417408, 0.02258678, 0.003012901, 0.0059193857, 0.01383407, 0.0076552955, -0.017332494, -0.02926438, 0.003910785, -0.0028881948, 0.021735452, -0.013927184, -0.023438107, 0.0037844162, -0.003701279, 0.0033969958, -0.03642085, 0.01229769, -0.004150221, -0.014845021, -0.003117654, -0.0074956715, -0.004283241, 0.0076685976, 0.022693196, 0.015922483, 0.014406056, 0.006837223, 0.0018523022, -0.004346425, 0.010142768, -0.006970243, -0.019088356, -0.010668197, -0.0042200563, -0.03854917, -0.00036725964, -0.0034385645, -0.013581333, -0.00581297, -0.0018489767, -0.011659195, -0.0008646294, -0.013621238, 0.02947721, 0.0067042033, 0.009969842, 0.00203853, -0.00842016, -0.014924834, -0.004905109, 0.005806319, -0.0034252626, -0.025765955, -0.00754888, 0.0124772675, -0.014791814, 0.005078035, -0.0149115315, -0.003377043, -0.019394303, -0.00073576637, -0.0062020533, -0.018675994, 7.4771735e-05, -0.014991343, -0.013015998, -0.009204977, -0.0100163985, 0.011353249, 0.0053241216, 0.008499972, -0.00136096, 0.009165072, 0.0026387824, 0.016521072, -0.01322883, 0.033574224, -0.0026055274, -0.0064847204, -0.0059858956, 0.018463163, 0.020618085, 0.009298092, -0.036873117, 0.0048020184, 0.007030102, -0.013255433, 0.0035449804, -0.017492117, -0.00064182107, 0.020485066, 0.01289628, 0.009584084, 0.034319136, 0.008333697, -5.1259427e-05, 0.022187721, 0.0016170233, -0.025420103, 0.00869285, -0.006155496, 0.027322289, -0.006162147, 0.015017947, -0.0043996335, 0.013248783, 0.022493666, -0.009750359, -0.005420561, -0.011047303, -0.0067740385, -0.007023451, 0.019859873, 0.009071957, -0.020990541, 0.005566883, 0.016693998, 0.018596184, -0.011306692, 0.028945131, -0.006408234, 0.00941781, -0.044295628, 0.014392754, -0.016215127, -0.009850124, -0.009737057, 0.003628118, 0.020498367, -0.008573133, 0.00085797836, -0.0021632363, 0.00088375097, -0.031578925, 0.017891178, 0.0020002867, 0.0120848585, 0.01376756, 0.0042134053, -0.00022987502, -0.01028909, -0.0043730293, -0.016534375, -0.019633738, 0.006754086, 0.022826215, 0.0003980205, 0.01263024, -0.006890431, -0.03328158, 0.0032722896, -0.002648759, -0.00168769, -0.010588384, 0.0028582653, -0.002462531, 0.039932575, -0.009278138, -0.028572675, -0.00688378, -0.0031658737, -8.6670785e-05, 0.008499972, 0.0005894445, -0.012976091, -0.01644126, 0.0006667623, 0.019540625, 0.025606332, 0.0043896567, -0.004436214, 0.010501921, 0.0002988791, -0.011353249, 0.0028183593, 0.024755005, 0.0055768597, 0.004136919, -0.021642338, 0.02057818, 0.00019713966, -0.010142768, -0.010701451, 0.0067773643, -0.006657646, 0.006843874, -0.0012936186, -0.036474057, -0.0031592227, -0.008200677, -0.007881429, 0.0043331236, -0.0019055101, -0.0066177403, -0.009244883, 0.0035848864, 0.032031193, 0.0056766244, 0.0013725992, -0.0076220403, -0.012583683, 0.016534375, -0.0031226422, 0.01243071, -0.014924834, -0.015882576, -0.015456913, -0.011300041, 0.010069607, 0.0015280661, -0.022413854, 0.015550027, 0.00541391, 0.002118342, 0.004063758, -0.0074424637, 0.0013252108, -0.026843417, -0.0048884815, 0.004230033, 0.0005075541, -0.0055901613, 0.00638163, -0.020804314, -0.019859873, 0.0019420906, 0.008207328, -0.02177536, 0.0084135095, -0.0023478013, -0.002429276, -0.019261282, 0.0028965084, -0.0067042033, -0.012663495, 0.022373948, -0.012038302, 0.0015937447, -0.003150909, 0.028492864, -0.010255835, 0.023611033, -0.012005046, -0.02225423, 0.023198672, -0.0042400095, -0.01296279, 0.015217477, 0.00828714, -0.031951383, 0.003588212, -0.0058162953, 0.0038841811, 0.019354396, -0.014938136, -0.019700248, 0.03562273, -0.013740956, 0.02753512, 0.011991745, 0.0044694687, 0.00658116, -0.0038974832, -0.0053972825, -0.01918147, -0.02150932, -0.00537733, -0.016720602, -0.010994095, 0.013341896, -0.022041399, 0.0022247578, -0.009610688, 0.032430254, -0.009032052, -0.0027884298, -0.012490569, -0.011679147, 0.016547676, -0.0080344025, 0.006687576, -0.029424002, 0.011246833, 0.001032567, -0.006261912, 0.009750359, 0.006142194, -0.0061355433, -0.0076220403, 0.0051279175, -0.028625883, -0.0049483404, -0.019500718, -0.0058562015, 0.0076353424, -0.001734247, -0.013242131, 0.001138983, -0.0013052578, -0.002899834, 0.0031592227, -0.00688378, -0.0036713495, 0.0055236514, -0.01856958, -0.0061056134, 0.002780116, -0.018928733, 0.019021846, 0.023438107, -0.013740956, 0.0012237831, -0.00069669174, 0.0053340984, -1.8576022e-05, -0.00027996534, 0.014725303, 0.01891543, -0.011772262, 0.013109111, -0.013408407, 0.0027169315, -0.0003957342, -0.004223382, 0.0082671875, -0.015762858, -0.016893528, -0.016866924, -0.01056178, 0.006870478, -0.008646294, 0.0013293676, -0.008626341, -0.013860675, -0.042273726, -0.0004975776, -0.012543777, -0.028572675, -0.019354396, -0.013581333, -0.0025506567, 0.034877818, -0.011339947, -0.03080741, 0.016547676, -0.024648588, 0.02499444, -0.02057818, 0.015683047, 0.002316209, -0.0037544868, 0.010515223, 0.019952986, -0.015536725, -0.002031879, 0.018596184, -0.016960038, 0.008918985, 0.00344189, 0.017997593, -0.0015347172, 0.0050148503, -0.014618888, 0.010462016, 0.007987846, -0.030328538, -0.0030328538, -0.00059567974, 0.0036646985, -0.023211973, -0.0029862968, 0.02185517, -0.0021466087, -0.012005046, -0.001489823, -0.002713606, 0.0017874549, 1.5166088e-06, -0.028147012, -0.007848174, -0.014578981, 0.029503815, -0.024755005, -0.002204805, 0.0026853394, 0.0019454161, 0.0076752487, 0.010528525, 0.008473368, 0.00322407, -0.021695547, -0.014352848, -0.008859126, 0.005673299, -0.005729832, 0.025912277, -0.019075055, -0.0027718022, -0.03176515, 0.019474113, 0.002573935, 0.008586435, -0.0013144029, -0.0036780003, -0.0015621525, 0.0063849553, 0.018024197, 0.026670491, 0.009929936, -0.0042466605, -0.0040005734, -0.0012179635, -0.0019238003, -0.005646695, -0.020684596, -0.014406056, -0.020564876, 0.0011921909, -0.0073826048, 0.02079101, 0.009677198, -0.005084686, -0.014046902, 0.016973339, 0.011858725, 0.0018622787, 0.0033404625, -0.009271488, 0.0028100456, -0.0060690334, -0.0033221722, 0.0025872372, 0.018223727, 0.014073506, -0.005806319, 0.0133086415, -0.0049084346, -0.012304341, 0.0076286914, 0.010907632, 0.011300041, -0.015935784, -0.025606332, -0.0016344821, 0.008859126, 0.014485868, -0.008859126, 0.008041053, 0.011007397, -0.017465513, -0.00013738462, 0.021549225, 0.013421709, -0.0061854254, -0.01717287, -0.012370851, 0.016933434, -0.013102461, 0.0327495, -0.008194027, 0.017678345, -0.0003427341, 0.004419586, 0.021416204, 0.020697897, 0.020684596, 0.01229769, 0.0003323419, 0.018210424, 0.01883562, 0.018409954, -0.0149115315, -0.014046902, 0.012483918, -0.009231581, -0.010189325, 0.00022821227, -0.022041399, -0.01930119, -0.00928479, -0.00088208826, 0.009357951, 0.030647786, -0.022932632, 0.009677198, 0.0028050572, 0.0084135095, -0.0014224816, 0.010215929, 0.012956139, -0.011519523, 0.0029563673, -0.0038143457, 0.03094043, 0.008599737, 0.004309845, 0.025632937, -0.013215528, 0.017798062, -0.0021100282, -0.0062053786, 0.015935784, -0.014978041, -0.0074225105, 0.004303194, -0.017824667, 0.006823921, 0.0043131704, -0.031445906, -0.008067657, 0.0054039336, 0.013887278, 0.013860675, 0.01410011, 0.009796916, -0.019194772, -0.012344248, 0.009071957, 0.017452212, -0.011353249, -0.0095641315, -0.0035848864, 0.005467118, -0.02158913, -0.0100895595, -0.014352848, -0.0085598305, 0.015975691, -0.0005906915, 0.014352848, 0.0066343676, 0.02532699, 0.0025323664, 0.011838771, 0.005633393, 0.007402558, -0.0123642, -0.0140336, 0.008114214, -0.027322289, 0.0140336, -0.0059825704, -0.008772663, -0.0059160604, 0.019208074, -0.0028416377, 0.009444414, -0.0042732647, 0.0041801506, 0.0016527723, 0.004708905, -0.0047621126, 0.005157847, -0.0017242705, -0.037990484, -0.0075954366, -0.0077484096, -0.02772135, 0.0024907978, 0.014725303, -0.0064946967, -0.021629037, 0.0072961417, 0.017093059, 0.0280672, 0.011253484, 0.0066543208, -0.010116164, 0.009836822, -0.006108939, -0.013142367, -0.015935784, 0.022560176, -0.00995654, -0.0036979534, 0.0012861362, 0.010767961, -0.0033404625, -0.023185369, -0.038309734, -0.014951438, -0.0053407494, 0.014618888, 0.0037644634, -0.0074158595, 0.015683047, -0.0049549914, 0.0013002696, 0.006936988, 0.012590334, -0.0054970477, 0.006660972, 0.0053839805, 0.010495271, -0.011732356, 0.011792215, 0.0066177403, -0.0019304514, 0.013820768, -0.01984657, 0.007156471, -0.0023361621, -0.009584084, -0.010794565, 0.009238233, -0.0055036987, 0.00761539, 0.0028349867, -0.015430309, 0.011060605, -0.021642338, 0.026497565, 0.00085714704, -0.010262486, -0.008766011, 0.0047621126, -0.0008538215, 0.0017043175, 0.005221031, -0.0054072593, -0.02112356, -0.008293791, -0.003230721, 0.026404452, -0.005936013, -0.0038110202, -0.005526977, -0.003701279, -0.024236226, -0.0070700077, 0.002244711, 0.00076237036, 0.007163122, -0.025021045, 0.015656443, 0.011685799, 0.003668024, 0.029184567, 0.01102735, -0.002277966, 0.00030823206, 0.01830354, 0.023371598, -0.008712804, -0.005370679, 0.006547905, -0.0077018524, -0.004336449, 0.0044594924, 0.004951666, -0.0074225105, -0.024209622, -0.011699101, 0.00012803166, 0.02446236, -0.0017957687, -0.011326645, 0.036128208, 0.005500373, 0.01564314, 0.0055968123, -0.023411503, -0.0023444758, -0.014685398, 0.025034346, -0.008233932, -0.005886131, -0.005533628, 0.0017259333, -0.0022995817, -0.0044495156, 0.016627489, -0.005058082, -0.01690683, -0.012124765, 0.006255261, -0.0160422, 0.009604037, 0.009643943, 0.006374979, 0.011186974, -0.0043830057, -6.993937e-05, 0.0083403485, 0.009497621, -0.03836294, 0.006085661, 0.0059094094, 0.0076220403, 0.002316209, 0.008080959, -0.005284216, 0.0054804203, 0.013674446, 0.011931885, -0.0021964912, -0.0056566712, 0.010082909, -0.004309845, -0.02992948, -0.0075222757, -0.0063982573, -0.02177536, -0.005071384, -0.014379452, 0.0015297289, 0.02104375, 0.012310992, 0.013188924, 0.0049483404, -0.006730807, -0.01088768, -0.0076486445, -0.003807695, 0.019168168, -0.027481912, -0.007176424, -0.020711198, 0.011586034, 0.0033338114, 0.00828714, -0.005713205, -0.0054903966, -0.0022945933, 0.029716646, -0.015470215, -0.0100895595, -0.019021846, 0.009038703, 0.006611089, -0.0030544696, -0.0066277166, -0.004422912, -0.014725303, -0.011532825, -0.0027950807, -0.0013119088, 0.027016344, -0.0026005392, -0.015150967, 0.016122013, -0.009337997, -0.012849723, -0.0044794455, 0.0016220114, -0.0026737, -0.0056034634, -0.0020934008, 0.004569234, -0.013341896, 0.003343788, -0.03221742, 0.006956941, 0.018755807, -0.0011073907, -0.0027185944, -0.017465513, 0.008080959, 0.006534603, -0.009737057, -0.010488619, -0.001552176, -0.0104819685, 0.005290867, 0.014924834, -0.007941288, -0.008180724, -0.002931426, 0.0036780003, -0.023291785, -0.012404107, 0.0032357092, -0.0024974488, 0.009337997, 0.017651742, -0.0013817443, -0.022041399, -0.0009885042, 0.0075688325, 0.014592283, -0.012277737, 0.015323893, -0.004569234, 0.012736656, -0.01042211, -0.017704949, -0.018130613, 0.013647842, 0.0038974832, -0.00013831991, 0.0026304687, -0.0022131186, -0.017066455, -0.012849723, 0.020086005, -0.00624861, 0.029583627, 0.0075222757, 0.018157218, -0.0009552492, 0.0025622959, -0.020152515, -0.0076220403, 0.01884892, -0.0018157217, 0.017598534, -0.009883379, 0.018250331, -0.023211973, -0.0023078953, 0.004496073, -0.013295339, -0.0046956027, 0.015164269, 0.012936186, 0.03269629, 0.015017947, 0.004858552, -0.0010092885, -0.02378396, -0.0032506739, 0.008912333, 0.020697897, 0.006308469, 0.022773007, 0.018170519, 0.014845021, 0.0032523368, 0.008253885, -0.01710636, 0.0023611034, 0.009743708, -0.02398349, 0.009052005, 0.0019271258, -0.01376756, 0.01710636, 0.017279286, 0.012803166, -0.014472566, 0.0054637925, 0.0047355085, 0.015962388, -0.0008276332, -0.018436559, 0.010342298, 0.016534375, -0.011220229, -0.02306565, 0.0042433348, 0.0060590566, 0.0058295974, -0.004492747, -0.0043431, -0.025819164, -0.007063357, -0.009231581, -0.022639988, -0.0084866695, -0.026484262, -0.012490569, -0.00869285, 0.012803166, 0.011213578, 0.03376045, 0.022799611, -0.0021732126, -0.003917436, 0.02926438, 0.00024068289, 0.008061007, -0.0065844855, -0.00096106884, -0.011353249, -0.015111061, -0.016454563, -0.021376299, -0.00514787, -0.026603982, 0.011133766, -0.013794164, -0.0025273783, 0.017345795, 0.01175896, 0.00962399, -0.006388281, -0.00782157, 0.017545326, 0.017665043, -0.008712804, 0.012450663, -0.015257383, -0.016946737, 0.036899723, -0.013528124, 0.014991343, 0.010462016, -0.0032889172, 0.013428359, 0.0009693826, 0.004805344, -0.007469068, -0.016547676, 0.0027185944, 0.0062120296, 0.003654722, -0.029902875, 0.013674446, 0.012330946, -0.035569523, -0.023810564, 0.009909983, 0.009963191, -0.012330946, -0.012237831, -0.0053274473, 0.004964968, 0.00901875, -0.008626341, -0.01856958, 0.008061007, -0.011346598, 0.011147068, -0.009504273, -0.0020418556, 0.014871625, -0.008899031, 0.002687002, 0.01309581, -0.0016777136, 0.012450663, 0.0073826048, 0.008526576, -0.020125913, -0.023211973, -0.004070409, 0.012789864, -0.013714353, 0.0013800815, 0.005713205, 0.012264435, -0.028679091, 0.000110364956, 0.010634941, 0.0041202917, -0.007908033, 0.005217706, -0.0010566768, -0.007888081, -0.019141564, -0.0016560978, 0.022493666, 0.010309042, -0.012058254, 0.023837168, 0.021708848, -0.012291039, -0.02793418, 0.0067840153, -0.005952641, -0.00088458235, -0.0005067227, -0.026923228, -0.022147814, 0.00217155, 0.0035582825, -0.0061920765, -0.0016419644, -0.02278631, -0.008972192, 0.0016444586, -0.037006136, -0.010468666, 0.022746405, -0.00881922, 0.03761803, -0.01864939, -0.006843874, 0.00038908323, 0.021402903, 0.010495271, -0.017625138, 0.016361449, -0.0028017317, 0.0023012443, -0.004156872, -0.0029946107, -0.0075023226, -0.009703802, 0.005872829, 0.027588328, 0.02426283, 0.028838715, 0.022467062, 0.0012711715, -0.002500774, -0.0018040824, -0.0031143285, 0.005952641, 0.01984657, -0.00188722, 0.0227198, 0.0065745087, -0.016999943, 0.00016679449, -0.0027102805, -0.018330144, -0.00050589134, 0.0120848585, -0.020258931, -0.00855318, 0.0056932517, 0.023943583, 0.00023943583, -0.008393556, -0.030700995, 0.011233531, -0.009530876, -0.010960841, 0.015816066, -0.015589933, 0.028679091, 0.0077949665, -0.009677198, -0.0077816644, -0.00028391436, 0.008061007, -0.008872428, 0.0016028899, 0.020538274, 0.002124993, -0.025207272, 0.0028682416, -0.004516026, 0.028918527, -0.023704147, -0.0133818025, 0.011053954, 0.0037245573, 0.021017145, -0.008992146, -0.015443611, -0.017186172, -0.030355142, 0.031233074, 0.027016344, -0.0260586, 0.005819621, 0.031525716, -0.004831948, 0.0018855572, 0.0023478013, -0.01564314, -0.010934236, 0.0019420906, -0.012909582, 0.0023727426, 0.010335647, -0.017359098, 0.013248783, -0.0076552955, -0.0032889172, 0.007023451, -0.006903733, 0.026697095, -0.0066376934, 0.015988993, -0.025486615, 0.011073907, -0.009923285, 0.026284734, -0.006990196, 0.0021898402, 0.0036048393, -0.0061288923, 0.012424059, -0.007023451, 0.005097988, -0.003117654, 0.013534775, -0.017425608, -0.015443611, 0.017332494, -0.011672497, 0.017199473, -0.005633393, 0.007987846, 0.0016685685, 0.00822063, 0.019726852, 0.0019204749, -0.0026570726, 0.0147652095, 0.011406457, -0.0046723243, 0.022001492, 0.005872829, -0.008593086, 0.004991572, -0.03173855, 0.021176768, -0.0053241216, -0.0006014994, -0.028040595, -0.011832121, 0.0081075635, -0.00748237, 0.0036746748, 0.012723354, 0.0074956715, -0.010767961, -0.0028699045, 0.0040870365, -0.012224529, -0.013860675, -0.029290983, 0.023291785, -0.00070957805, 0.016002294, -0.0057497853, -0.045146957, 0.0035782354, -0.009012098, 0.02032544, -0.003581561, 0.0026387824, -0.0067607365, 0.02833324, 0.03716576, -0.009185025, 0.0054305377, 0.010521875, 0.00022883581, -0.007089961, -0.00828714, -0.00782157, -0.019128263, 0.008573133, 0.01883562, 0.011366551, 0.0035250275, 0.013727654, -0.011652544, 0.00094111584, -0.017359098, 0.013481568, -0.023930281, -0.013055904, 0.005297518, 0.017798062, -0.018223727, 0.035303485, -0.028918527, 0.019194772, -0.0065046735, 0.008140818, 0.01042211, 0.018622786, 0.010847773, 0.013448313, 0.013508172, 0.000627272, 0.013740956, -0.0400922, -0.013661144, -0.004110315, -0.0033404625, -0.0123176435, 0.0005778052, -0.0092581855, -0.0018489767, -0.017704949, 0.029424002, 0.0040803854, 0.0063916063, -0.029290983, -0.0001649239, -0.020684596, 0.026776906, -0.009663896, -0.008706152, -0.016787112, 0.024076603]"
駐車場,fromCluster,0.0182,11.0,0.5226,"[0.0022803962, 0.016958632, -0.0062279585, 0.026210038, -0.019117748, 0.020470614, -0.0012580613, 0.057448905, -0.019896671, -0.0040688417, -0.01545545, 0.019076753, -0.012859044, -0.0064602685, 0.015264136, -0.059744675, -0.031102214, -0.013262169, 0.026046054, -0.010016662, 0.012414921, -0.013234839, 0.01617971, 0.024652194, -0.008663798, 0.025021156, -0.00042661346, 0.010330964, -0.030336957, 0.003805785, -0.014348561, 0.0309109, -0.008595471, -0.016043058, 0.014334896, 0.052420076, 0.021919135, -0.01039929, -0.005220143, -0.018051855, -0.014198243, -0.015441785, -0.003406075, 0.01922707, -0.00607764, -0.029626362, -0.011082555, -0.027084617, -0.021481846, 0.011246539, -0.013672128, 0.024296897, 0.0060503096, 0.018079186, 0.02812318, 0.047418576, -0.007550076, 0.07581506, 0.00059614854, 7.019478e-05, -0.029025089, -0.013781451, -0.04329166, 0.03552977, 0.0040961723, 0.052119438, 0.025075817, -0.00913525, 0.010440286, 0.0010223349, -0.0036657157, -0.016535008, -0.033042684, -0.009360728, 0.022028457, -0.031703487, -0.0070922887, 0.024638528, 0.03845414, 0.027262265, -0.005736008, -0.026374022, -0.002478543, -0.006624252, -0.018653128, 0.0005654016, -0.0005713802, -0.04014864, -0.009640866, 0.0011308033, 0.018694125, -0.035803076, -0.035365786, -0.0026271532, 0.0009830472, 0.0057599223, -0.004007348, 0.012777052, 0.020525275, 0.0076184026, 0.020730253, 0.052447405, 0.031484842, -0.016234372, 0.04304568, 0.013822447, 0.005903408, -0.0044992985, 0.02495283, -0.055235125, 0.0032847954, -0.019459382, 0.055207796, 0.00704446, -0.052420076, 0.029134411, 0.011417354, -0.035338454, -0.0024102165, -0.016056722, -0.011239706, -0.06603071, -0.014211908, -0.0139112715, 0.026428683, -0.028341824, 0.007994198, 0.022042122, -0.005554943, -0.036295027, 0.009080589, -0.005886326, 0.010378792, -0.010617935, 0.020265633, -0.01641202, -0.013460317, 0.023572635, 0.0024341308, -0.057120938, -0.0076184026, -0.04348297, 0.00027992504, 0.024351558, 0.012886374, 0.023394987, -0.003079816, 0.038536135, -0.02905242, 0.029735684, 0.026046054, 0.0015663846, -0.014854177, 0.037934862, 0.029926999, -0.0309109, -0.042335086, 0.027262265, 0.007727725, -0.0012939327, -0.00657984, -0.014772185, -0.028287163, 0.010180646, -3.8673854e-05, -0.006600338, 0.048156504, 0.002984159, 0.031566832, 0.0012307307, -0.022752717, 0.0031088549, -0.0002752276, -0.047910526, -0.018516475, 0.01522314, 0.019131415, 0.039356053, 0.061603155, 0.016343694, 0.015961066, 0.0024922083, 0.03930139, -0.039793342, -0.0049024248, -0.00010206268, -0.036732316, -0.036267694, 0.004208911, -0.05028829, -0.032414082, -0.004407058, 0.042745046, -0.03744291, -0.013111851, -0.023490643, -0.0050971555, 0.029216403, 0.047801204, 0.025226137, 0.020935234, -0.009183079, -0.017764885, 0.0062621217, -0.03145751, 0.004335315, -0.0044446373, 0.014348561, 0.0030183222, 0.026483344, -0.02286204, 0.005513947, -0.012633566, 0.015810747, -0.015141148, 0.027576568, -0.019035757, -0.00641244, -0.0051825633, -0.019035757, 0.009661364, -0.013480814, -0.012483248, -0.00019590482, -0.0067711542, -0.01754624, -0.028915767, 0.008841447, -0.024419883, 0.029653693, 0.003195971, -0.053321984, -0.023900602, 0.031785477, 0.012216775, -0.036677655, 0.00921041, -0.033097345, -0.012278268, -0.017887872, -0.02954437, 0.02495283, -0.059252724, -0.016753653, -0.040968556, -0.008301667, -0.032168105, 0.014703859, 0.04167915, -0.03044628, -0.0156194335, 0.0048272656, -0.010556441, -0.0012221899, 0.02219244, 0.022903036, 0.034327224, -0.005684763, -0.037224267, 0.011396857, -0.028751783, 0.017600901, -0.044876833, -0.0032028037, 0.02582741, -0.014608202, -0.007160615, 0.032605395, 0.016343694, -0.02536279, 0.012004962, -0.011950301, 0.051135536, 0.025335459, 0.025759082, 0.033452645, -0.05580907, -0.028341824, -0.046434674, -0.019596035, 0.0063782767, 0.013009362, -0.006484183, -0.013064023, -0.031594165, 0.0205936, 0.023312995, 0.041897796, 0.05766755, 0.0091147525, 0.0004996374, -0.0056164367, 0.018871773, 0.039492704, -0.020033324, -0.0014502296, -0.015414454, -0.031102214, -0.029708354, -0.0067506563, -0.018284166, 0.007850712, 0.0076593985, -0.04066792, 0.019213406, -0.008185512, -0.012326097, 0.010508613, -0.02907975, -0.00030981787, 0.070840895, -0.031020222, -0.009401724, -0.020484278, 0.026838642, 0.014895173, -0.040968556, 0.008055692, -0.025868405, -0.016138714, -0.0008143662, -0.02402359, -0.04017597, -0.05673831, 0.00784388, 0.0402033, 0.022178775, 0.0010582063, 0.03276938, -0.012831713, -0.022096783, -0.0102216415, -0.011519845, 0.010740923, 0.0066891625, 0.005452453, -0.015100152, 0.015605768, 0.034846503, 0.01003716, 0.011670163, -0.010057658, -0.00018864514, 0.0151138175, 0.0047486904, 0.009394891, 0.07882143, -0.022465747, -0.016835645, -0.022698056, 0.00034077832, -0.026210038, -0.027330592, -0.012367093, 0.045505434, -0.0041679153, 0.00075031014, -0.012886374, -0.005438788, -0.003764789, 0.0006136572, -0.017997194, -0.0051381513, 0.022247102, 0.060728576, 0.06335231, 0.012729223, 0.04200712, 0.0295717, 0.011963966, -0.052502066, 0.007433921, -0.035447776, -0.018830778, 0.000737926, 0.0035666423, 0.009770687, 0.008725291, 0.0415425, -0.017395921, -0.018967431, -0.018461814, -0.009681862, 0.02030663, -0.015592103, 0.040093977, -0.003552977, -0.008766287, 0.0033394566, -0.015564772, -0.047855865, 0.0049639186, -0.011116718, -0.011212375, 0.009784352, 0.0101738125, 0.03328866, -0.008137683, -0.035010487, -0.030336957, -0.031266198, 0.038672786, -0.0022069453, 0.0053943754, 0.017149946, -0.0147448545, -0.024064586, 0.055153135, 0.0063987747, 0.034873836, 0.0068838927, -0.03293336, -0.014826846, 0.044439543, 0.039902665, 0.033397984, -0.0024529207, -0.018803447, 0.009900507, -0.032414082, -0.019623365, 0.025718087, 4.0408708e-05, 0.00944272, -0.021399854, 0.053349316, 0.0064192726, 0.0072699375, 0.028915767, 0.017969863, -0.005770171, 0.018188508, -0.01566043, 0.023613632, -0.0025229552, 0.019268068, 0.040093977, 0.00031045845, 0.00045821446, 0.03151217, 0.0036349688, -0.02585474, -0.00013163523, -0.011130383, -0.009285568, 0.020019658, 0.033015355, -0.005595939, 0.007802884, -0.0044412212, 0.0033907015, 0.033015355, -0.017614566, -0.017751219, -0.0040551764, 0.004796519, -0.037716217, 0.00043323258, -0.04159716, 0.01708162, 0.05452453, 0.04719993, 0.007761888, -0.03697829, 0.004099589, 0.022465747, -0.04804718, -0.010050825, 0.019500377, -0.010939069, 0.025349123, 0.009654531, 0.070840895, 0.017477913, -0.05266605, 0.008718459, -0.014649197, -0.058815435, 0.008752622, -0.046926625, -0.025239801, -0.011547175, -0.019008426, 0.013043525, 0.020853242, 0.012995697, 0.021290531, 0.015359793, -0.0071537825, 0.030746916, 0.030555602, 0.0044548865, -0.000113806294, -0.049523033, 0.021140212, -0.05761289, -0.027890868, -0.020962564, -0.02861513, 0.025841074, 0.004974168, -0.018120183, -0.024242235, -0.0037135442, -0.047281925, -0.007317766, 0.03230476, 0.003966352, -0.026947964, 0.016671661, 0.021659493, 0.008820948, 0.0023999675, -0.01780588, 0.028779114, 0.0022428166, -0.017600901, -0.0067301583, -0.030227635, 0.008568141, 0.0042874864, 0.011362693, -0.012428586, -0.0069624684, 0.03331599, 0.0018909354, -0.0090669235, -0.009449552, 0.051682148, -0.03558443, 0.03410858, 0.014157247, -0.012189444, -0.011232873, -0.0053158, 0.006685746, 0.016808314, 0.033070017, 0.0049639186, 0.0182705, -0.029435048, 0.003658883, 0.018079186, -0.00495367, 0.03369862, -0.03831749, -0.026497008, -0.010494947, 0.013248504, 0.025813743, 0.046325352, -0.012175779, 0.01292737, -0.012093787, 0.0042430745, -0.02567709, -0.015291466, 0.0015433243, -0.005517363, 0.020607267, -0.0028133427, -0.032058783, 0.026524339, -0.011492514, -0.0022598982, -0.012531077, -0.005114237, 0.03785287, 0.025130479, 0.0032215936, -0.020962564, -0.01212795, -0.012093787, 0.013262169, 0.022588734, -0.0066686645, 0.001781613, -0.0060571423, -0.0010607686, -0.021099217, 0.024556536, -0.0011572797, 0.027808877, 0.01664433, 0.034928497, 0.018748786, -0.009681862, -0.035639092, -0.030856239, 0.014485214, -0.02105822, 0.012004962, -0.0061323014, -0.0017867375, -0.008725291, -0.008814116, 0.009558874, 0.0042054947, -0.021317862, -0.0079600345, -0.0015424703, 0.03047361, -0.020402286, -0.029161742, -0.0021881554, -0.019336393, 0.025772749, -0.02379128, -0.024857173, 0.032523405, -0.008875609, 0.050479602, 0.013473982, -0.003785287, 0.038426813, -0.019896671, -0.010638433, 0.044931494, -0.021126548, 0.0018174844, -0.016576003, 0.0063338648, 0.0038877768, -0.026456013, 0.004991249, 0.005223559, 0.016985962, -0.027139278, -0.010235307, -0.015728755, 0.014471549, 0.023859607, 0.0026954797, -0.019035757, -0.011499346, -0.0062450403, -0.009736523, 0.014225573, 0.027781546, -0.0075227455, 0.0355571, -0.028779114, -0.008643299, 0.005421706, -0.011704326, -0.014471549, 0.019568704, -0.019937666, -0.0073109334, 0.0045607924, -0.010740923, 0.030828908, -0.007830215, 0.03233209, -0.0047726044, 0.0013187011, -0.0102968, -0.0083768265, 0.012100619, -0.004861429, -0.005708677, 0.017819546, -0.013207508, 0.0025041655, 0.021823477, 0.017395921, -0.023244668, 0.013371492, -0.03419057, 0.0011470307, -0.019254401, 0.007392925, 0.010665763, 0.023121681, 0.0048648454, -0.023299329, 0.00415425, -0.020443283, -0.018147513, -0.0030439447, 0.0005145838, 0.01963703, 0.0037579564, -0.020579936, -0.00784388, -0.0056506, -0.026456013, 0.0037921197, -0.028970428, -0.025198806, -0.01842082, -0.008404157, 0.0033565382, -0.033343323, -0.023217337, -0.006487599, -0.008028361, 0.028751783, -0.0136243, -0.010549609, -0.012722391, -0.019951332, 0.004799935, -0.006409024, 0.0051928125, 0.031648826, -0.013924937, 0.005981983, -0.00900543, -0.009668197, 0.017026959, 0.015045491, 0.0024700023, 0.032168105, 0.02164583, -0.0036008055, -0.010973233, -0.004622286, 0.013644798, 0.00030746916, 0.01891277, -0.014621867, -0.035393115, -0.012203109, 0.031047553, -0.035338454, -0.014362226, 0.00030426634, -0.02379128, -0.0092035765, -0.011642832, -0.014389557, 0.024009924, -0.006316783, 0.014662863, -0.009053258, 0.024242235, 0.012688227, -0.014225573, -0.0025485777, 0.042745046, -0.017969863, 0.02446088, -0.007878043, -0.007823382, 0.01731393, -0.011089387, -0.0029055835, 0.0159474, 0.04023063, 0.012114285, 0.022506742, -0.020443283, -0.02164583, -0.0042772377, 0.045122806, -0.024447214, 0.030692255, 0.0002931633, 0.013214341, -0.017245604, 0.007925872, 0.018543806, 0.0067506563, -0.008404157, -0.033124678, 0.020019658, 0.0027364756, 0.033780612, 0.00052782206, -0.004352397, 0.00343853, -0.011048391, -0.011171379, -0.019828344, 0.01382928, -0.020730253, 0.0012324388, -0.0062655383, 0.018653128, 0.0025263715, -0.0034658606, -0.0089781, -0.008212843, 0.0029499957, -0.010337796, -0.04285437, 0.03369862, 0.002203529, 0.03741558, 0.04676264, 0.0006286036, 0.039438043, -0.006463685, 0.0309109, -0.0007746515, 0.019801013, -0.016220706, 0.0026220286, -0.02768589, -0.021919135, -0.004861429, 0.0025485777, 0.009306067, 0.016944967, 0.010283135, 0.02998166, 0.020921567, 0.0022786881, 0.020648262, -0.0120186275, 0.027275931, 0.028724452, 0.012414921, 0.0054866164, -0.0044036414, -0.030391619, -0.021399854, -0.013822447, 0.011410522, 0.015824413, -0.024638528, 0.0033087097, 0.014813181, -0.006791652, -0.010768253, 0.005937571, 0.023394987, -0.0057189264, 0.004881927, 0.013665296, -0.013023027, -0.009285568, 0.035639092, 0.015496446, -0.0156194335, -0.010576939, 0.0106316, 0.011554007, -0.023135345, 0.011424188, -0.01847548, -0.015195809, -0.008677463, -0.017177276, -0.0050356616, -0.00343853, -0.029243734, 0.0016116508, 0.004427556, 0.030582933, 0.030391619, 0.007085456, -0.009340229, 0.007105954, 0.018694125, 0.0072904355, 0.0098048495, 0.0021010393, 0.011191878, 0.034491207, -0.026879637, -0.005073241, -0.018024525, 0.024187574, 0.00050134555, 0.021973796, -0.044248227, -0.013747288, -0.012223607, -0.0017448874, -0.008950769, -0.032988023, 0.028396485, -0.022807378, -0.022301763, -0.006853146, 0.022206105, 0.021071887, -0.02353164, -0.035393115, 0.027262265, -0.023271998, 0.0005534445, -0.018434484, -0.03429989, -0.0073314314, -0.006600338, -0.04342831, -0.020634597, 0.00016825396, -0.02242475, 0.0060127303, -0.03328866, 0.014608202, 0.040503938, -0.026674658, 0.011758987, -0.033507306, -0.00015928611, -0.005144984, 0.024091916, -0.016193375, -0.00052013533, -0.007987365, 0.006740407, 0.013248504, 0.030282296, 0.016958632, 0.039410714, 0.0229167, -0.0020839577, -0.03878211, 0.0020361291, 0.016207041, 0.009422221, -0.004547127, 0.017245604, 0.0037237932, -0.022561403, 0.014867842, -0.01940472, -0.019623365, -0.0124354195, 0.00045992262, 0.008937104, -0.00047145272, -0.02443355, 0.002001966, 0.018666795, 0.017600901, -0.0025349124, 0.021809813, 0.0047896863, 0.045806073, 0.025499443, 0.017259268, -0.046052046, 0.033507306, 0.018120183, 0.017860541, -0.00947005, 0.0013315122, 0.0032437996, -0.03380794, 0.014703859, -0.021126548, -0.03878211, -0.02768589, -0.011554007, 0.00392194, -0.009333397, 0.0030610263, -0.025567768, 0.027084617, 0.03733359, -0.030227635, -0.026360355, 0.0057530897, -0.011041559, 0.03968402, -0.008083022, -0.017026959, 0.0014015469, -0.010002997, -0.036213033, 0.033397984, 0.013070855, 0.038973425, -0.011273869, 0.02056627, -0.014348561, 0.009996164, 0.010440286, 0.005103988, -0.009613535, -0.0017047457, 0.0056403507, -0.055153135, -0.017450582, 0.020374956, 0.030746916, -0.012326097, -0.010576939, 0.0131255165, -0.011943469, 0.010344629, -0.0295717, 0.009668197, -0.0094358865, 0.04345564, -0.014717524, 0.0042259926, -0.034573197, 0.0118819745, -0.0033445812, 0.022684392, 0.009606703, 0.00094632176, -0.0053123836, -0.02196013, -0.039656688, 0.016056722, 0.001729514, 0.025690757, -0.021399854, -0.008424655, 0.021413518, 0.025062153, 0.01501816, -0.014799516, 0.014129916, 0.0043489803, -0.042389747, 0.024556536, 0.018871773, -0.04017597, 0.017532574, 0.018776117, 0.049222395, -0.022834709, 0.0022633146, -0.007399758, 0.0032113446, 0.010939069, 0.024706855, -0.00843832, 0.03410858, 0.015933735, -0.015387123, 0.0202793, 0.03132086, 0.018571137, 0.0055856896, 0.002162533, -0.0050971555, -0.008779952, 0.011437853, 0.023709288, -0.0046257027, 0.010693094, -0.005841914, -0.024419883, 0.013077688, -0.011970799, -0.005988816, -0.0151138175, 0.009586205, -0.022479411, 0.013412488, 0.030528272, -0.013323664, 0.011936636, -0.0038536135, 0.0037442911, -0.0016261702, -0.013480814, -0.0059341546, 0.020388622, 0.00461887, -0.013549141, 0.0046359515, 0.00061835465, -0.0018157762, 0.01153351, -0.03233209, 0.001791862, 0.01013965, 0.009497381, -0.029353056, 0.0010898074, 0.0029858672, -0.0020173392, -0.006801901, 0.005356796, -0.017655563, -0.0103104655, 0.0285878, 0.006695995, 0.009640866, -0.052830033, -0.0084656505, -0.013350994, 0.004471968, 0.012045958, -0.03230476, 0.016084053, -0.021358857, -0.0092035765, 0.01612505, -0.0018191925, 0.015414454, -0.0034726933, 0.02995433, -0.018325161, 0.0021386188, -0.016398355, -0.02567709, -0.0042123273, 0.019623365, 0.03607638, 0.0038399482, 0.0027416, 0.006989799, -0.012852211, 0.029380387, -0.0021386188, 0.010016662, 0.0138634425, 0.018202174, -0.014676528, -0.01359697, -0.0044207233, 0.008103521, 0.0055446937, -0.00027373296, 0.017792216, -0.011506179, -0.023394987, -0.008793618, -0.025704421, 0.013385157, -0.0030354038, 0.0154827805, -0.0060673915, 0.008656965, -0.012626734, -0.00761157, -0.008650132, 0.0021710738, -0.00398685, -0.014690193, -0.0020105066, -0.0076047373, -0.0038775278, -0.00033415918, -0.00045949558, 0.0073245987, 0.024966495, 0.005609604, 0.017969863, -0.019609699, -0.013275835, 0.0033172506, 0.010583771, -0.0017380548, 0.007939537, 0.03044628, -0.0010197727, -0.01003716, 0.0013793408, 0.0309109, 0.018051855, -0.0018431068, 0.0017952783, 0.012476415, -0.016507678, 0.0016953507, -0.008007864, 0.038590796, -0.023982594, 0.005619853, 0.022178775, 0.00040248566, 0.0007733703, -0.007932704, -0.013583304, 0.0041884133, 0.0071742805, 0.028068518, 0.017901538, 0.014498879, 0.008315332, -0.016835645, -0.0005654016, 0.012004962, -0.0032950444, 0.030500941, 0.00073963415, 0.030172974, -0.0041918294, 0.0009300942, 0.006706244, 0.016521342, -0.020689258, -0.0054114573, 0.010365127, -0.014403222, 0.015195809, -0.011840979, -0.021878138, -0.016999628, 0.01037196, 0.004817017, -0.013248504, -0.004389976, 6.19876e-06, 0.00164496, 0.025950396, -0.020866906, 0.02012898, 0.031785477, 0.0322501, -0.0065559256, -0.0015544274, -0.038864102, -0.012906872, -0.006842897, 0.013303165, 0.010016662, -0.010433453, -0.012319264, -0.013385157, 0.0006209169, 0.019268068, -0.005090323, -0.03274205, -0.012483248, 0.0028902101, 0.011253371, -0.00022675851, -0.037716217, 0.0070581255, 0.012011795, -0.020921567, 0.02707095, 0.012749721, 0.0038980257, 0.03369862, 0.00088824425, -0.02146818, -0.013760953, -0.021563837, 0.0045915395, -0.011369526, 0.00890294, -0.015537442, 0.010617935, -0.006463685, -0.014280234, -0.032496072, 0.0041918294, -0.03279671, 0.025116814, 0.018830778, -0.001549303, 0.0037477075, 0.028779114, -0.011027894, -0.014020594, 0.0034231567, 0.0016535008, -0.009388058, 0.0064807665, 0.010611102, -0.018516475, -0.005746257, 0.009019095, -0.007966868, 0.014867842, 0.0054797838, 0.008315332, -0.0033548302, 0.0063816933, 0.012121118, 0.03785287, 0.0132895, 0.007433921, -0.013166512, 7.030154e-05, 0.009948336, -0.024091916, -0.006525179, 0.025636096, -0.0032096363, 0.0038604462, 0.010214808, 0.02815051, -0.008875609, -0.0113012, -0.012373925, 0.014334896, -0.014457883, -0.061056543, -0.008684295, -0.00411667, 0.013528643, 0.038481474, -0.00070077344, -0.022083119, 0.015373458, 0.0055241957, 0.022001127, 0.041241862, -0.012059623, 0.0024717103, 0.02707095, -0.0057633384, -0.0029243734, 0.01824317, 0.0051825633, -0.00088739017, 0.00016526468, 0.013412488, -0.0054148734, -0.0017278058, -0.022547739, 0.03194946, -0.02564976, -0.026018724, 0.008766287, -0.0077755535, -0.03000899, -0.008042026, 0.0069863824, -0.013187011, 0.041460507, -0.0041303355, 0.035065148, 0.0047828536, 0.01777855, -0.03708761, -0.019473046, -0.0019575537, -0.020907903, -0.0067028278, -0.0011051808, 0.0044992985, -0.011834146, 0.004079091, 0.0029773263, -0.015633099, -0.006740407, 0.034135908, -0.00082589634, -0.0012409796, -0.0033804525, 0.021276865, -0.018598467, 0.006675497, 0.005442204, -0.018174844, -0.00023914268, 0.012578905, -0.0016936426, -0.007932704, 0.009271903, -0.01408892, -0.0054490366, -0.04621603, 0.010597437, 0.018079186, 0.0015732172, -0.012305599, -0.0028201754, -0.005206478, 0.0029482876, -0.016657995, -0.0070786234, 0.0098048495, -0.014430553, -0.015045491, 0.02469319, -0.020265633, -0.03200412, 0.016453017, 0.02521247, -0.014498879, -0.029462378, -0.00085664325, -0.026865972, -0.00013483803, -0.018721456, -0.0017243895, -0.00936756, -0.0009002014, 0.004482217, -0.004738441, 0.04613404, 0.0105427755, 0.022055788, 0.010071323, -0.008369993, 0.023804946, -0.012114285, 0.010652098, 0.0009343646, 0.007816549, 0.0015125774, 0.025936732, 0.030692255, -0.0034129077, -0.013460317, -0.015182144, 0.008520312, -0.0024016758, 0.0070581255, 0.017218273, -0.006559342, 0.046489336, -0.0016816854, -0.013549141, 0.0002594271, 0.010228474, 0.008793618, -0.009333397, 0.016316364, 0.0023572636, 0.0102216415, -0.024939165, 0.027371587, -0.019650696, 0.006043477, -0.013945434, -0.027795212, -0.009750188, -0.044494204, 0.026742984, 0.01658967, -0.07204344, 0.010570106, -0.021290531, 0.021194873, -0.0049400046, 0.008226508, 0.0069317212, 0.0122987665, 0.0189401, 0.012982031, -0.00375454, -0.00013878816, -0.0139112715, 0.0027074367, -0.011485681, -0.024447214, -0.019855674, -0.0025144145, 0.0047521065, -0.00132895, -0.006665248, -0.02120854, 0.019883005, -0.010918572, 0.003983434, -0.01643935, 0.00076312135, -0.01305719, -0.011342196, -0.0018328578, -0.0016236079, 0.02631936, 0.010720424, 0.05042494, 0.021809813, -0.028259832, 0.0073860926, 0.017696558, 0.024337891, 0.0054490366, 0.0031071466, 0.025239801, -0.014840512, 0.00132895, -0.028013857, -0.016999628, 0.0022018207, -0.034381885, 0.0013784867, -0.0053738775, -0.0022325676, 0.0107272575, -0.009285568, -0.013685794, -0.011089387, -0.004092756, -0.014621867, 0.024980161, 0.029243734, 0.02585474, -0.008923438, 0.013419321, -0.0011820481, -0.00042426473, 0.008055692, -0.0051005716, -0.008561308, 0.01844815, 0.0028662959, 0.01876245, -0.012852211, 0.0063953586, -0.01803819, 0.028697122, -0.0011530094, -0.03615837, 0.014867842, 0.02817784, 0.0070171296, -0.010262637, -0.0006781403, 0.016999628, -0.021768816, -0.009094254, -0.0048033516, 0.008035194, -0.0016996212, 0.008240174, 0.01751891, 0.010276303, -0.010255804, -0.014252904, 0.00065465306, -0.029134411, 0.0014963499, 0.02489817, 0.01600206, -0.010891241, -0.022725387, -0.0011837563, 0.011232873, 0.009531544, -0.00041935378, 0.011253371, -0.0061493833, -0.029353056, 0.020866906, 0.009265071, -0.006993215, 0.008445153, 0.011758987, 0.013200676, -0.02100356, -0.0061664646, 0.016289033, -0.0051176534, -0.032523405, 0.013883941, -0.0042772377, 0.0026100716, -0.0008993473, 0.0029961162, 0.0047828536, -0.0041679153, 0.028915767, -0.0038843604, 0.0113012, 0.006040061, -0.019090418, -0.008042026, -0.02120854, 0.006487599, -0.0041303355, -0.0054148734, -0.0072494396, 0.020210972, -0.020415952, 0.011109886, -0.015742421, -0.0048443475, 0.0090669235, -0.008943936, 0.0098048495, 0.0031823057, 0.017067954, -0.0077208923, 0.010460784, 0.03047361, 0.020183641, 0.0046325354, -0.0070034643, -0.011991297, -0.013631132, -0.0041303355, 0.00538071, -0.00017540688, 0.025977727, -0.011355861, 0.012660896, 0.013767785, -0.030746916, 0.011683828, -0.0103582945, -0.017997194, 0.024939165, -0.004735025, 0.008602303, 0.021919135, -0.012640399, -0.0053192163, 0.01292737, 0.0068258154, -0.025567768, -0.0008728708, 0.012278268, -0.008991765, -0.0037067116, 0.034436546, 0.021878138, -0.0004723068, -0.008288002, 0.008615969, 0.012291933, 0.033015355, 0.0052372245, -0.007994198, -0.00015971315, -0.007994198, -0.0028782529, -0.018817112, -0.0059341546, 0.018489145, 0.006231375, -0.014922503, 0.0056437673, -0.0055276123, 0.0058897426, 0.0012896623, -0.025581434, 0.026401352, -0.0077413903, -0.00250929, 0.012373925, 0.0056608487, 0.007946369, -0.006169881, 0.021331526, 0.02660633, -0.002953412, 0.020197308, 0.005705261, 0.00029060105, 0.017928869, -0.00618013, 0.022520408, 0.009948336, -0.005103988, 0.0049707512, 0.004366062, -0.018967431, 0.0061425506, -0.0059717344, 0.008253839, -0.032195438, -0.00010996293, 0.008643299, -0.0008848279, 0.005503698, 0.022493077, -0.012961533, 0.008827781, 0.0018841027, 0.017928869, 0.01169066, 0.014375892, -0.012524243, -0.009353895, 0.0066515827, 0.0076935617, 0.03424523, -0.012503746, -0.013685794, 0.0010701634, -0.002097623, 0.0013306582, 0.006316783, -0.013562806, -0.03274205, 0.0019985496, 0.0004629119, -0.0034299893, 0.0001619551, 0.020415952, 0.018284166, -0.009333397, -0.014799516, -0.022001127, 0.016453017, 0.021167543, 0.010904906, -0.0056574326, 0.001149593, -0.010207976, -0.0042430745, 0.024966495, -0.016917637, -0.008841447, 0.002172782, 0.026811311, 0.017915202, -0.015523776, 0.010740923, 0.0023043104, -0.0064568524, -0.023217337, -0.013514978, 0.007140117, 0.02768589, -0.006726742, 0.016617, 0.0036281361, -0.019937666, -0.011615502, 0.013651631, -0.023121681, 0.018694125, -0.028915767, -0.0013793408, 0.00210958, -0.0057633384, -0.00877312, 0.021741485, 0.0035871402, 0.009449552, 0.0067643216, -0.010365127, -0.01873512, -0.010180646, -0.007891708, 0.005326049, -0.027808877, 0.011629167, -0.023422318, 0.006528595, 0.03088357, 0.012339762, 0.011772652, 0.011752155, 0.015168479, -0.00028035208, -0.013924937, -0.0053909593, 0.013870276, 0.0005987108, -0.0022974778, 0.014485214, 0.030664925, 0.0138634425, -0.0025349124, 0.01966436, 0.026865972, -0.008595471, -0.0035256464, -0.010658931, -0.013426153, 0.008527145, -0.013603802, -0.010658931, -0.013296333, 0.015633099, 0.0020053822, 0.0038706951, 0.021386188, 0.029298395, -0.0060366443, 0.011294367, 0.0065525095, 0.012032293, -0.039929993, 0.0017243895, 0.016480347, 0.0067130765, 0.0038706951, 0.0056642652, -0.019732688, -0.04064059, 0.020525275, 0.012162114, 0.0020190475, -0.0116496645, 0.006822399, -0.026155377, 0.0063646114, 0.0038946094, -0.0047281925, -0.005821416, 0.013808781, 0.0059717344, -0.01169066, -0.010843412, -0.022083119, 0.022657061, 0.0052372245, -0.01313235, 0.0023077268, -0.031348187, 0.0020361291, -0.031594165, 0.005226976, -0.00611522, -0.00095144624, 0.017327596, 0.0065422603, -0.03932872, -0.0019302231, -0.0068907253, -0.00084383204, 0.00704446, -0.0022701472, 0.0016159213, -0.010119151, 0.01777855, -0.008677463, -0.018694125, 0.019158745, -0.0027057286, -0.010850245, -0.0037067116, 0.009101087, 0.028724452, -0.03883677, -0.018803447, -0.007912206, 0.0011325114, 0.021386188, 0.0074817496, -0.0058965753, 0.005462702, -0.0022428166, -0.013555974, 0.006856562, -0.015742421, -0.012148448, 0.020374956, -0.020415952, -0.009060091, -0.014102586, -0.004745274, -0.007570574, -9.127991e-05, -0.005127902, 0.010645266, -3.472373e-05, 0.011834146, -0.0020207555, -0.014389557, -0.02515781, -0.03599439, 0.031703487, 0.020402286, 0.003532479, -0.009866344, -0.0076184026, 0.013467149, -0.02521247, -0.0065730074, -0.00584533, -0.0005175731, 0.01708162, -0.016521342, -0.01638469, -0.021386188, 0.02910708, -0.025376454, 0.0070581255, -0.015059156, -0.0013460317, -0.0049844165, 0.018981095, -0.007160615, -0.013740455, 0.021850808, 0.013706292, -0.00031195307, -0.009791184, 0.035393115, 0.004704278, -0.01935006, 0.0004795665, 0.012182611, 0.011205543, -0.022903036, 0.007160615, -0.03561176, -0.0075637414, 0.010153315, 0.01643935, -0.013105019, 0.017997194, -0.020525275, -0.004837515, -0.022096783, 0.015346128, 0.017846877, -0.003332624, 0.0012085246, 0.0040449277, -0.015195809, -0.010262637, 0.021167543, 0.017942533, 0.008158182, 0.019609699, -0.002340182, 0.013651631, 0.010563274, -0.012660896, 0.0057189264, -0.0023999675, 0.009155748, -0.0014570622, -0.010016662, -5.909173e-05, -0.0049639186, -0.011861477, -0.0033719118, 0.016562339, -0.014047924, -0.007454419, -0.0019063088, -0.02864246, -0.0145125445, 0.008260671, 0.0010872451, 0.008342663, 0.014635532, 0.021782482, -0.003120812, 0.0044788006, -0.0016586253, 0.00160311, -0.007591072, -0.013344161, -0.0052577225, -0.014922503, 0.027152942, 0.011506179, 0.00036084923, 0.02562243, 0.03276938, 0.018612133, -0.013993263, 0.0024426717, 0.010665763, 0.0219328, -0.015633099, -0.003459028, -0.009429054, -0.019555038, -0.010672596, 0.00061878166, -0.0034641526, 0.0020190475, -0.00025985413, 0.030856239, 0.00750908, 0.0062621217, -0.005906824, -0.0025912817, -0.03151217, 0.0014792683, 0.012367093, -0.028205171, 0.015769752, 0.036786977, -0.038208168, -0.0019046006, -0.0062621217, -0.019063087, 0.009101087, 0.017505243, -0.0022786881, 0.006959052, 0.001645814, 0.01891277, -0.026975295, 0.039356053, -0.033507306, -0.032058783, -0.023859607, 0.0073450967, 0.011622334, -0.0037477075, -0.002077125, 0.0025178308, 0.009463217, -0.01336466, -0.022260766, -0.01236026, 0.009497381, -0.007768721, 0.027562901, -0.0042259926, 0.018721456, 0.0061083874, -0.0106794285, 0.005729175, -0.008568141, -0.014047924, 0.029845007, -0.0043728948, 0.03517447, -0.006487599, 0.004694029, 0.0069829663, -0.008595471, -0.0024443797, -0.0147448545, 0.020429617, 0.024734186, 0.0033360403, -0.0032181772, 0.026674658, -0.022001127, 0.018789781, 0.025581434, 0.009039593, 0.020142647, -0.026196372, 0.016835645, 0.0085134795, 0.011205543, -0.026988959, 0.017095285, -0.021358857, 0.010768253, -0.0025263715, 0.0087457895, 0.014280234, -0.017641896, -0.013412488, 0.0075227455, 0.020839576, 0.009087422, 0.01922707, -0.0058692447, 0.008274336, 0.012141615, 0.003764789, -0.010549609, 0.0022650228, -0.012093787, -0.008431488, 0.0010607686, -0.0071537825, 0.0109664, 0.00025985413, -0.011041559, -0.00026177583, -0.014211908, 0.020839576, -0.0067745703, -0.017860541, -0.009060091, -0.008684295, -0.0031327691, -0.0012051082, -0.00077635964, 0.000337362, -0.033452645, 0.009299234, -0.008636467, 0.013426153, -0.004567625, -0.023244668, 0.004079091, -0.01568776, -0.0022171943, 0.013303165, 0.0012409796, 0.0035051485, 0.005770171, 0.02998166, -0.04799252, -0.00010435802, -0.015277801, -0.0056642652, 0.00056155823, -0.0145125445, -0.0033138343, -0.016302697, -0.023244668, -0.0034983158, 0.0051108208, -0.025431115, -0.00495367, 0.014799516, -0.010453952, -0.0032420915, 0.021331526, -0.018256836, 0.01917241, 0.0023043104, -0.0012879542, 0.000748602, 0.0013016195, 0.039656688, -0.015154813, 0.006060559, -0.0049024248, -0.013467149, 0.014649197, 0.007768721, 0.013146015, -0.013918104, -0.021304196, 0.0057770037, 0.022465747, -0.004881927, 0.014444218, -0.022411086, 0.025868405, 0.020210972, 0.00088397384, -0.003583724, -0.012893206, -0.018338827, -0.0030183222, -0.00823334, 0.0015236805, 0.015851744, 0.004694029, 0.0016569172, -0.025991393, -0.021686824, -0.0042567397, 0.013904438, -0.011062057, -0.0013725081, 9.775224e-06, -0.007905373, -0.0072562722, 0.008896108, -0.008178679, -0.03738825, -0.007474917, 0.027494576, -0.0046120374, 0.014006929, 0.01937739, 7.772137e-05, 0.024597533, -0.010494947, -0.013931769, 0.006176714, 0.016931301, 0.007864377, 0.024160244, 0.012982031, -0.016248036, -0.0011453226, 0.013029859, 0.033452645, 0.007030795, -0.0120186275, -0.010850245, 0.02056627, -0.0013972765, 0.0057838364, -0.0030763997, -0.0068804766, -0.0087457895, -0.008342663, -0.008684295, -0.0019985496, -0.0079737, -0.012585738, -0.0115130115, -0.0010052533, 0.0032950444, -0.018311497, -0.0043182336, 0.0034607362, 0.021591168, 0.005589106, -0.00657984, -0.012715558, -0.006210877, -0.00026625974, -0.019527707, 0.014184577, -0.009374393, 0.014020594, 0.012196276, -0.015277801, 0.02539012, 0.019418385, 0.0015578438, -0.017382257, -0.001940472, -0.004987833, -0.009401724, -0.019008426, 0.0013434694, 0.0068394807, -0.009347063, -0.01646668, 0.019609699, -3.0239806e-05, 0.021509176, 0.011390024, 0.025321793, -0.00035209488, 0.020689258, -0.0038331156, 0.013890773, 0.014690193, -0.017477913, -0.011089387, 0.010652098, -0.015605768, -0.008855112, -0.015906405, -0.011123551, -0.0031993873, -0.011916138, 0.015851744, -0.005206478, 0.0005777858, 0.028423816, -0.0011401981, 0.016166044, -0.016835645, -0.0013614051, 0.031020222, 0.013200676, -0.0034146158, 0.013084521, -0.006316783, 0.01571509, -0.017860541, 0.003956103, -0.014854177, 0.024351558, -0.011868309, 0.009695527, -0.0019763433, -0.019145079, -0.013952267, 0.008957601, -0.014020594, 0.0126199005, -0.01687664, -0.021919135, -0.0077413903, -0.016958632, 0.012811215, -0.022670725, 0.0322501, 0.0131255165, 0.012947868, 0.014854177, 0.011109886, 0.0131255165, 0.014157247, 0.0023077268, -0.018543806, -0.011526677, -0.016507678, 0.005168898, 0.0038194503, -0.012312432, 0.011082555, -0.0029141244, -0.007864377, -0.028560469, -0.0075569088, 0.004861429, -0.0152504705, 0.003165224, 0.01731393, 0.0134056555, 0.0054148734, -0.014567206, -0.0009898798, 0.014198243, -0.018393489, 6.539058e-07, -0.01060427, -0.014908838, 0.008677463, 0.02239742, -0.03380794, -0.0007306663, -0.011595003, 0.0013750704, 0.014198243, -0.0008182096, 0.0058350815, 0.0028304243, -0.004577874, 0.0036042219, 0.005695012, 0.009811683, -0.0116974935, -0.0018960598, 0.008137683, 0.009278736, -0.01336466, 0.009230907, -0.010180646, 0.006706244, -0.008165014, 0.008937104, -0.0014357101, 0.012749721, 0.01290004, 0.010214808, -0.0042225765, 0.0038467809, 0.016207041, 0.013180178, -0.012025461, 0.012080122, -0.002234276, -0.02719394, -0.004113254, 0.0059204893, -0.0048853434, -0.010002997, 0.0076389005, -0.017409587, -0.017669227, 0.0019302231, -0.020661928, -0.0086979605, 0.02053894, 0.0031600997, 0.0014835387, -0.010925404, -0.001403255, 0.013296333, -0.0013631133, -0.024037255, -0.0069624684, -0.0054148734, 0.010378792, -0.0015339295, -0.009183079, 0.026688322, -0.018530142, 0.01145835, -0.0063748606, 0.015742421, 0.0022411086, 0.008199178, -0.012168946, -0.012640399, 0.014375892, -0.014895173, -0.00041892673, -0.0042567397, -0.012893206, -0.01969169, 0.007160615, 0.018776117, -0.012585738, -0.013931769, 0.006569591, -0.021891804, 0.006357779, -0.0031515588, -0.008226508, -0.0116974935, -0.00081991777, 0.016780984, -0.0043592295, 0.00096938194, 0.019035757, 0.0039800173, 0.0112807015, 0.0049024248, -0.017901538, 0.0075979047, -0.020880572, 0.0055207796, 0.02817784, -0.018502811, -0.0026852307, 0.0050971555, 0.0010103778, 0.031976793, 0.035393115, 0.0011333654, -0.0036964626, -9.7471995e-05, -0.014047924, 0.011342196, -0.024242235, 0.008363161, -0.019008426, 0.0028833775, -0.011390024, 7.265026e-05, 0.018434484, -0.021618498, 0.012264603, -0.030090982, 0.0036076382, 0.0031327691, -0.018133847, 0.016657995, -0.006791652, -0.014895173, 0.005285053, -0.0054148734, -0.006777987, 0.0012725807, -0.018065521, 0.011827313, 0.00021298644, -0.0025571184, 0.007789219, 0.010330964, -0.010009829, -0.00037793085, 0.013255337, 0.018994762, -0.015469115, 0.0043626456, -0.013323664, 0.009695527, 0.007768721, -4.1236097e-05, -0.0022803962, -0.0031242282, -0.00031558293, 0.017491579, 0.0022411086, 0.010515445, 0.001518556, 0.0055822735, 0.006221126, 0.023750285, 0.003764789, 0.006275787, 0.01016698, -0.001307598, -0.01246275, 0.0017508661, 0.0012324388, -0.007823382, -0.0014502296, -0.0039526867, -0.012203109, 0.024214905, -0.007857545, 0.009087422, 0.0029790346, 0.00093351054, 0.0132895, -0.001592861, 0.016630664, 0.013180178, -4.088913e-05, 0.012093787, 0.0030763997, -0.022821045, -0.003026863, 0.01986934, -0.0074817496, 0.010262637, -0.013918104, 0.015510111, 0.01829783, 0.020894237, -0.0008677463, -0.0014613325, 0.0033377486, 0.012257771, -0.00063543627, -0.023736618, -0.011861477, -0.014813181, -0.00014636813, -0.014266569, 0.00010932237, 0.018653128, -0.025021156, -0.013473982, -0.009128418, -0.00491609, 0.018721456, 0.012442252, -0.01842082, 0.0054797838, 0.011287535, 0.0073109334, 0.0015885907, 0.03238675, 0.0060913055, 0.016453017, -0.015359793, 0.0179562, -0.006316783, -0.0074407537, 0.004335315, 0.0028885019, 0.01829783, -0.04397492, -0.013535475, 0.009695527, -0.008581806, -0.02262973, 0.0025673674, 0.0059751505, 0.020484278, -0.023490643, -0.011970799, 0.0020224638, -0.026988959, 0.009613535, -0.0021112883, 0.018489145, -0.023804946, -0.0057530897, 0.006525179, 0.0017952783, -0.0099415025, 0.0002993554, -0.018461814, -0.006641334, -0.013228007, -0.012052791, 0.011369526, -0.0025502858, -0.00019184794, 0.0037784544, 0.0029909916, 0.008738956, -0.0023880105, 0.0272486, 0.0074680843, 0.013719957, 0.013070855, 0.008055692, 0.0034624443, 0.010945902, 0.007673064, -0.010672596, 0.0015885907, 0.024638528, 0.011567673, -0.00090190955, 0.003891193, 0.008062525, -0.018598467, 0.0025895736, 0.018516475, -0.002331641, -0.0022308596, 0.005654016, -0.013610635, -0.023859607, 0.017477913, 0.010898073, 0.0026083633, 0.030090982, 0.0105427755, -0.0094358865, -0.0084656505, -0.013303165, -0.0151138175, -0.0249255, 0.011635999, -0.00016238214, -0.0024512124, -0.013166512, 0.0010838287, -0.004957086, -0.028997758, 0.0032677138, 0.00095144624, -0.0023435983, 0.008691128, 0.0145125445, -0.0031976793, -0.0111440485, -0.0032762547, -0.005872661, -0.015701424, 0.008848279, -0.010235307, 0.017942533, 0.013870276, -0.033561967, 0.0042225765, 0.00345732, 0.028697122, 0.01432123, -0.0036144708, -0.015154813, 0.0041269194, 0.012941035, 0.006190379, 0.011615502, -0.017382257, 0.02335399, 0.016685326, -0.04334632, -0.011567673, 0.0070717908, -0.003300169, -0.008807283, 0.0047691884, -0.003195971, 0.021358857, -0.0016628957, -0.0048272656, 0.042581063, 0.009347063, -0.025595099, -0.028287163, -0.0013964224, 0.021659493, 0.0064397706, 0.0034624443, -0.013275835, 0.0019387639, 0.018694125, 0.012708725, -0.0059409873, 0.009299234, -0.01736859, 0.006084473, 0.00092924014, -0.026647327, -0.027152942, 0.007515913, 0.011581338, -0.005978567, -0.004355813, 0.0054661185, 0.0022206106, -0.0014100877, 0.013344161, 0.006135718, 0.005872661, -0.006074224, -0.0077755535, 0.0056232694, -0.008950769, -0.00010985617, 0.008083022, 0.023271998, 0.021618498, -0.0039048584, 0.007570574, -0.008178679, -0.0011922971, 0.007666231, -0.048402477, 0.026920633, 0.0036554667, 0.0026356939, -0.016794648, 0.0135423085, 0.0067130765, -0.0019216823, 0.00010740069, -3.1734446e-05, -0.0059751505, 0.009244572, 0.016398355, 0.019104084, 0.00019590482, 0.0139591, -0.002107872, 0.0025451614, -0.027931865, 0.003826283, -0.0046017882, -0.018147513, 0.012681395, 0.009326564, -0.0073860926, -0.0031122712, -0.010433453, -0.026838642, 0.0048238495, -0.009230907, -0.003049069, -0.017792216, 0.010686262, -0.0242559, -0.02030663, -0.0022701472, 0.017477913, 0.0017167028, 0.009982498, -0.0007883168, 0.0011786318, -0.02338132, -0.009880009, 0.014854177, 0.008800451, 0.025349123, 0.028533138, -0.005705261, 0.030391619, 0.012100619, 0.007857545, 0.0008532269, 0.0047486904, 0.0016466682, 0.01966436, -0.007167448, 0.00060554344, -0.009360728, 0.015838077, -0.0024597533, -0.008930271, 0.020402286, -0.0032489242, -0.013070855, 0.007905373, 0.0027381836, 0.0077755535, 0.015783416, -0.0011547175, 0.003395826, 0.031840138, 0.018789781, -0.00242559, -0.011711159, 0.0013246796, 0.019281732, -0.005906824, 0.011062057, -0.01385661, -0.00080796063, 0.009121585, 0.007980533, 0.0106316, 0.02332666, 0.0075022476, -0.010330964, 0.008861944, 0.012312432, -0.023135345, -0.0019199741, 0.0053123836, 2.6116195e-05, 0.01754624, 0.007085456, 0.017286599, 0.0011436144, -0.009825348, 0.00047187976, -0.020880572, 0.015346128, -0.019801013, -0.011287535, -0.0021471595, -0.020634597, -0.0008323019, -0.031293526, -0.0212632, -0.005906824, -0.0116974935, -0.011314865, -0.00046974455, 0.01757357, 0.02079858, 0.009558874, 0.00571551, 0.012578905, -0.011041559, 0.01119871, 0.002224027, -0.011150882, 0.0102216415, -0.007727725, -0.0035563933, -0.0048648454, 0.016453017, -0.015168479, -0.013241672, -0.023750285, 0.00052013533, -0.03230476, -0.022520408, 0.025868405, -0.0003416324, -0.00561302, -0.019486712, 0.021372523, 0.008725291, 0.0075569088, 0.015318797, -0.011820481, -0.010494947, 0.013146015, 0.026333025, -0.00026882198, 0.007925872, -0.012059623, -0.0028321326, 0.0135423085, -0.009306067, 0.0025964063, 0.009770687, -0.003573475, -0.014594536, -0.014799516, -0.0020070903, -0.026524339, 0.012852211, -0.01734126, -0.01643935, 0.012039126, -0.010303633, -0.002246233, 0.017231937, -0.017669227, 0.020251969, -0.010023494, 0.010713592, -0.0026715654, -0.0058145835, 0.015332462, 0.0015783417, 0.0020446698, -0.013303165, 0.012660896, -0.001518556, 0.0009839013, -0.012025461, 0.01192297, 0.0083768265, 0.004735025, -0.006818983, 0.013419321, 0.0033667872, 0.0016902263, -0.018120183, 0.004564209, 0.026975295, -0.01638469, 0.00010793449, 0.0031327691, -0.016043058, -0.0015902988, -0.00094290543, 0.009770687, 0.0063646114, 0.016562339, -0.006528595, 0.0011350736, -0.012995697, -0.005261139, 0.008185512, 0.0051108208, 0.01359697, 0.029134411, 0.0057223425, -0.0066071707, 0.0012700184, 0.005729175, 0.009558874, -0.016548673, -4.0542156e-05, 0.015510111, -0.0066891625, -0.009565707, 0.01003716, -0.008656965, 0.010105486, 0.014936169, 0.011943469, 0.008691128, -0.006327032, -0.0073724273, 0.02242475, -0.019445715, 0.007673064, -0.015906405, 0.008677463, -0.012004962, 0.022711722, 0.005903408, -0.014635532, -0.026592666, -0.009811683, -0.022547739, 0.019035757, -0.008609137, -0.02864246, -0.005305551, 0.010918572, 0.034573197, 0.0033787445, 0.0062621217, 0.00060597045, -0.0058931587, -0.016685326, -0.0061015547, 0.008581806, -0.017710224, 0.023449648, 0.01176582, 0.0076798964, -0.011977632, -0.034518536, 0.0019148496, -0.035502438, -0.012674562, 0.0034402383, 0.024037255, -0.006094722, -0.013808781, 0.006757489, 0.012394424, -0.00737926, 0.0056608487, -0.033234, 0.004912674, 0.020976229, 0.008950769, 0.027426248, 0.017040623, 0.035748415, 0.03547511, 0.009312899, -0.018639464, -0.0017850293, 0.012879541, 0.002827008, -0.008404157, 0.012879541, 0.017395921, -0.036568332, 0.008383659, 0.01801086, -0.0028253, -0.0050869063, 0.013241672, 0.0019353476, -0.00051202154, -0.0070581255, 0.022998692, 0.0013665296, -0.009128418, -0.02079858, 0.003552977, 0.004577874, -0.00028910642, 0.0058487467, 0.016234372, -0.004957086, -0.0068907253, -0.0057325917, 0.014963499, -0.016562339, 0.01099373, -0.02030663, -0.0038604462, -0.018489145, -0.013514978, 0.013105019, -0.010084989, -0.004174748, 0.0021044556, 0.0079600345, 0.00096425746, 0.0050049145, 0.007283603, -0.0073314314, -0.015414454, 0.006327032, 0.025567768, -0.009073757, -0.0051210695, 0.023859607, 0.014635532, 0.014444218, -0.0053192163, 0.007905373, -0.005807751, 0.0152504705, 0.029243734, -0.0029909916, -0.0017320763, -0.0020224638, -0.00061963574, 0.0072357743, -0.016193375, -0.012831713, -0.009722858, -0.006081057, 0.0007140117, -0.011424188, -0.005103988, -0.018106516, 0.0072562722, 0.02338132, -0.00015565626, -0.0009659656, -0.003098606, 0.012305599, 0.0205936, -0.014731189, 0.012995697, -0.0107272575, -0.027330592, 9.1546804e-05, 0.009374393, -0.008171847, 0.023121681, -0.01455354, -0.018557472, -0.00097365235, 0.009558874, -0.025895735, -0.00069436786, -0.0012802674, 0.018147513, -0.00015597654, 0.006566175, -0.00970236, -0.0405586, -0.015797082, 0.0017508661, -0.009087422, 0.016275367, 0.023285665, 0.0054832, 0.015428119, 0.0008865361, -0.0012537909, 0.0005103134, 0.027754216, 0.015059156, 0.0012418338, 0.0034914832, 0.011103053, 0.00083913456, 0.022957698, 0.008971266, 0.0023675126, 0.0005598501, 0.0107272575, -0.015346128, -0.003395826, 0.008629634, 0.0042259926, 0.016944967, 0.001053936, 0.008663798, -0.027125612, -0.0049092574, 0.009053258, 0.010672596, 0.013781451, 0.0012495205, 0.011547175, 0.028833775, 0.008650132, 0.0032950444, 0.00854081, 0.027726885, -0.0054285387, 0.0103582945, 0.024966495, -0.024911834, -0.0025366205, -0.010788751, -0.020347625, -0.014184577, 0.0019097251, -0.02123587, 0.0056642652, 0.008622802, -0.00947005, 0.015291466, 0.0004364354, 0.0113012, -0.016234372, -0.00068668113, 0.014840512, -0.01153351, 0.011171379, 0.013480814]"
スタッフ,fromCluster,-0.5833,12.0,0.5701,"[-0.000476582, -0.019906633, -0.019695794, -0.0018887582, -0.03802114, 0.029798456, -0.023069205, 0.05295551, -0.017684048, -0.0043112, 0.0022159966, 0.01747321, -0.04511936, 0.014925582, 0.0280239, 0.016041268, -0.0163136, 0.0034744365, -0.0027958013, -0.013432145, 0.022348842, -0.021118952, -0.0020139434, 0.034524743, 0.013300371, 0.004405638, 0.02020532, 0.01793881, 0.021523058, 0.012773276, -0.003621584, 0.02465049, -0.011174421, -0.017165737, -0.0073222322, 0.04016466, 0.032679908, 0.036439855, 0.0044781137, 0.005899075, -0.05147964, -0.017894886, -0.02696971, 0.017807037, -0.026653452, 0.005402727, -0.031625718, 0.012632717, 0.014995862, 0.018325347, 0.029464629, 0.040726896, -0.015127636, 0.011016292, -0.0013287194, 0.0025102913, 0.052322995, 0.08145379, 0.005964962, -0.020855404, -0.059772607, -0.04937126, -0.01408223, 0.026143927, 0.046243828, 0.016454158, 0.029482197, 0.03626416, -0.0019590375, 0.024527501, -0.012817201, -0.028550996, -0.013274017, 0.04385433, -0.010761529, 0.012536083, 0.019537667, 0.013484855, -0.0017350221, -0.00074397307, 0.015048571, -0.0002402127, 0.020943254, -0.011394043, -0.0015549312, -0.016375095, -0.0018217731, -0.10078062, -0.011077787, 0.032310944, 0.027584655, 0.002411461, 0.014802593, -0.03896991, 0.026337195, 0.025581691, -0.04174595, -0.034261193, 0.02807661, -0.01909842, -0.024299094, -0.0074012964, 0.0035095762, -0.04726288, 0.03352326, 0.046489805, -0.004945911, -0.020626996, 0.02245426, -0.0139768105, 0.013915316, -0.014222789, -0.005841973, 0.0064657023, -0.022840796, -0.0020644567, -0.035842482, -0.038899634, -0.01909842, -0.02920108, 0.034559883, -0.018975431, -0.033066444, -0.03148516, -0.014916797, 0.011982634, -0.025546553, -0.0021215586, -0.008714642, 0.009979671, -0.018571325, 0.00037226107, -0.016252106, 0.046243828, -0.0056530973, 0.0045418045, 0.024878899, 0.029798456, -0.029851165, -0.0022928645, -0.016506867, -0.008077736, -0.032240663, -0.0012562438, -0.019414676, -0.007164104, 0.028919963, -0.00476582, -0.007937177, 0.0042716684, 0.0058727204, -0.037986003, 0.003002247, 0.027637364, 0.0069620507, -0.02916594, -0.070982166, 0.014864088, -0.03354083, 0.03148516, -0.022665098, -0.006738035, -0.030079572, 0.047438577, 0.003544716, -0.010032381, 0.022858366, -6.5955544e-05, 8.791785e-05, 0.033312425, -0.03264477, -0.00085982424, -0.015101281, -0.044100307, -0.022225851, 0.051093105, 0.042027067, 0.014828948, 0.004282649, -0.0067468197, 0.0067116804, 0.053271767, 0.04374891, -0.023842277, -0.017657693, 0.019555235, 0.024053115, 0.025142446, 0.012202256, -0.035104547, -0.009153889, -0.03608846, 0.020591857, -0.054677352, 0.028199598, 3.5414218e-05, 0.0029429488, 0.00842474, 0.06602747, -0.020943254, -0.0039773732, -0.030501248, 0.01465325, -0.005565248, 0.0038324222, 0.017824607, -0.011947494, -0.011613667, -0.0041289134, 0.0200999, -0.0011826701, -0.02366658, 0.019397108, 0.02236641, -0.009496501, 0.007471576, -0.011411614, 0.009619489, 0.04367863, -0.010831809, -0.007814188, -0.0043419474, 0.0038455995, 0.018501045, 0.00034178837, 0.000790643, -0.04582215, 0.015848, -0.019836353, 0.017042749, -0.02573982, 0.0025278612, -0.01690219, 0.014389702, -0.0025037026, -0.07196608, 0.0063207513, -0.011560957, -0.015681086, -0.02920108, -0.04244874, 0.029886303, -0.020293169, 0.029464629, -0.0040037283, 0.024228815, -0.022067724, 0.013071964, 0.000113929455, -0.026073648, -0.04511936, 0.0022379588, 0.013730832, -0.0046955408, 0.055204447, 0.05035517, 0.04596271, 0.007893252, 0.00066326157, 0.0052929153, 0.0059429994, -0.016673781, -0.034401752, -0.0086751105, 0.011675161, -0.02793605, 0.0044144234, -0.01802666, 0.01065611, 0.001716354, -0.002497114, 0.009241737, 0.020837834, 0.009505285, -0.028638845, 0.009347157, -0.011771795, -0.008095305, 0.014530261, -0.021610908, 0.007748301, 0.005003013, -0.026671022, -0.017613769, -0.04034036, 0.0473683, -0.011174421, -0.05288523, 0.04371377, -0.005231421, -0.005099647, 0.024193674, 0.025581691, -0.007128964, 0.023280043, 0.021628477, 0.009338371, 0.018360486, 0.017271155, -0.006215332, 0.007691199, -0.0032328512, 0.011332549, -0.033962507, 0.035315387, 0.014864088, -0.0046384386, 0.017719187, -0.02921865, -0.0010756039, 0.037845444, -0.0224894, 0.00837203, -0.030184992, -0.0114906775, 0.024246383, -0.018219927, 0.0054554367, -0.026073648, -0.047825113, -0.021979874, 0.0019853923, -0.021101382, -0.012026558, 0.032310944, 0.008600438, 0.00958435, -0.010418917, 0.00840717, 0.009145103, -0.016067622, -0.04487338, -0.025581691, -0.038899634, 0.008885948, -0.0122549655, 0.00963706, -0.017745541, 0.021646047, 0.004945911, -0.0046384386, 0.035051838, -0.018694313, 0.025774961, -0.015522957, 0.028392868, 0.008635578, 0.00036814314, 0.035350524, 0.0012902854, 0.00060286524, -0.04582215, 0.018905152, 0.01401195, 0.012377955, -0.022717807, 0.03037826, -0.018202359, 0.008973798, 0.006579906, 0.007089432, -0.02022289, 0.001716354, -0.019238979, 0.083281055, -0.0056003877, 0.011350119, 0.011938709, 0.017525919, 0.029763315, -0.032363653, 0.00018640506, 0.0036259764, -0.0031515907, -0.023139484, -0.016542008, -0.020609427, 0.0013946063, 0.00033849402, 0.0067292503, 0.02255968, 0.0071070017, -0.003193319, 0.016805556, -0.008323713, 0.0019842943, 0.0025959443, 0.04726288, -0.014196434, 0.03271505, -0.039567288, 0.00865754, -0.0006039634, -0.010006026, 0.03854824, -0.0012178097, 0.037704885, -0.031151332, 0.022647528, -0.035543792, -0.017877316, 0.013159812, -0.035649214, -0.025669541, 0.0057804785, -0.029780885, -0.004506665, 0.044627402, 0.024949178, -0.025142446, -8.31136e-05, -0.035578933, 0.022243422, -0.019414676, 0.025599262, 0.0315203, 0.03275019, -0.013845037, 0.018290207, -0.014697175, 0.030026862, 0.0051611415, -0.007357372, 0.0070323297, -0.021277081, 0.041991927, 0.0178861, 0.010208079, -0.02236641, 0.013124673, -0.027672503, 0.00787129, -0.015373613, 0.015373613, 0.018518616, -0.012825985, -0.0076165274, -0.004403442, -0.0012595381, 0.008776137, -0.007721946, -0.0052402057, 0.0048756315, -0.014574185, 0.004774605, -0.016366309, 0.008130445, -0.011069002, 0.02816446, 0.011473108, -0.026073648, -0.041324273, -0.013133458, -0.032820467, -0.030659378, 0.016252106, -0.012079268, 0.011719085, -0.015206699, 0.0004708169, 0.012852341, 0.038794216, -0.0043507325, -0.013599059, 0.0011804738, -0.019467387, -0.053131208, 0.001972215, 0.0039510187, 0.0020457886, 0.003678686, 0.008789314, 0.070630774, 0.012808416, -0.006843454, 0.02022289, -0.025493843, -0.016471729, -0.029570047, -0.010252004, -0.01292262, 0.024035545, -0.008402778, 0.014222789, 0.054466516, 0.014301852, -0.0070586847, 0.024017977, 0.034700442, 0.017104242, 0.077658705, 0.025037028, 0.021452779, -0.033242144, 0.002345574, -0.020872975, 0.0025388424, -0.051971596, -0.008341284, -0.028322589, 0.015435108, -0.0071904585, -0.0029802846, 0.022278562, -0.034841, 0.012834771, 0.021013534, 0.013484855, -0.016612288, 0.027883342, 0.0626892, 0.04139455, -0.016498083, 0.031959545, -0.0073793344, 0.0041684452, 0.013203737, 0.0037577504, -0.013932886, -0.016954899, 0.022243422, 0.017622553, -0.031590577, -0.008297359, 0.022928646, -0.021804176, 0.019572806, 0.0027628578, -0.028761834, -0.006101128, -0.003707237, -0.009522855, 0.041359413, 0.03608846, -0.02800633, 0.058823835, -0.036580414, 0.039180752, 0.0002679401, -0.009180243, -0.02008233, 0.027268397, 0.028480716, 0.02702242, 0.036404718, 0.002877062, 0.012140762, 0.001362761, 0.02034588, -0.027285967, 0.0051611415, 0.015479032, 0.042554162, -0.027567085, 0.025616832, -0.03608846, -0.048176512, 0.010243218, 0.007625312, 0.0075067156, 0.012290105, -0.009039684, 0.026214207, -0.023174623, -0.011394043, -0.032873176, -0.03150273, 0.020714846, -0.014214003, 0.023859847, -0.004170642, 0.019713365, 0.0051699267, 0.009645844, 0.006663363, 0.0470169, -0.0023982837, -0.03608846, 0.004374891, -0.0020919095, 0.027725212, -0.033997647, -0.009944531, -0.017947596, 0.002505899, 0.02008233, 0.020714846, -0.030747226, -0.038899634, 0.010796669, 0.0069400882, 0.012131977, 0.009997241, -0.0057321615, -0.020433728, -0.008358853, 0.002049083, 0.0048448844, 0.010858163, -0.036439855, -0.0063602836, 0.032187954, -0.0012804023, 0.013555135, 0.008582869, -0.00011626295, 0.037423767, 0.025423564, -0.02809418, 0.049933497, 0.024474792, 0.019467387, 0.0122110415, -0.00071432395, 0.01895786, 0.058964394, 0.015347258, 0.026143927, -0.013950456, 0.024035545, 0.015716225, -0.01813208, 0.0031054697, 0.0015944632, 0.011868429, 0.026249345, 0.007186066, -0.015197915, 0.017789466, 0.0011266662, -0.00031653172, -0.00094492815, -0.000762641, -0.024140965, -0.011104141, 0.022419121, 0.024123395, 0.027707644, 0.013379436, 0.039918683, 0.0062943962, -0.0069356957, 0.02024046, 0.05495847, -0.026337195, -0.024791049, 0.013335511, -0.021786606, 0.011947494, -0.0053017004, 0.004170642, 0.0039005054, 0.002563001, 0.028638845, 0.0032548136, -0.0005032113, 0.01901057, 0.008011849, 0.0033712138, -0.022981355, 0.013203737, -0.0143106375, 0.016779201, -0.0023521627, 0.02140007, 0.047473717, -0.0514445, 0.02565197, -0.008196332, 0.033470552, 0.007849327, -0.04051606, 0.0017877315, 0.042202763, -0.0004925047, -0.002602533, -0.024105825, -0.020293169, 0.004787782, -0.012044128, -0.02932407, -0.017218446, 0.030817505, -0.003878543, 0.024088256, -0.0029495375, -0.033013735, 0.0064305626, -0.021892024, -0.009891822, -0.036229018, 0.017174521, -0.041218854, 0.008148015, 0.013186168, 0.007884467, -0.020855404, 0.037248068, -0.011965063, 0.014943152, -0.0026706161, -0.009988456, -0.01895786, -0.02024046, 0.009795188, 0.029640326, -0.0005567444, 0.008490627, -0.020820264, -0.023912556, 0.002696971, -0.016770415, -0.0022006228, 0.028867252, -3.9017406e-05, 0.016682567, 0.02475591, 0.0016921955, -0.003964196, 0.023912556, 0.015786504, -0.026829151, -0.024263954, -0.019238979, 0.03385709, 0.0015362632, 0.00906604, 0.025388423, 0.0039993357, 0.0057453387, -0.0030286019, -0.028146889, 0.017359005, 0.0010684661, -0.0111568505, 0.017798252, 0.013985596, -0.0005098, 0.0041684452, -0.023877418, 0.036369577, -0.0139768105, -0.0191687, -0.008798099, -0.0043990496, 0.016700136, 0.0072387755, 0.0014528064, 0.024386942, 0.008152408, -0.0039092903, -0.017394146, 0.01626089, -0.026425045, -0.018641604, 0.022594819, -0.03137974, 0.024053115, -0.020416157, 0.001419863, -0.028603705, 0.021066243, 0.011859644, 0.020504007, 0.006535982, 0.00872782, -0.0033185042, -0.025616832, 0.011508248, -0.02141764, 0.0034261195, 0.017692832, 0.006377853, 0.015962202, 0.015066141, 0.020785125, -0.014275498, -0.011437968, -0.01909842, -0.010884518, -0.0013232288, -0.016085193, -0.03129189, -0.016770415, -0.015522957, -0.012000203, -0.026917001, 0.004757035, -0.010682465, -0.0025410387, 0.05372858, 0.01568987, 0.030430969, 0.027795492, 0.009241737, -0.031783845, 0.016585933, 0.027637364, 0.02136493, -0.0019107205, 0.007484753, 0.001324327, -0.0019304865, -0.00508647, 0.008833239, 0.010401348, 0.015461463, -0.013845037, -0.04153511, 0.014521476, -0.023297613, 0.027567085, 0.014301852, 0.025564123, -0.015479032, 0.0036149954, -0.015821645, 0.011710301, -0.0052182437, -0.031713568, 0.0124482345, 0.016006127, 0.03255692, 0.007234383, 0.005916645, 0.024632921, -0.003803871, 0.0202756, -0.019484956, -0.023982836, -0.0061055208, 0.007229991, -0.010366208, 0.024386942, 0.011332549, -0.014328208, -0.0060923435, -0.006044026, -0.007902037, 0.009918177, -0.017288726, -0.023736859, 0.0018492261, -0.010743959, 0.004831707, -6.705366e-05, -0.017666478, -0.025774961, 0.020012053, -0.010875734, 0.0006374559, 0.040937737, 0.01906328, 0.021821747, -0.002782624, -0.020293169, -0.032328513, 0.01070882, -0.0180618, -0.0022862758, 0.0075726025, -0.033365134, -0.023877418, -0.0010783492, -0.010858163, -0.028726695, -0.0007944864, -0.04476796, 0.01909842, 0.01895786, -0.018905152, -0.016339954, 0.0012430664, 0.044240866, -0.034612592, 0.006549159, -0.027127838, 0.024000406, 0.009689769, 0.008429132, -0.060405124, 0.038302258, -0.045189638, -0.00785372, 0.008249042, -0.027338676, -0.012316461, -0.016137902, -0.017965166, -0.0235963, 0.008811276, 0.034524743, 0.019959342, -0.053482603, 0.0016779201, 0.06486786, -0.011666376, -0.018588895, -0.027830632, 0.013414576, -0.003241636, -0.027514376, -0.009092394, -0.014161294, -0.01458297, -0.011631236, 0.017736757, -0.0024509933, 0.013563919, -0.0039729807, 0.013379436, -0.021558197, -0.020925684, 0.016199395, -0.0030725263, -0.003298738, -0.011007507, 0.016014913, -0.014609325, -0.0021676794, -0.015681086, 0.010199294, 0.0061714076, -0.00014165687, 0.009145103, 0.013634198, 0.0049810507, -0.025370855, 0.029042952, 0.03717779, 0.006452525, -0.001210123, -0.0016263087, 0.012070483, 0.04139455, 0.018079368, 0.042097345, 0.02818203, 0.024228815, -0.019730935, 0.021435209, 0.0009322998, 0.013493639, -0.018360486, -0.00073134474, -0.027338676, -0.019871494, -0.046946622, -0.029728176, -0.024878899, -0.01577772, -0.01795638, -0.03589519, -0.02482619, 0.047719695, 0.03586005, -0.031783845, 0.012843556, 0.04385433, -0.0043814797, 0.013467285, -0.019520096, -0.041851368, 0.014846518, 0.015865568, 0.020609427, -0.004262883, 0.007177281, 0.035649214, -0.002077634, 0.005771694, -0.007080647, -0.023139484, 0.01749078, -0.013291586, 0.017016394, -0.022735378, 0.017051533, -0.018184789, -0.01804423, 0.04522478, -0.0017207465, 0.011525817, 0.004726288, 0.03473558, -0.018870013, -0.027883342, -0.01697247, 0.0011574135, 0.0063690683, -0.020679707, 0.0011255681, 0.001953547, -0.027637364, 0.023420602, 0.023051634, 0.027373817, -0.03166086, 0.0079108225, -0.013678123, -0.005718984, -0.024386942, -0.015935848, -0.009224168, -0.018694313, 0.03044854, 0.005881505, -0.008130445, -0.0016559578, 0.03788058, 0.0017295314, 0.031116193, 0.0030329942, 0.0034612592, -0.013669338, 0.015057356, 0.027602224, 0.033154294, 0.0070850393, 0.041956786, -0.014714744, 0.010497982, 0.010866948, -0.019326828, 0.010252004, 0.020626996, -0.0013078552, 0.030518819, 0.020012053, -0.024404513, 0.014495121, 0.037564326, -0.003964196, -0.013801112, -0.0100587355, 0.0040015317, -0.017578628, -0.020978393, -0.022665098, -0.0071333563, 0.017218446, -0.0015801878, -0.01069125, 0.0101378, -0.002734307, 0.0077439086, 0.0073134475, 0.007673629, 0.034524743, -0.026302056, 0.010840594, 0.004344144, -0.007875683, -0.0042101736, -0.014196434, -0.00094218284, -0.0016361917, -0.0024048723, 0.046454668, -0.003582052, 0.021610908, -0.0061143055, -0.009092394, -0.00011543936, 0.0074759685, 0.005024975, -0.009926962, -0.0044188155, 0.019520096, -0.016691351, 0.003267991, 0.00052489905, -0.010006026, 0.007849327, -0.002859492, -0.0041772304, -0.026073648, -0.009522855, -0.02245426, 0.028779404, 0.0043375553, -0.020012053, -0.015276979, -0.010374993, 0.021593338, -0.009760048, 0.0063690683, -0.0010086189, -0.01062097, -0.006615046, -0.02147035, 0.01747321, 0.00787129, 0.000953164, -0.006852239, -0.0076868064, -0.0012518513, 0.010594616, -0.002201721, -0.010041165, 0.0180618, -0.006900556, -0.0024751518, 0.022577249, 0.02472077, 0.020064762, 0.002830941, 0.0096282745, -0.0024773479, 0.0036830786, -0.0039576073, 0.005099647, -0.009408651, 0.0114906775, -0.012202256, 0.018694313, -0.036650695, 0.039532147, 0.019976912, -0.0020545735, -0.034331474, 0.0061230906, 0.01294019, 0.0045769443, -0.023473311, -0.01236917, -0.019660655, -1.7981636e-05, 0.045435615, 0.020609427, -0.017727973, -0.019730935, 0.021681188, -0.016524438, 0.026565604, -0.0010690151, -0.0050161905, 0.0032262625, 0.030799937, 0.0006550257, 0.013282802, -0.016085193, -0.0017108636, -0.0044276007, -0.0011969456, 0.018378057, -0.014178864, 0.030922925, -0.029447058, 0.009557995, -0.022278562, 0.007748301, 0.018167218, 0.006281219, 0.01465325, -0.0067468197, -0.009909391, -0.0036457425, 0.003316308, 0.011481892, -0.0055257156, -0.007985494, 0.018395627, 0.010225649, -0.025037028, -0.018993001, 0.013115888, 0.004106951, 0.0044144234, 0.007893252, 0.019537667, 0.004280453, -0.018782163, -0.0063602836, -0.031941976, -0.008402778, 0.002754073, 0.0037006482, 0.011121711, 0.013071964, -0.005679452, -0.02261239, 0.005420297, -0.018764593, -0.027426526, -0.022735378, 0.022629958, -0.0011607078, -0.004164053, 0.0112447, -0.02129465, 0.0061626225, -0.019959342, 0.0005935313, -0.015953418, -0.009215383, -0.0039202715, 0.01679677, -0.005402727, 0.016480513, -0.013256447, 0.018711884, -0.0057629086, 0.005147964, 0.0012804023, 0.018905152, 0.006421778, -0.0052753454, -0.022032583, 0.0065623363, -0.011859644, -0.040621478, -0.0063163587, -0.021593338, 0.0010470529, 0.0112447, 0.022805657, 0.009470145, 0.029376779, 0.015083711, -0.012729351, -0.025019458, -0.015883138, -0.0014165686, -0.0009405357, 0.025774961, -0.0028485109, -0.019309258, 0.00068083144, -0.005776086, -0.018764593, -0.020960823, 0.01344093, 0.033470552, 0.025019458, 0.009742478, -0.0062285094, 0.017069103, 0.036299296, -0.015487817, -0.019748503, -0.0020435925, -0.016471729, 0.012290105, 0.036404718, 0.01286991, -0.0019875886, 0.006926911, -0.027092699, -0.009970887, 0.034138206, 0.00020974001, -0.020293169, -0.013159812, 0.013063178, 0.0055916025, 0.011411614, 0.0059034675, -0.012316461, 0.009136318, -0.029763315, 0.030905355, -0.0124482345, -0.0015208896, 0.010041165, 0.024369374, 0.007454006, -0.0007044409, 0.006153838, -0.0075330706, -0.024931608, -0.0046999333, -0.009760048, 0.0172448, 0.0024729555, 0.025441134, 0.011842075, 0.024439652, -0.028656416, -0.017446855, -0.014556616, 0.011402829, 0.009716123, -0.011973849, 0.03129189, 0.018676743, 0.015619591, 0.013080749, -0.025564123, -0.014574185, -0.0046647936, 0.01904571, 0.0033316815, 0.024070686, 0.0174205, 0.029991724, 0.005758516, 0.017007608, -0.0042848457, 0.018729454, 0.0016856069, -0.010559476, -0.0056355274, 0.005727769, -0.0046384386, 0.01733265, -0.018852443, 0.001724041, -0.01070882, 0.0010750548, 0.032943457, -0.03030798, -0.006768782, 0.008016241, 0.01683191, -0.020960823, 0.0035227537, 0.001658154, 0.018167218, 0.010260789, 0.02254211, -0.022313701, -0.018167218, -0.017148167, -0.030817505, -0.023649009, 0.004519842, 0.012175902, -0.003401961, 0.0043112, 0.0015615198, -0.011095356, 0.005011798, 4.5709046e-05, 0.007796618, 0.019730935, -0.011736656, 0.0043243775, -0.0054115118, 0.002497114, 0.020363448, -0.034647733, -0.00042085265, 0.0017009805, -0.034226056, -0.0033624289, 0.008543337, 0.01802666, 0.025107307, -0.024228815, 0.010374993, -0.0031318245, 0.040270083, -0.0046164766, -0.021487918, -0.0009443791, 0.009593135, -0.02352602, 0.008068951, 0.033962507, -0.004451759, -0.022893507, 0.018747022, -0.00878053, 0.014846518, 0.021892024, 0.021997444, -0.012088052, -0.03368139, -0.016489299, -0.012773276, -0.012667857, 0.013484855, 0.014539045, -0.005991317, 0.009241737, -0.0018964449, 0.006167015, 0.074847534, -0.00056278403, 0.043573212, -0.011016292, -0.000610003, 0.0019041318, -0.005200674, 0.018079368, 0.0012595381, -0.0075726025, 0.0020348076, -0.007735124, 0.0024444044, -0.017464425, -0.023877418, -0.010796669, -0.013932886, -0.01927412, -0.008982583, 0.022893507, -0.02573982, 0.034050357, 0.017095458, -0.008169977, -0.040234942, 0.01684948, 0.00783615, -0.018659174, 0.015522957, 0.018870013, 0.007717554, -0.0200999, -0.009241737, 0.0059034675, 0.011042647, 0.0017679655, -0.0033734099, -0.015312118, 0.0038763466, 0.014091015, -0.0023499667, -0.058929257, 0.0058287955, -0.0065052346, -0.008697073, 0.0053675873, -0.0041618566, -0.026512895, -0.0077790483, 0.008117268, 0.02018775, 0.03248664, 0.0015999539, 0.007699984, 0.011648807, -0.009109964, 0.016638642, -0.004546197, -0.0034261195, -0.029007811, -0.008648755, -0.02686429, 0.011086571, -0.0114906775, 0.0280239, 0.011429183, 0.0039422335, 0.0022533324, -0.016216965, -0.0047965674, -0.0009465753, 0.006531589, 0.0072212056, -0.010954797, 0.005995709, 0.018975431, 0.04417059, 0.021874456, 0.022665098, -0.0031186473, 0.0117805805, -0.0042431173, 0.0033492513, -0.008921088, 0.0040366715, -0.0014879461, -0.017727973, 0.0006819296, 0.014152509, -0.016524438, 0.00820951, 0.002582767, -0.018536186, -0.025599262, -0.020925684, -0.008077736, -0.010199294, -0.0018942488, 0.036931813, -0.012843556, -0.012808416, -0.03508698, -0.0039114864, 0.01408223, -0.008631186, 0.015039786, -0.008104091, -0.0044627404, -0.00094767346, 0.010533121, -0.008556514, -0.038653657, 0.014820163, -0.0021325399, -0.011060216, 0.013897746, -0.0075857798, 0.001676822, 0.029552476, 0.0012167117, 0.0070850393, -0.0089123035, 0.006882986, 0.012790846, -0.0028748657, -0.0037797126, -0.0019206036, 0.03125675, -0.013713263, 0.0124482345, -0.009127534, -0.029763315, 0.027285967, -0.018676743, 0.0020578678, -0.0017899278, -0.017859746, -0.016085193, -4.6258105e-05, -0.00013987243, -0.034208484, -0.03036069, 0.006250472, 0.022875937, -0.0077307313, -0.0031428058, 0.016638642, 0.039953824, 0.026108788, -0.022506969, -0.0061230906, -0.013871391, -0.0038148523, -0.025423564, -0.01909842, 0.008148015, -0.017675262, -0.031081052, 0.002602533, 0.0021621888, 0.0016779201, 0.013221308, -0.008345676, -0.0056574894, -0.0055388934, 0.011973849, 0.0054554367, 0.0010739567, 0.018378057, -0.0049898354, -0.022050153, -0.0061274827, 0.01813208, -0.0019985698, 0.0070455074, -0.0047043255, 0.001315542, -0.025107307, 0.00014852008, 0.0012167117, -0.005345625, -0.010954797, -0.012413095, 0.023104344, -0.01572501, -0.019590376, -0.007902037, 0.011657591, 0.018290207, 0.004787782, 0.011271055, 0.009610704, -0.015092496, -0.014214003, 0.020117471, 0.009303232, 0.012307676, 0.0011475304, -0.0125448685, 3.6632437e-06, -0.00042661777, -0.03022013, 0.0007121277, 0.0026376727, -0.016559578, -0.0064173853, -0.016946115, 0.0011705909, 0.018887581, 0.001438531, -0.010067521, -0.0014550027, 0.013607844, 0.0054773986, 0.001572501, -0.0082929665, 0.023771998, -0.009048469, 0.013449715, 0.013045609, 0.0055125384, 0.029482197, 0.019836353, -0.010269574, 0.001411078, 0.0016120331, -0.0125887925, -0.017288726, -0.00017501212, 0.012553654, -0.025915518, 0.009145103, 0.024509931, 0.014846518, 0.00031817888, -0.024176104, -0.002879258, 0.033066444, -0.034366615, -0.0076384894, 0.01902814, -0.011842075, -0.02357873, -0.014723529, 0.0127820615, -0.01583043, -0.0042453134, 0.035701923, 0.0057804785, -0.015083711, 0.011859644, 0.013045609, -0.0039027014, 0.01733265, 0.014793809, 0.013370651, -0.0034524743, -0.014767453, -0.011842075, 0.0055037537, -0.009970887, 0.041499972, 0.0012024362, 0.027321106, -0.022331271, 0.020837834, -0.020468868, 0.0075155008, -0.00058200106, 0.012808416, -0.02025803, 0.0043683024, 0.007260738, 0.0008246845, 0.007656059, 0.025564123, -0.01799152, 0.0010426604, 0.026231777, 0.0045593744, 0.0052709533, -0.00093833945, 0.005024975, -0.0062241172, -0.0027474842, -0.005402727, -0.002916594, 0.0034371007, -0.018711884, 0.012992899, 0.011314979, -0.013853822, -0.007502323, 0.0180618, 0.002982481, -0.0150749255, -0.00023595752, -0.006689718, -0.006584299, -0.011666376, 0.011982634, 0.013572704, -0.0013704478, -0.026583172, -0.0023280042, 0.012931405, -0.02017018, 0.01901057, 0.016093977, 0.014336992, 0.0019579395, -0.0096282745, -0.0014615913, -0.004458348, -0.017394146, -0.01290505, -0.0021413246, 0.008420347, -0.003076919, -0.0085784765, -0.010295928, -0.01067368, -0.0053983345, -0.020732416, -0.0011255681, -0.01901057, 0.058613, 0.013853822, -4.3306918e-05, 0.004537412, -0.008903518, -0.0057497313, 0.008916696, 0.0079591395, 3.8399718e-05, 0.006052811, 0.007563818, -0.01460054, -0.0044627404, -0.0021204604, -0.0059517846, -0.0046735783, 0.027198117, 0.015039786, 0.0006725956, 0.024035545, 0.00073079567, -0.005802441, 0.011033862, 0.0090309, -0.015022216, -0.0008779431, -0.0059869243, -0.0019326828, 0.004170642, -0.01908085, 0.00012923444, -0.0014747687, -0.018009089, 0.00038928183, 0.02480862, -0.0069971904, 0.006689718, 0.012360385, -0.0044363854, -0.0073485873, 0.014205218, 0.012377955, -0.008437918, -0.024228815, 0.0039773732, 0.021435209, -0.012553654, 0.0035403236, 0.03589519, 0.019537667, -0.015531742, -0.0018821695, 0.0021687776, -0.028533425, -0.00481853, 0.00028605902, 0.009751263, -0.0013935082, 0.00894305, -0.017859746, -0.020363448, 0.00023952639, 0.0006511823, 0.007366157, 0.0029495375, -0.006404208, -0.0069137337, -0.01911599, -0.010937228, 0.018395627, -0.009224168, -0.0023653402, 0.0062241172, 0.015435108, 0.014855303, -0.002765054, 0.019151129, 0.012070483, -0.0073925117, -0.0153648285, 0.013555135, 8.0642836e-05, -0.01681434, -0.0132125225, -0.00071761827, -0.006070381, 0.008582869, -0.015496602, -0.055731542, -0.009777618, -0.0076340972, 0.025634402, 0.010954797, 0.028515857, -0.016603502, 0.0037906938, 0.012123192, 0.014091015, 0.0018492261, 0.0019579395, -0.0062109395, -0.018413195, 0.006373461, -0.010181724, 0.025160016, -0.03027284, 0.017165737, -0.019853923, -0.0006105521, -0.010647325, 0.008464272, -0.012553654, 0.003966392, 0.008148015, -0.0063602836, -0.022085294, -0.0065623363, -0.018325347, 0.013133458, -0.0024949177, -0.014934367, -0.010524336, 0.021013534, 0.00064294646, -0.028410437, 0.02017018, -0.009847897, -4.2826494e-05, 0.0022533324, -0.003145002, -0.014134939, -0.0003632016, -0.026776442, 0.0224894, -0.019484956, 0.0076297047, 0.0026244954, -0.0005155651, 0.0050161905, -0.017077887, -0.0062285094, 0.002125951, 0.013282802, 0.020609427, -0.013572704, -0.010559476, -0.01909842, 0.0065711215, -0.008982583, -0.00175369, 0.014846518, -0.009891822, -0.010014811, 0.0013473873, 0.009487716, -0.0023323968, 0.0028155674, -0.0073441947, -0.012228611, 0.0035688744, -0.008793707, 0.0030703302, -0.019713365, -0.0033316815, 0.009250523, -0.014442411, 0.0040454566, 0.003002247, -0.016954899, 0.00038626202, -0.02925379, 0.014899228, -0.0036962559, 0.0046955408, -0.02573982, -0.0025608046, -0.023209764, 0.0051962812, -0.006395423, 0.01460054, 0.004897594, 0.013783542, -0.02247183, -0.0010931737, 0.015768934, -0.01344093, 0.020662136, 0.00081535056, -0.011525817, -0.00010040891, 0.011806935, -0.003011032, -0.0040476527, 0.0033997647, -0.010287143, -0.017622553, -0.0056487047, -0.00072475604, -0.006061596, -0.008029418, -0.005916645, 0.023736859, 0.007563818, -0.009795188, 0.0048097447, -0.030817505, 0.014925582, -0.017982734, 0.009382296, 0.013686908, 0.013282802, -0.0017844372, 0.007546248, -0.011754225, -0.012325245, -0.01627846, -0.0020754377, -0.012131977, 0.035455946, -0.01729751, 0.010304714, 0.0016910974, 0.00432877, 0.007721946, 0.011560957, -0.016454158, 0.009092394, -0.019906633, -0.009540425, -0.0010497981, 0.0036984521, 0.008609223, 0.005929822, -0.010893303, -0.005767301, -0.020697275, 0.015417538, 0.0028638844, -0.022577249, 0.03348812, 0.010805454, -0.010006026, -0.0088639865, 0.030852646, -0.04459226, -0.0012782061, -0.011183205, 0.014231573, -0.0035469122, 0.011745441, -0.0040542413, -0.0060176714, 0.00060012, -0.004091577, -0.0046076914, 0.024017977, -0.0048448844, -0.003573267, 0.019221408, 0.022858366, 0.0024290308, 0.011069002, 0.0043133968, -0.012061697, -0.016910974, 0.023332752, 0.012123192, -0.01633117, -0.022805657, 0.006720465, 0.0073529794, 0.004945911, -0.0017042748, -0.0100587355, -0.000896062, 0.0027628578, 0.017279942, 0.014521476, 0.01802666, -0.0012661269, -0.024158536, 0.0018667958, 0.016208181, -0.018905152, 0.005736554, -0.02254211, 0.019853923, -0.017306296, -0.009663414, 0.0035578932, -0.0030154244, -0.0018722864, -5.1851628e-05, -0.034331474, 0.016656213, 0.0100587355, -0.008227079, -0.0063031814, 0.011701516, 0.002345574, 0.0020260226, -0.018729454, 0.0097249085, 0.020047192, -0.009109964, -0.01683191, 0.008451095, -0.049828075, -0.018553754, -0.0031713569, -0.009101179, 0.0069840127, 0.018764593, 0.026389904, -0.017323866, -0.018764593, 0.005868328, 0.005407119, 0.01240431, -0.014363348, 0.0018624035, -0.010348638, 0.015487817, -0.008490627, 0.0090572545, 0.0032635985, 0.017982734, 0.016928544, 0.014099799, -0.0016548596, 0.01640145, -0.0075155008, -0.011235915, -0.017323866, -0.018711884, 0.013230092, 0.022647528, -0.040024105, -0.013010469, -0.009259308, -7.734849e-05, 0.023209764, -0.033136725, -0.011508248, -0.01813208, -0.015927063, -0.005718984, 0.020644566, 0.023859847, -0.0062856115, 0.0016834106, -0.006992798, -0.009487716, 0.012193471, 0.0053236624, -0.0052094585, -0.012992899, 0.0019502527, -0.0135463495, -0.0010206981, -0.0027189334, 0.005710199, 0.0053719794, -0.015812859, 0.015215484, -0.016515654, -0.010937228, -0.036439855, 0.008446703, -0.0008082128, -0.0005891388, -0.010006026, -0.040972874, -0.0044847024, -0.02008233, 0.023227334, 0.003630369, -0.004726288, 0.0090309, -0.0046955408, -0.023807138, 0.012597578, -0.009540425, 0.008104091, -0.006087951, 0.0061055208, 0.0035776594, 0.007893252, 0.0023389854, -0.02008233, -0.0007758184, 0.01640145, 0.012000203, -0.016603502, 0.0021654833, -0.0004595612, 0.018202359, 0.0060176714, 0.013397005, 0.0016449766, -0.013563919, -0.0009290055, -0.009347157, 0.011842075, -0.0064305626, 0.0012386739, 0.010146584, 0.025564123, -0.010664895, -0.00067643897, -0.013291586, -0.001086585, -0.0045989067, 0.0073793344, 0.0051040393, 0.005956177, -0.014495121, -0.0018931506, 0.020012053, -0.026038509, -0.01906328, -0.021101382, -0.0066282237, -0.0103925625, -0.00021166171, -0.005134787, 0.012228611, -0.019537667, -0.0074583986, -0.002743092, -0.013247662, -0.0027101485, -0.008639971, -0.003013228, -0.001181572, 0.007989886, 0.021523058, -0.0021841512, 0.036931813, -0.007234383, -0.012360385, 0.029587617, 0.009197813, -0.007818581, -0.009680984, -0.013379436, -0.012685427, -0.008828847, 0.0049327337, -0.004221155, -0.023420602, -0.011859644, 0.015320904, -0.0032218702, -0.0025410387, -0.004853669, 0.012483374, -0.015637161, 0.017446855, -0.0043221815, -0.0056047803, -0.0030176206, -0.009232953, -0.0047131106, -0.015303333, 0.004361714, -0.011069002, 0.0079591395, 0.013186168, -0.0039378414, 0.0074671833, 0.0014824555, -0.010348638, -0.002067751, -0.0029978545, -0.006276827, 0.008631186, 0.006931303, -0.0036720973, 0.016805556, 0.002725522, -0.009742478, 0.002354359, 0.0043199854, 0.0112534845, 0.02458021, 0.0068214918, 0.007164104, 0.027988762, 0.0014121762, -0.014363348, 0.0108230235, -0.0009026507, 0.013678123, 0.010638541, 0.004805352, 0.0064086006, -0.0063427137, -0.010006026, -0.010893303, -0.00033959214, 0.018255068, -0.0136429835, -0.011314979, 0.022015015, 0.009619489, 0.00845988, -0.0023960874, 0.005499361, 0.019238979, 0.029570047, -0.0057497313, -0.02017018, 0.012720567, 0.0056487047, -0.019555235, 0.019537667, -0.0061933696, -0.0063646757, -0.016014913, 0.0018832677, 0.008112875, -0.023771998, -0.018799733, 0.004739465, 0.0025564122, 0.042202763, -0.026565604, -0.034120638, 0.020960823, -0.012676642, -0.0017503956, -0.015250624, -0.0054773986, 0.011209561, -0.004849277, -0.02243669, -0.007150926, -0.015628375, -0.0018371468, 0.0063207513, -0.013748403, 0.00036155444, -0.02465049, 0.0029056128, 0.0005940803, 0.016981253, -0.0060001016, -0.012536083, 0.01461811, -0.013186168, -0.006527197, 0.0023960874, -0.007225598, 0.0072870925, -0.008025026, 0.018395627, -0.010524336, -0.017236017, 0.011209561, 0.00874539, -0.017481994, 2.1190192e-06, 0.0067995293, -0.001114587, 0.007607742, -0.00901333, 0.015479032, 0.018975431, -0.026688593, -0.009224168, -0.0077131614, 0.008213902, 0.0052753454, 0.0057014143, 0.011376474, -0.008604831, -0.022700237, -0.004581337, 0.0023960874, 0.023297613, 0.010322283, -0.013862606, -0.0054466515, -0.0017855354, 0.0056179576, -0.006004494, 0.02236641, 0.01902814, 0.004836099, 0.008771745, 0.022173142, 0.011077787, -0.01012023, 0.0025015066, 0.018799733, 0.012263751, 0.00954921, 0.009303232, -0.006549159, 0.004594514, -0.033365134, -0.0034349044, 0.00024336978, 0.0022818835, 0.0067599975, -0.0025695895, -0.021505488, 0.0191687, -0.011104141, 0.0046691857, -0.018536186, 0.021101382, -0.0023697326, 0.0019656261, 0.0031911228, 0.012000203, 0.028919963, 0.0071728886, -0.017288726, 0.017675262, -0.008178762, -0.022225851, -0.010287143, -0.010902088, 0.007423259, 0.003305327, -0.015900709, -0.0003277874, -0.029376779, 0.018009089, -0.015048571, -0.014556616, 0.005442259, -0.02361387, 0.0024751518, -0.009197813, 0.014495121, -0.0011563153, 0.009232953, -0.0029495375, -0.0049503036, 0.0023873025, -0.00562235, 0.0019195054, 0.00081919396, 0.0040169056, -0.008890341, -0.018905152, 0.0003154336, 0.020785125, -0.0008823356, -0.008134837, 0.022893507, 0.015891923, 0.0003972432, 0.017517135, -0.0016603502, 0.007436436, 0.0058771125, -0.00093120174, 0.01802666, -0.009312017, -0.01627846, 0.020732416, -0.005784871, 0.016146686, 0.026108788, 0.016480513, 0.013291586, 0.0043990496, -0.0035029876, 0.0074891457, -0.016454158, 0.0044363854, 0.008648755, -0.009470145, -0.023912556, -0.010216864, 0.021575768, -0.005688237, 0.0009103375, -0.013862606, -0.021646047, -0.001038268, 4.8797494e-05, 0.025388423, -0.019151129, -0.006672148, 0.015821645, -0.015022216, 0.01697247, 0.0025234688, -0.0067424276, -0.011464323, -0.017121812, -0.0036435463, 0.0093910815, 0.022050153, -0.00010459548, -0.00077636744, 0.008547729, 0.002868277, -0.0036369576, -0.03269748, -0.008183154, 0.008938658, 0.014864088, -0.004027887, 0.000695656, -3.891446e-05, 0.003305327, 0.011060216, 0.0067512123, -0.022981355, 0.009153889, 0.029833594, 0.00073463906, 0.0038148523, -0.00019107205, 0.003013228, -0.007164104, -0.009856682, -0.009795188, 0.010497982, -0.0022159966, -0.018483475, -0.00065612386, 0.008200725, 0.006861024, -0.019871494, 0.011121711, 0.019238979, 0.023771998, 0.029745745, 0.011358904, 0.0033624289, 0.017165737, -0.008240256, 0.013801112, -0.0019293885, 0.011297409, -0.031116193, 0.000600669, 0.037388626, 0.002468563, -0.036720973, -0.00047411124, -0.00083950907, -0.009988456, -0.0056003877, -0.017807037, -0.001782241, 0.015645945, 0.011938709, -0.008881556, -0.013950456, 0.0059386073, -0.006153838, 0.0075550326, 0.0023587516, -0.006259257, 0.0034371007, -0.008468664, -0.0050381524, -0.012992899, 0.021733897, 0.010814238, -0.0027496805, -0.018571325, 0.003716022, 0.008297359, 0.031906836, -0.009698554, 0.018255068, 0.0127820615, 0.0036852746, -0.018149648, 0.009303232, -0.010849378, 0.021979874, -0.003915879, -0.00053725287, 0.019555235, -0.013774757, 0.010998722, 0.005473006, -0.023420602, 0.0010476019, 0.008951835, 0.01688462, 0.0071245716, -0.021013534, -0.0052094585, -0.0055696405, -0.022050153, -0.0035491085, -0.009329587, 0.007625312, -0.0020644567, 0.007563818, 0.02245426, -0.014091015, 0.022208283, -0.0017525919, -0.010418917, -0.0033997647, -0.011657591, 0.0017009805, -0.00052435003, -0.01179815, -0.02589795, -0.015575666, -0.00057815766, 0.0014879461, 0.009795188, 0.016840694, 0.028550996, -0.0045901216, 0.0035798557, -0.009988456, -0.0037313956, 0.023561161, 0.014943152, -0.0017372182, -0.009777618, 0.020609427, -0.009672198, 0.010594616, 0.00012545966, -0.023385461, -0.010541907, -0.013177383, 0.014793809, 0.0012211042, 0.022946216, 0.0017295314, -0.00508647, -0.008402778, 0.028568566, 0.029464629, -0.013537564, 0.039215893, 0.009189028, 0.0002660184, -0.006992798, -0.015373613, -0.0015417538, -0.03459502, 0.019924203, 0.003573267, 0.003107666, -0.035227537, 0.0062680417, -0.019151129, -0.028392868, -0.0006594182, 0.004787782, 0.012140762, 0.004109147, 0.0026815974, 0.00476582, -0.00036951576, -0.0022313702, 0.009180243, 0.0082446495, 0.009092394, -0.0057145916, 0.009575564, -0.006070381, -0.03605332, 0.02354359, -0.0012858929, -0.0018832677, -0.003432708, 0.0144072715, 0.00017295315, -0.0024619743, -0.006483272, 0.0073529794, -0.011350119, -0.004915164, 0.03812656, -0.019783644, -0.0052885227, 0.017069103, 0.0046955408, -0.02679401, -0.021066243, -0.0021105774, 0.008350068, 0.00044858007, -0.0014714744, 0.0058463654, 0.009593135, 0.015004646, -0.01674406, 0.006549159, 0.0009196715, 0.017183308, -0.024791049, 0.008543337, -0.01633117, -0.0065228045, -0.019221408, 0.002420246, 0.0036545275, 0.0066501857, -0.030659378, -0.007423259, -0.004888809, -0.016682567, -0.00013218563, 0.0071157864, 0.013045609, -0.015004646, 0.0006242785, -0.008227079, 0.0020029622, -0.017025178, 0.0062856115, 0.008240256, 0.026284486, -0.018922722, 0.011429183, 0.0034458856, -0.018729454, -0.004976658, -0.02916594, 0.008218294, 0.011148065, -0.012992899, -0.0025498236, -0.0009883037, 0.01624332, -0.023139484, -0.025405994, 7.961335e-05, 0.007735124, -0.0016416822, -0.021048672, -0.028867252, 0.008846416, 0.01008509, -0.008793707, 0.005042545, -0.02596823, -0.011578527, -0.0060835583, -0.003962, 0.015276979, -0.017323866, -0.004010317, 0.011578527, -0.01236917, 0.013414576, -0.0005638822, -0.01683191, -0.011683946, -0.018342916, -0.0038324222, 0.0008515884, -0.016787985, -0.013915316, 0.028621275, -0.0008664129, -0.0028726694, 0.00211497, 0.009698554, -0.0038653656, -0.010366208, 0.0052402057, -0.011183205, 0.025335714, 0.012316461, 0.014301852, 0.018465906, -0.023104344, 0.0013671535, -0.00054384157, -0.0008455487, 0.015329689, 0.023121914, 0.0067336424, 0.006896164, 0.009232953, -0.0061450526, 0.0063427137, 0.028972672, -0.010779099, 0.005393942, -0.006738035, 0.005205066, -0.021118952, 0.004104755, 0.015891923, -0.01681434, -0.0044737216, 0.016050052, 0.017139383, 0.0041223248, -0.004104755, 0.0008411563, 0.005490576, 0.015988559, 0.005279738, 0.0023345929, 0.0044561517, 0.018237498, -0.0045022722, -0.0039554113, 0.022788087, 0.004234332, 0.00088398275, -0.0139768105, -0.0033185042, 0.0012364778, -0.0025608046, 0.018430766, 0.0042738644, 0.01895786, 0.028269878, 0.011350119, 0.0019513507, -0.017183308, 0.011552172, 0.0057629086, -0.0067424276, 0.011297409, 0.013001684, -0.015645945, 0.0019897849, -0.004840492, -0.03385709, -0.0014593952, 0.017534703, -0.008899126, 0.005090862, 0.019449817, -0.02020532, -0.013221308, -0.0025388424, -0.027479235, 0.002736503, -0.012008988, -0.013502425, -0.0070630773, 0.0114906775, 0.014398486, 0.008060166, 0.0027936052, 0.009953316, -0.0058287955, -0.0029319676, 0.007150926, -0.0062680417, 0.010418917, -0.011842075, 0.008490627, -0.010603401, 0.0021973285, 0.0019941772, 0.0011903569, -0.013080749, 0.005262168, -0.007423259, -0.02363144, 0.02229613, -0.015909493, 0.009918177, 0.0038368145, 0.019818783, -0.00012992075, 0.005385157, -0.013748403, -0.0200999, -0.008328106, 0.002181955, 0.06149445, -0.024070686, 0.01793881, 0.0146444645, 0.00226651, 0.018922722, -0.0006215332, -0.00844231, 0.0072870925, -0.011657591, 0.017701617, -0.010067521, 0.0019238979, -0.009241737, 0.021031102, 0.0135463495, -0.015259409, 0.026038509, -0.00074836554, 0.005705807, 0.011894784, -0.0025476273, -0.027672503, -0.014705959, -0.00783615, 0.026179068, -0.004554982, 0.030413399, -0.008934265, 0.0043704985, -0.0016812144, 0.0012639306, -0.022331271, 0.00038186955, -0.011139281, -0.022788087, 0.015312118, -0.013599059, 0.0058112256, 0.011517032, -0.006347106, 0.014038305, 0.0060923435, 0.02703999, -0.022647528, -0.015285764, 0.002505899, 0.009355942, -0.00094383006, 0.017183308, -0.026618313, -0.00039998846, 0.010269574, 0.0052533834, -0.030659378, -0.006109913, -0.006518412, -0.004405638, -0.018378057, 0.0045769443, 0.009399867, 0.03354083, -0.0074891457, -0.01233403, -0.0036106028, 0.034349043, 0.025177585, -0.0036237803, -0.014811378, 0.0031779455, -0.009575564, 0.018342916, 0.0028946318, -0.01684948, -0.00890791, 0.023859847, -0.0007071862, -0.009505285, -0.0019875886, -0.005099647, 0.015654732, -0.007915215, 0.00865754, 0.0011958475, 0.0038324222, -0.014424842, 0.04508422, -0.0010278359, -0.01629603, 0.0035710707, 0.009153889, 0.009593135, 0.0033294854, -0.020697275, 0.0043968535, -0.034173347, 0.0013287194, 0.0075901723, -0.0039532147, 0.01754349, 0.025370855, 0.010902088, 0.0070279376, -0.0035117725, 0.004403442, 0.0041948003, -0.0035491085, -0.012325245, 0.004976658, -0.0129753295, -0.019994482, 0.00012676367, -0.014785023, 0.0005633331, 0.0029714997, -0.009109964, 0.006931303, -0.0018558147, 0.00018022816, 0.0020842226, 0.008538944, -0.022928646, 0.005850758, 0.020609427, -0.0027233257, -0.016577147, 0.012184687, 0.008126053, 0.041851368, -0.025160016, 0.0049327337, 0.0045901216, -0.0048448844, -0.012834771, -0.02695214, -0.0020831246, 0.021821747, -0.0012584401, -0.018149648, 0.010717604, -0.0017668674, 0.008916696, -0.012070483, -0.0012913835, 0.010629755, -0.018413195, 0.0036677048, -0.0044188155, 0.00083072414, -0.018659174, -0.03939159, 0.0093910815, 0.007374942, -0.018237498, -0.006386638, 0.015874354, 0.0080030635, 0.022419121, -0.027250828, -0.007168496, 0.009645844, 0.0027299144, -0.021944735, -0.03492885, -0.009048469, -0.003155983, 0.003784105, 0.0058244034, -0.026530463, -0.012896265, -0.020363448, 0.00901333, 0.0061582304, 0.009408651, -0.015856784, -0.003298738, 0.014187649, -0.0024158536, 0.0062856115, -0.0045418045, 0.00951407, -0.00224894, 0.014284283, -0.023947697, -0.0014978292, -0.010972368, 0.0086707175, -0.0024466007, 0.004897594, 0.004091577, -0.005222636, 0.02018775, -0.015549311, 0.0135463495, -0.019361967, -0.006610654, 0.008947443, 0.0040652226, 0.006355891, 0.0060572037, -0.02022289, 0.005863935, 0.028673984, 0.009364727, -0.008152408, -0.00032998362, -0.006882986, 0.02589795, 0.0044319932, -0.007989886, -0.022647528, 0.0036962559, -0.015970988, 0.016129116, -0.008499412, 0.016998824, -0.0050689, -0.003584248, -0.022823228, -0.0057014143, -0.0022159966, -0.007941569, -0.0004565414, 0.026196636, 0.013256447, 0.01756106, -0.01292262, -0.008187547, 0.00068467483, 0.0048097447, -0.0028375296, -0.024176104, -0.008319321, -0.016647426, 0.017253587, -0.027321106, 0.005947392, -0.0022533324, -0.0008449997, 0.001582384, -0.010410132, -0.009575564, 0.0021852492, -0.008890341, -0.0045242347, -0.00901333, -0.004594514, 0.006566729, 0.015619591, -0.015013431, -0.027092699, 0.0045022722, 0.011429183, -0.0023807138, -0.015927063, 0.0112534845, 0.015637161, -0.0046823635, -0.013906531, -0.007497931, 0.0064173853, -0.0055213235, 0.003678686, 0.017016394, -0.0014044894, -0.017499564, 0.010252004, 0.03700209, 0.0067028953, 0.0071728886, -0.038723934, -0.0021039888, -0.0025520197, 0.000981715, -0.0029758923, 0.0011167831, -0.0053807646, 0.005881505, -0.0052929153, 0.012615148, 0.019730935, 0.022155574, -0.010322283, 0.0051699267, 0.002602533, 0.028814543, 0.0132125225, -0.012465804, -0.018729454, 0.016498083]"
お化け屋敷,fromCluster,0.1605,38.0,1.8052,"[-0.0023442165, -0.009673113, 0.0070068887, 0.005229406, 0.001410394, -0.025387092, -0.031865887, 0.0059474832, 0.0015681777, 5.125709e-07, -0.038125716, 0.02702289, -0.029779276, -0.028156357, -0.025309809, -0.051212113, -0.004868757, -0.035214767, -0.0021075406, -0.044643156, 0.015894303, -0.026945608, -0.009821236, 0.006308132, 0.00832712, 0.024202103, -0.022759508, 0.0010626256, -0.01456763, 0.017233854, 0.024987802, -0.009595831, 0.013614488, 0.061361797, -0.025528774, 0.02493628, 0.026069747, 0.04410218, 0.0071292515, 0.0053485488, 0.008526765, -0.01580414, 0.0045789503, 0.027125932, -0.0075349812, -0.0026485138, 0.0030558535, -0.029161021, 0.0043277843, -0.0147865955, 0.03207197, -0.0053388886, 0.017955152, 0.038280282, -0.0024327685, 0.038203, 0.032278057, 0.0057091974, 0.0048880777, 0.018586287, -0.014413067, 0.007431939, -0.024884759, 0.031479478, 0.015572295, 0.046807047, 0.02990808, 0.009035537, -0.02076306, -0.017620264, 0.0265592, 0.035498135, -0.030938504, 0.0029318805, 0.030423293, 0.016576959, -0.0153533295, 0.028439725, -0.004456587, 0.03372065, -0.04523565, -0.0029157803, 0.013575846, -0.036477037, -0.021329794, 0.02286255, -0.008584727, -0.04121699, -0.045879666, 0.0106970975, -0.0061278073, -0.0033005795, 0.022733748, -0.02156164, 0.0066784406, 0.028851895, -0.013189438, -0.010928943, 0.005023321, -0.018096836, 0.01952655, -0.021870766, 0.0042891433, -0.05657032, -0.006114927, -0.002820788, -0.0023458265, 0.028954936, 0.00022037406, -0.0457251, 0.0011680832, 0.008043754, 0.030036883, -0.029315585, -0.025606057, 0.006858765, -0.033076636, -0.013975136, 0.0010288148, -0.015211646, 0.0050168806, -0.027460821, -0.044179462, -0.04536445, 0.023892974, -0.05394274, 0.0038447725, 0.037662026, -0.018122597, -0.0028900194, -0.010445931, -0.025541654, 0.015018442, -0.017710427, 0.014078178, 0.008462364, 0.0057961396, -0.009409066, 0.0036644482, -0.029289825, -0.03207197, -0.01081946, -0.01409106, -0.026198551, 0.0033166797, 0.020878982, 0.017233854, 0.03158252, -0.037121054, 0.009756835, -0.020428171, -0.03446771, 0.011952927, 0.09170781, 0.014052418, 0.007863429, -0.017993793, -0.0016003785, -0.037687786, -0.004273043, -0.04144884, 0.0036064868, -0.010690657, 0.0016680001, 0.013511445, -0.03160828, 0.010317128, -0.0029012898, 0.018457484, 0.012790148, -0.02867157, -0.02993384, -0.018869653, -0.007689545, -0.021085067, 0.045132607, 0.014310025, 0.028542766, 0.004611151, 0.02162604, 0.012300696, 0.026288712, 0.024446828, -0.020505454, -0.0015883032, -0.030526334, 0.005734958, -0.020093285, 0.010632696, -0.028568527, 0.01743994, -0.024910519, 0.0006440155, -0.051289394, -0.02323608, -0.025580296, -0.012938271, 0.0023860775, 0.030680899, 0.01038153, 0.0028706992, 0.006527097, 0.007554302, -0.037507463, 0.0005941043, 0.00074585044, -0.02697137, 0.014425947, -0.0465752, -0.029856559, 0.015134364, -0.0035002243, -0.035060205, 0.0077475063, -0.0025519114, 0.0070777303, -0.036425516, -0.0027998574, -0.010194765, 0.019887198, 0.023854334, -0.023880094, -0.015327569, 0.010497453, 0.021265391, 0.037868112, -0.010246286, 0.051650044, 0.003529205, -0.019243183, -0.037275616, -0.0433036, 0.00539685, 0.022630705, 0.0052068653, 0.015082843, 0.00747058, -0.00913858, 0.037842352, 0.0069553675, -0.021329794, 0.06656544, -0.041268513, 0.023455044, -0.010748618, 0.00075993827, -0.03289631, -0.015134364, -0.04188677, -0.032922074, 0.035575416, 0.0075349812, 0.016718643, -0.026919847, 0.013807693, -0.010465252, 0.013170117, 0.016383754, -0.003154066, 0.012004449, -0.021007786, 0.012229854, -0.012345777, -0.017220974, 0.0224375, 0.016280713, -0.009312464, 0.0107679395, -0.009840556, 0.014747955, 0.06017681, -0.06563806, -0.013807693, 0.028954936, 0.014619152, -0.013936495, 0.016357994, 0.014606272, 0.03199469, 0.016589839, 0.01621631, -0.0012059191, -0.031118829, 0.0027757068, 0.03276751, 0.015211646, 0.018302921, 0.04477196, -0.007831229, -0.038950056, -0.0046304716, -0.023738412, -0.015134364, -0.0012984963, 0.02198669, 0.0441537, 0.009814796, -0.027486581, 0.03372065, -0.028568527, 0.032612946, -0.009666673, 0.019062858, -0.028104836, 0.0199516, 0.004479128, 0.01539197, 0.04701313, -0.020234967, -0.013678889, 0.06357721, 0.00097487844, -0.035498135, 0.047657147, -0.04155188, -0.017427059, -0.004282703, -0.04443707, 0.0059635835, -0.02112371, -0.036683124, 0.012860989, 0.0066720005, -0.01948791, 0.03949103, 0.026301593, -0.013202318, -0.02998536, 0.014735075, 0.0134470435, 0.019307585, -0.012139692, -0.0031234752, -0.020647136, 0.034673795, -0.038924295, 0.029753515, 0.050516576, 0.012068851, 0.017105052, -0.007270935, -0.009183661, 0.024008898, -0.0064981165, -0.025142366, 0.00030711488, 0.038409084, -0.0115407575, 0.013002673, 0.008488124, 0.000436723, -0.03158252, -0.007528541, 0.00028417184, 0.009241623, 0.004933159, -0.025606057, 0.0075929426, 0.0074254987, 0.012783708, -0.026945608, -0.015546534, 0.030242968, 0.018083956, 0.011598719, 0.059610076, 0.0010449152, 0.004736734, 0.0071614524, -0.00873285, -0.04077906, -0.022772389, -0.07017193, -0.02828516, 0.0047850353, 0.0073739775, 0.0021477917, 0.0063789734, 0.016911848, -0.031299155, 0.0062566106, -0.031917408, -0.0014941159, -0.00832712, -0.040109284, 0.048043557, 0.02869733, -0.034648035, 0.007567182, 0.030577855, -0.030165685, -0.00024231084, -0.025026442, 0.02160028, 0.0057993596, 0.011746842, 0.013769051, -0.00047938904, -0.017130813, -0.018637808, 0.0031041547, -0.008835893, 0.033566087, -0.010896742, 0.016808804, -0.014593392, -0.002574452, 0.020621376, 0.015675338, 0.019822797, 0.0067943637, 0.0018483244, -0.0149798, -0.025464373, -0.004434047, 0.0014844558, 0.023570968, 0.0129511515, -0.0052165254, -0.012551862, 0.00072129734, -0.003278039, 0.022952713, -0.0142971445, -0.017375538, 0.036528558, 0.013859213, -0.018676449, -0.0133826425, -0.040032003, -0.010149685, 0.041757964, -0.005068402, -0.014863878, 0.007238734, -0.019191662, 0.030655138, -0.013047754, 0.033385765, -0.0048848577, -0.004694873, -0.0052422862, -0.018496126, 0.016924728, 0.03119611, 0.05775531, 0.019874318, 0.0788275, 0.022321578, -0.032226536, 0.0009684383, -0.0134470435, -0.0076251435, -0.0070841704, 0.0031460158, -0.0036032668, -0.016564079, -0.011296032, 0.0053292285, 0.013434163, 0.015134364, 0.063062, -0.037146814, -0.04358697, -0.04077906, 0.02291407, -0.013627368, 0.029186783, -0.009235182, 0.0013170117, 0.0034261625, 0.016267832, -0.022321578, 0.010909623, -0.022218535, 0.020428171, -0.017401299, -0.042994473, 0.0015923283, -0.008784371, -0.036734644, -0.04946039, 0.00031536634, -0.0058347806, -0.040418413, 0.03281903, 0.0062662708, 0.04034113, -0.034544993, -0.017955152, -0.0033843014, -0.006517437, 0.052448623, -0.0075736223, 0.0026098727, -0.035137486, -0.0041216994, -0.014593392, -0.015572295, 0.019256063, -0.011283152, -0.04227318, -0.018663568, -0.026481917, -0.024614273, 0.021845005, -0.00044155313, 0.027074412, 0.015945824, -0.029289825, 0.012139692, -0.0055449735, -0.00081709464, -0.032252297, 0.0052712667, 0.007728186, 0.01120587, -0.01039441, -0.003490564, -0.026739523, -0.019165901, 0.030191448, -0.016306473, 0.021729084, 0.007232294, 0.0013387472, 0.021522999, 0.012146132, 0.014735075, 0.007547862, -0.0027370658, -0.008938936, 0.0046755527, 0.033540327, 0.0056641162, -0.01081302, -0.008449484, 0.044720437, -0.0215874, 0.012989793, 0.0008525155, -0.0033166797, -0.009750395, -0.0030510235, -0.00291095, -0.018045314, -0.02908374, -0.024459708, -0.011341113, 0.006031205, 0.014361545, -0.0027161355, 0.008945376, 0.0036451276, 0.021355554, -0.017311137, -0.012229854, 0.02828516, 0.0025052202, -0.00996936, -0.021265391, -0.0025181007, 0.025696218, 0.013170117, -0.013266719, 0.003902734, -0.0061245873, 0.018380202, -0.0036998692, 0.03199469, 0.0087908115, 0.017066412, -0.008037314, 0.018921176, 0.020904744, 0.0011334673, -0.03985168, -0.046755526, 0.01040729, 0.004459807, 0.020982025, 0.006556078, 0.018148357, 0.021754844, -0.016499678, 0.01584278, -0.003041363, -0.025593176, -0.006395074, 0.014683553, -0.003661228, 0.04273687, 0.004276263, 0.012828789, 0.0102012055, -0.020054642, -0.017388418, -0.017233854, 0.03245838, -0.014606272, 0.009428387, -0.01868933, -0.004224742, -0.021922288, 0.039259184, -0.008803692, 0.009492788, 0.005686657, -0.009731074, 0.019565191, 0.014245623, 0.04819812, 0.028491246, -0.0058766413, 0.01827716, -0.007927831, -0.025168126, -0.0045821704, 0.020260727, 0.030449053, 0.0019095059, -0.018586287, 0.0070841704, -0.004933159, 0.008488124, -0.0005961168, -0.016963368, -0.024678674, 0.004775375, -0.0044179466, 0.0007816738, 0.057034012, -0.011508557, -0.025142366, -0.0067492826, 0.023004234, -0.010838781, 0.050593857, 0.036683124, -0.019217422, 0.005567514, -0.011985129, 0.022205655, -0.047863234, -0.014838117, -0.000873446, 0.031402197, -0.025142366, 0.008043754, -0.00954431, -0.0157655, 0.008378642, 0.012828789, 0.020183446, -0.019655352, 0.01369177, -0.026043987, -0.005657676, -0.041783724, -0.011592279, -0.0033327802, 0.00010555817, -0.0075414213, 0.029212544, -0.002207363, -0.0005945068, -0.006614039, -0.040882103, -0.0017307916, -0.013472804, 0.004202201, 0.026791045, 0.004488788, 0.030036883, 0.015250287, -0.023493685, 0.03897582, -0.025644697, -0.006346773, -0.010259167, -0.027512342, 0.030474814, 0.0006206699, 0.0011463476, 0.0034358227, -0.011972249, 0.004746394, 0.025580296, 0.002619533, -0.002207363, -0.0071678925, 0.012931831, -0.029367106, -0.03114459, -0.005229406, -0.00020125485, -0.0042537223, 0.011186549, 0.005445151, 0.017607383, -0.046343356, -0.011882086, -0.03078394, 0.008088835, 0.022527663, -0.035292048, -0.012242734, 0.020170566, -0.037095293, -0.0054741316, -0.008005112, 0.02203821, -0.009930719, -0.0020560194, 0.01662848, 0.034313146, -0.010465252, -0.039722875, 0.048790615, 0.037507463, 0.0064433753, -0.0016808804, -0.04605999, -0.004894518, 0.037687786, -0.0029351006, -0.010967584, -0.005110263, 0.0006645435, -0.010916063, 0.010497453, -0.0076187034, 0.00079495664, -0.016293593, 0.013125036, -0.04193829, 0.03985168, -0.04479772, -0.02954743, -0.008249839, 0.017220974, -0.015404851, -0.0005856516, -0.0020656798, 0.013575846, 0.0042569423, -0.038151477, 0.00039808208, -0.00016613587, 0.044230986, 0.012152572, -0.015945824, -0.03155676, -0.018843893, -0.030062644, 0.016139029, -0.017852109, 0.021832125, 0.009718194, -0.05512773, 0.020415291, 0.038537886, 0.037971154, 0.018637808, -0.0050136605, -0.00083722017, 0.017542982, -0.04162916, -0.0057156375, -0.012004449, 0.008417282, -0.008475244, -0.015533654, -0.05739466, -0.032561425, 0.004070178, -0.011727522, -9.6853895e-05, -0.005116703, 0.008874534, 0.01081302, -0.00073377514, -0.038203, 0.02903222, -0.013092835, -0.0023087955, -0.042530783, 0.002448869, -0.021085067, 0.0129511515, -0.0057220776, 0.030242968, -0.021535879, -0.019565191, -0.02988232, -0.016757283, -0.0020978805, 0.024962042, 0.0025969925, 0.0011391024, 0.004482348, 0.032509904, -0.021767724, -0.0057091974, -0.0067943637, 0.005686657, -0.006517437, 0.022282936, 0.020209206, 0.055488374, -0.034648035, 0.012571183, -0.0017646025, -0.010561855, 0.010053082, -0.007831229, -0.0043020234, -0.035214767, 0.011534317, -0.02828516, 0.0005945068, 0.00038218295, 0.02615991, 0.015340449, -0.032252297, 0.008526765, -0.0031315254, 0.012571183, -0.0012582453, -0.022167014, -0.0021767723, 0.004279483, -0.011779044, 0.014812357, 0.01660272, -0.018096836, 0.0033843014, 0.022089731, 0.019642472, 0.013962256, 0.016010225, -0.038898535, -0.020131925, 0.0015102164, -0.0056641162, -0.009814796, 0.009821236, -0.021909408, 0.012584063, 0.0033875215, -0.009363986, 0.02743506, 0.0024714095, 0.04863605, -0.004472688, -0.014760835, 0.038383324, 0.016087508, 0.02369977, 0.007515661, 0.004617591, -0.00020578307, -0.022566304, -0.016950488, 0.00995004, 0.03163404, 0.0027306257, -0.014245623, 0.017066412, -0.008488124, -0.031814367, 0.0131636765, -0.020054642, 0.04327784, -0.022192774, -0.0037320699, 0.020234967, 0.00062469504, 0.0050426414, -0.008681329, -0.009866318, 0.023532327, 0.031917408, -0.007773267, -0.0067943637, -0.007831229, 0.012642024, 0.03158252, 0.008604047, -0.007972912, -0.00033186923, -0.025928063, -0.028079076, 0.008610487, 0.02787299, 0.026507678, 0.007760387, -0.0027789269, -0.0120366495, 0.0045048883, 0.00071123464, -0.03451923, 0.030990025, 0.032612946, -0.017491462, 0.00086137076, 0.033746414, -0.013434163, -0.0026308033, 0.009492788, -0.03207197, -0.003165336, 0.012938271, 0.006781483, 0.015855663, 0.00871997, -0.008919614, 0.029264065, -0.013988017, -0.009222302, -0.019011337, 0.00540329, -0.010864542, 0.00016211078, 0.0074899, 0.0147221945, 0.02245038, -0.008739291, 0.027228976, -0.010619815, 0.00017931807, -0.0017565523, -0.027048651, 0.0025036102, 0.04327784, 0.008352881, -0.03127339, -0.008069514, 0.0064723557, -0.0031363554, -0.00016975847, -0.040418413, -0.007528541, -0.00079535914, -0.050155926, -0.009215862, -0.012712866, 0.0020946604, -0.0077088657, -0.032973595, -0.04580238, -0.009492788, -0.020453932, 0.017736187, 0.011070627, 0.04987256, -0.020093285, -0.0055288733, -0.033334244, 0.008803692, 0.031453717, -0.00078328385, -0.04065026, 0.0052938075, 0.014206982, -0.033952497, 0.0018080735, -0.0025551314, 0.0012220194, 0.020569855, -0.031453717, -0.027254736, 0.047914755, 0.01662848, -0.03243262, 0.012551862, -0.010291368, -0.00045403093, -0.033463046, -0.033102397, 0.03366913, -0.005148904, 0.044205222, -0.01786499, 0.023815693, 0.039233424, 0.013859213, -0.028542766, 0.029315585, -0.040830582, -0.018612048, -0.04737378, -0.0008782761, 0.002619533, -0.010600495, 0.036863446, -0.036039107, 0.012835229, 0.009190101, 0.00027048652, 0.0061825486, -0.02661072, -0.015997345, 0.004405066, -0.0216518, -0.0052841473, -0.018148357, -0.007547862, 0.035369333, -0.0008758611, 0.013067074, 0.02114947, 0.032535665, 0.0043793055, -0.007567182, -0.0008863263, 0.007109931, 0.06275287, -0.050593857, 0.06228918, -0.0120366495, -0.0040411972, -0.015701098, 0.000140174, 0.002693595, 0.021355554, -0.014889638, 0.012030209, -0.0015311468, -0.0077088657, 0.002693595, 0.038563646, -0.0024263284, 0.015920063, -0.0014168341, -0.028130597, -0.006987568, 0.047605626, -0.008468804, 0.00749634, -0.021819245, -0.0018982356, -0.016808804, -0.011817684, 0.0012630754, -0.010548973, -0.007283815, 0.0128867505, 0.024678674, -0.0013009113, 0.03451923, -0.0046401317, -0.0043374444, -0.008604047, -0.019771276, -0.015134364, 0.0072129737, 0.003368201, 0.00832712, 0.014760835, 0.009099939, 7.45146e-05, -0.009151461, -0.009370426, 0.011457035, -0.0048140157, 0.00060054444, -0.03029449, 0.013511445, -0.031376436, -0.022991354, -0.0021027105, -0.015855663, 0.0048397765, -0.0032120273, -0.022553423, 0.008211197, -0.02776995, -0.0025986026, -0.0033617609, -0.031917408, -0.009679553, 0.009376866, 0.022695106, -0.017826349, 0.016795924, -0.022128373, -0.012423059, -0.012777268, -0.0084366035, 0.00497824, 0.019822797, -0.0033617609, -0.0020141585, 0.00027028527, -0.024330905, -0.00996936, -0.031891648, 0.003532425, -0.002455309, 0.026005346, -0.013988017, 0.00539363, -0.021677561, 0.0059925644, -0.0052551664, -0.0012703206, 0.006056966, 0.012500341, 0.0047657145, -0.011598719, 0.008584727, -0.012513221, 0.02327472, 0.012204094, 0.012088171, 0.005364649, -0.002447259, 0.010606935, 0.033566087, -0.026378876, 0.025000682, -0.01452899, -0.00012447612, 0.0072065336, -0.0029834018, -0.0032925291, -0.022965593, 0.004723854, 9.7960794e-05, -0.032226536, 0.04520989, 0.010890302, -0.014232743, 0.008140356, -0.012841669, -0.008777931, 0.010111043, 0.026018227, 0.017491462, 0.01288031, -0.0037191894, -0.016100388, 0.008996896, 0.025065083, 0.012255615, -0.016783044, -0.013897855, -0.011676001, -0.01660272, -0.025477253, 0.0016647801, 0.014206982, 0.040804822, 0.0128159085, 0.008584727, 0.030500574, 0.0010916062, 0.010046642, 0.010948263, -0.02872309, 0.006105267, 0.012745067, 0.018753732, -0.027254736, -0.010516773, 0.004028317, -0.020492572, -0.0013669229, 0.0028481586, 0.011476357, 0.013846333, 0.028774614, -0.023120156, -0.0031363554, -0.01993872, 0.015082843, -0.01120587, 0.015688218, 0.008642688, -0.017504342, -0.0054934523, 0.0024053978, -0.009254503, -0.024150582, -0.003157286, 0.0034422628, 0.0037578305, 0.009370426, -0.02954743, -0.002118811, -0.0016019886, 0.0030816142, -0.0106970975, 0.0013685329, 0.0116115995, -0.014670673, 0.010458812, 0.0014659403, 0.0024440389, -0.0050490815, 0.021304034, 0.008816572, -0.031531, -0.025039323, -0.016035985, 0.0014691603, -0.032612946, -0.0132796, 0.015121484, 0.0001100864, -0.024858998, -0.033566087, 0.00040894985, -0.017388418, -0.0025470813, -0.00581224, -0.028027555, 0.028491246, -0.0070777303, 0.020505454, -0.011708202, 0.04374153, 0.02908374, -0.0032973594, -0.002535811, -0.010310688, -0.015108604, -0.0191015, -0.0019030658, -0.030912744, -0.0059474832, -0.036863446, 0.0064465953, 0.01494116, -0.011418395, -0.025683338, -0.011353993, 0.01581702, 0.020003121, 0.0029801817, 0.019243183, -0.015585175, -0.016087508, -0.0011342723, 0.004488788, -0.031891648, 0.0044211666, 0.017530102, -0.0018338341, 0.0440249, -0.034390427, 0.0086491285, -0.015404851, 0.004614371, 0.009531429, -0.018251399, 0.01868933, -0.013369761, 0.02331336, -0.013434163, -0.0036290274, 0.015520774, 0.021329794, -0.011592279, 0.02238598, 0.008700649, -0.015134364, -0.026688002, -0.010838781, 0.019809917, -0.0070068887, -0.0054548113, -0.0132796, -0.00541295, 0.0014232743, -0.0032216876, 0.015082843, 0.0103428885, -0.03117035, -0.00059973943, -0.009621591, -0.0015061912, -0.025464373, -0.019990241, 0.013575846, 0.016667122, 0.019475028, -0.006349993, -0.018444603, 0.009170781, -0.031891648, -0.007026209, 0.05935247, 0.009447708, 0.01205597, 0.008005112, -0.0291095, -0.017117932, 0.012229854, -0.00043511298, 0.01704065, -0.005119923, -0.0011415174, 0.0087908115, -0.0041184793, -0.01664136, 0.02820788, -0.007258055, -0.0012026989, 0.008030874, 0.0026372434, -0.020930504, -0.020840341, 0.022192774, -0.008784371, -0.010111043, -0.018161237, 0.043406643, 0.022707986, -0.027744187, -0.0044662473, -0.016023105, 0.0069489274, -0.01038797, -0.013601608, -0.0019819578, 0.019745516, -0.012139692, 0.022579184, 0.0057542785, 0.0011503727, 0.024459708, 0.036863446, -0.00065407826, -0.034364667, -0.016744403, 0.01499268, 0.025606057, -0.005371089, -0.030500574, -0.009325344, -8.51308e-05, 0.011089947, -0.021059306, 0.0013355272, -0.012410179, 0.013936495, 0.019062858, 0.0036419076, -0.0062372903, 0.022540543, -0.004002556, 0.00031335378, -0.0249234, -0.006353213, -0.003410062, -0.005773599, -0.012925391, -0.00788275, -0.0031846566, 0.00031717765, 0.005071622, 0.03490564, 0.0057929195, 0.035214767, 0.025696218, -0.005158564, -0.037146814, 0.02286255, -0.015572295, -0.022746628, -0.0086491285, 0.0021622821, -0.0046401317, 0.012642024, 0.01369177, 0.008829452, 0.028362442, -0.008372202, -0.0060859467, 0.009731074, -0.006813684, -0.0043567647, -0.0024762396, -0.00031295128, 0.026327353, -0.008262719, 0.033050876, 0.02038953, 0.0049879, 0.0016478747, -0.031376436, 0.0010569905, -0.017517222, 0.01081302, 0.025284048, 0.017646024, -0.016461037, 0.045879666, -0.0071936534, -0.017955152, -0.011579399, -0.0057703787, 0.017916512, -0.021046426, -0.001289641, 0.011605159, -0.012255615, 0.016950488, -0.009009777, 0.012326457, -0.005883082, -0.018882535, -0.005625475, 0.01996448, -0.0003662838, 0.012867429, 0.007966472, -0.0077475063, -0.02998536, -0.01990008, 0.030964265, 0.0045370893, 0.00032381905, -0.0005361429, -0.010600495, -0.00747702, -0.0055449735, 0.009112819, 0.042118613, 0.007856989, -3.730762e-05, -0.0061986493, -0.0018789152, -0.015533654, -0.012223414, 0.00025901498, -0.024588512, -0.018637808, -0.004485568, -0.0013894634, -0.02330048, -0.006781483, -0.0014908959, 0.020969145, -0.009087059, -0.0054612514, -0.012113932, 0.003068734, 0.031531, 0.03281903, 0.008269159, -0.0012083341, -0.013614488, 0.012487461, -0.02867157, -0.0038737531, -0.013614488, -0.008262719, 0.011875646, -0.017349778, -0.021432836, 0.018328682, 0.02947015, 0.011353993, -0.04412794, 0.006762163, 0.0035388651, 0.018071074, -0.00058726163, -0.012384418, -0.0031766065, -0.015456372, 0.002952811, 0.005197205, -0.003619367, 0.008378642, 0.045184128, -0.0077088657, 0.029418629, -0.0062662708, 0.011798364, 0.017929392, 0.0154950125, 0.007225854, 0.0023184558, 0.0042537223, 0.0153533295, -0.03207197, -0.024047539, -0.008642688, 0.014747955, 0.016113268, -0.0053485488, 0.016589839, 0.015675338, 0.0005566709, -1.3433761e-05, 0.00832712, 0.026791045, 0.0017517222, 0.010993345, 0.0147865955, 0.028336681, 0.011708202, 0.0050040004, 0.011450595, 0.018122597, -0.036760405, -0.009280263, -0.00747702, -0.0013516275, 0.013884975, 0.02037665, 0.010439491, -0.025825022, -0.012429499, 0.024833238, -0.021471476, 0.020582736, -0.0121074915, 0.0038383324, 0.0045821704, -0.01827716, 0.033102397, -0.0010457202, -0.026481917, -0.0008758611, 0.010426611, 0.0029978922, -0.00790207, -0.017620264, 0.0042923633, -0.0015303418, -0.04819812, 0.0030912743, -0.00034696335, 0.00995648, -0.009679553, -0.002738676, 0.0064111743, 0.0077990275, -0.0045886105, -0.0012751507, 0.011817684, 0.023583848, 0.015147245, -0.0059925644, -0.0010183495, 0.020196326, -0.006359653, 0.0029334906, 0.00056592864, -0.011444155, 0.0018048534, 0.003038143, -0.0014015387, -0.0006919142, 0.0102012055, 0.020943385, 0.014206982, -0.008662009, -0.016267832, -0.050258968, -0.002324896, -0.020685777, 0.017852109, -0.0074254987, -0.0014723805, -0.030912744, 0.009190101, -0.031891648, -0.0038383324, 0.01990008, 0.019346226, 0.0028111276, -0.018934056, 0.014889638, -0.010059522, -0.012584063, 0.020054642, -0.033463046, 0.0062662708, 0.008591167, 0.0082240775, 0.029779276, 0.0014200542, -0.012139692, -0.0055449735, 0.0053002476, -0.0024842897, 0.0104845725, -0.012191214, 0.012590503, 0.02156164, 0.022360219, 0.015276047, 0.008056634, -0.0008183022, 0.010587615, 0.024292264, 0.003282869, 0.01664136, -0.0154950125, -0.019178782, 0.0015834731, -0.013028434, -0.007509221, 0.0073610973, 0.01702777, -0.0015609326, 0.00791495, 0.011856325, -0.022720868, 0.009640912, -7.7684366e-05, 0.003989676, 0.015662458, 0.008352881, -0.011495677, 0.0057381783, 0.012783708, 0.012854549, -0.00038298796, 0.028774614, 0.015920063, 0.0066269194, 0.019784156, -0.00016362019, -0.00038661057, 0.020505454, -0.008455924, 0.005023321, 0.005103823, 0.0025293708, 0.015855663, -0.0035517456, 0.008636248, -0.0029705216, 0.005477352, 0.018959817, -0.009595831, 0.0017195214, -0.008739291, 0.02072442, 0.003616147, 0.009383306, 0.014696434, -0.010523213, 0.006536757, 0.0020898303, -0.0009619981, 0.023789933, -0.02818212, -0.005354989, -0.012538982, -0.009492788, 0.014322905, -0.009157901, -0.014580511, 0.011605159, 0.00538719, -0.0032941394, 0.0040508574, -0.014039538, 0.017504342, -0.0332312, -0.012642024, -0.02247614, -0.013627368, -0.0035195446, 0.0008146796, -0.0048172357, -0.01991296, -0.0149798, 0.019333346, -0.008005112, -0.025889423, -0.0035131045, 0.0041700006, 0.018341562, 0.012313576, -0.017929392, -0.007431939, -0.012210534, -0.013936495, 0.005023321, -0.009132139, 0.007818348, 0.0036773286, -0.0010690658, -0.0097053135, -0.018444603, -0.0072000935, 0.002249224, 0.01868933, -0.016692882, 0.011785484, -0.019681113, -0.0067428425, 0.007837669, -0.024356667, -0.011122148, 0.009801916, 0.013002673, -0.011998009, 0.0076122633, -0.010606935, -0.0045370893, 0.015276047, 0.00046691124, 0.0216518, 0.0015295368, 0.003902734, -0.014000897, -0.0064111743, -0.018444603, -0.036064867, -0.001701811, -0.0047496143, -0.019268943, 0.011147908, 0.02286255, 0.018225638, -0.013601608, 0.019256063, 0.0131636765, 0.0140137775, -0.007039089, -0.0027257956, -0.0048365565, -0.025631817, -0.0048140157, -0.01083234, 0.012519661, -0.010465252, -0.003535645, -0.0005981294, 0.028954936, 0.0047689346, -0.009608711, 0.017710427, -0.016937608, 0.00010545754, -0.0027177455, 0.0026340233, -0.025567416, -0.010207646, -0.0060054446, -0.009363986, 0.019436387, 0.019668233, 0.0001049544, 0.014850997, 0.017182333, -0.002113981, 0.0030832242, 0.00076195085, -0.013537206, 0.018972697, 0.013150796, -0.010252727, -0.0036708883, -0.0121783335, 0.022141254, 0.0038157918, -0.0012679055, -0.02323608, -0.014387307, 0.010111043, -0.007972912, 0.005110263, -0.009602271, -0.0034744637, 0.003651568, -0.0055900547, -0.008372202, -0.012010889, 0.005982904, 0.003162116, 0.016873207, 0.005239066, -0.013266719, -0.03204621, -0.00018887768, -0.029856559, -0.017646024, 7.250206e-05, -0.01745282, 0.007695985, -0.017955152, 0.0043116836, 0.009647353, -0.02201245, -0.0024070079, 0.008642688, -0.0029351006, -0.0022926952, -0.0052519464, -0.0074190586, 0.01080658, -0.02035089, 0.012010889, -0.013086395, 0.0013395522, -0.020569855, 0.019191662, 0.0026452937, -0.023184558, 0.0045789503, 0.0018821353, -0.013054194, -0.0021445716, -0.0075414213, -0.01539197, 0.022527663, -0.012146132, -0.010594055, -0.010194765, -0.01123807, 0.011186549, 0.0005848466, 0.015340449, -0.0071936534, -0.0047496143, -0.0016841005, -0.015546534, -0.008417282, -0.01119299, 0.0077925874, -3.2930322e-05, 0.0021799924, -0.0049685794, 0.0008142771, 0.013498565, 0.021252511, 0.037610505, -0.005071622, 0.012526101, -0.02076306, -0.008880974, 0.006321012, -0.002321676, -0.009029097, -0.025271168, 0.011514997, 0.002363537, -0.0013057414, -0.0016092338, -0.014451708, 0.020917624, -0.0072000935, 0.008288479, 0.004244062, -0.015894303, -0.021432836, -0.001165668, -0.0037256298, -0.011579399, 0.018470364, -0.0052648266, -0.0036708883, 0.032123495, 0.0029866218, -0.016924728, -0.0022121933, 0.0174657, 0.018315801, -0.011560078, -0.018959817, -0.024974922, 0.007644464, 0.012989793, 0.0050329813, 0.0055159926, -0.011978689, -0.0034551432, -0.009119259, 0.0077925874, -0.022205655, -0.010059522, -0.0011366874, -0.0050619617, -0.02947015, 0.028929176, -0.018792372, 0.024433948, 0.0069618076, -0.024987802, 0.009834116, -0.009531429, -0.012584063, 0.007805468, 0.007760387, -0.0025905524, 0.0045853904, -0.0029850118, -0.015907183, -0.0041023786, -0.02117523, 0.001534367, -0.018573407, -0.010214086, -0.0029592512, -0.002619533, 0.009872758, -0.005577174, 0.004900958, -0.017427059, 0.003773931, 0.000559891, 0.0045725103, 0.007109931, 0.00039687456, 0.004607931, 0.020054642, 0.0035903864, -0.00066333596, -0.0071421317, -0.036683124, -0.04737378, 0.002576062, 0.004279483, 0.013408403, 0.0042988034, -0.023081515, 0.008932495, 0.016847445, -0.0010433052, -0.030114165, -0.0017742628, 0.00706485, 0.00540973, -0.0132796, 0.026662242, -0.0020495793, 0.018727971, -0.019384867, 0.017362658, 0.006614039, -0.015971584, -0.011572959, -0.0018048534, 0.00996936, -0.01081302, -0.024395308, 0.012590503, -0.018290041, 0.004066958, 0.0052422862, 0.0077990275, 0.0108259, 0.00996292, -0.015147245, 0.011553638, -0.0104845725, -0.0040444173, 0.0059635835, -0.0012614654, -0.019616712, 0.013228078, -0.030114165, 0.0031894867, 0.013369761, 0.017633144, -0.008088835, 0.000707612, 0.0047624945, 0.002115591, 0.015726859, -0.0009821237, -0.009029097, 0.019565191, 0.01577838, 0.016834565, 0.00582512, -0.009827676, 0.0063854135, 0.008397962, 0.01950079, 0.015675338, 0.01125095, -0.0068394444, -0.002360317, 0.003947815, -0.0053388886, -0.038872775, 0.0026919849, -0.0051360237, 0.029186783, -0.0067492826, -0.016473917, 0.004285923, -0.007567182, -0.0065431977, -0.023094395, 0.008481684, -0.0002241979, -0.002786977, -0.013562966, 0.012139692, -0.044179462, 0.015456372, 0.0065013366, 0.0035614057, -0.01539197, -0.0050168806, -0.001706641, 0.00079857925, 0.018174117, -0.035781503, 0.017852109, -0.0121783335, 0.007728186, -0.0036773286, 0.037430182, 0.027048651, 0.005139244, -0.033153918, 0.0027161355, 0.02908374, 0.008520325, 0.007960032, 0.005857321, -0.022244295, 0.0050651818, 0.0034229425, 0.00248912, 0.008256279, -0.0029801817, -0.034982923, 0.0015883032, -0.0029302705, 0.0274093, 0.009795476, -0.0013492125, 0.008803692, -0.007444819, 0.036219433, 3.5169283e-05, -0.040495694, -0.017375538, 0.008784371, -0.0035453052, -0.000207695, -0.013356881, 0.02031225, 0.0021848227, -0.0037095293, 0.0019578072, 0.019307585, 0.0069618076, -0.013408403, -0.020415291, 0.0033585408, -0.013550086, 0.030603617, -0.0036934288, -0.014271383, -0.022604944, -0.0050458615, -0.022965593, 0.004820456, -0.0034229425, 0.0021284712, -0.0065818382, -0.007444819, 0.0060376455, -0.018496126, -0.012442379, 0.011798364, 0.0073804175, 0.0038737531, -0.017298257, 0.035060205, -0.022218535, 0.020222086, 0.0006065821, -0.0017919731, 0.00060134946, -0.010568295, -0.0032232977, -0.008906734, 0.0191015, 0.03364337, -0.031041548, 0.008262719, -0.0047109732, 0.012113932, -0.00060376455, -0.009170781, 0.007444819, 0.012725746, 0.012146132, -0.004198981, 0.008996896, -0.037713546, 0.03240686, -0.030139925, -0.0019400967, -0.010903182, -0.003493784, -0.0043149036, -0.008964696, 0.014284263, -0.015585175, 0.012229854, 0.003996116, -0.014644912, 0.017285377, 0.01745282, 0.009170781, -0.030912744, -0.006108487, 0.0077990275, -0.013575846, 0.037584744, 0.0090741785, 0.005477352, -0.014181221, 0.01705353, 0.002324896, -0.012017329, 0.026378876, 0.009428387, 0.0048365565, 0.0045177685, 0.02081458, 0.00207856, -0.0033166797, 0.029341346, -8.437609e-05, 0.01451611, -0.005177885, -0.010639136, 0.01246814, -0.0050201006, 0.023403523, 0.00053372787, 0.0018048534, 0.014464588, 0.018856773, -0.009293144, -0.0054676915, -0.0057188575, 0.010111043, 0.0051360237, 0.0011825735, -0.0113282325, -0.014168341, -0.009454148, 0.010870982, 0.013434163, -0.026816806, -0.016293593, -0.018174117, 0.009209421, -0.0076187034, -0.015340449, 0.00079898175, 0.005116703, 0.003951035, 0.0065399776, -0.01952655, -0.009866318, -0.0022121933, 0.017581623, -0.009447708, -0.0016680001, -0.025399972, -0.00052930025, 0.021819245, 0.0028095176, 0.017646024, -0.011463476, 0.014413067, -0.0054676915, 0.011888526, -0.0019175562, 0.014245623, 0.012590503, 0.004459807, 0.00027350534, -0.022179894, -0.015907183, 0.025142366, -0.016074628, 0.0018451044, 0.025670458, -0.02408618, 0.013344001, 0.0045081084, -0.0015842782, 0.0031460158, -0.009222302, 0.013182998, 0.014683553, 0.006275931, 0.0062533906, -0.01330536, 0.02287543, -0.021046426, -0.0017517222, 0.008964696, 0.022373099, 0.005567514, 0.0035485255, 0.024343787, 0.010020881, 0.00091691705, -0.00705197, 0.0153533295, 0.029289825, 0.017092172, -0.0038190119, -0.0067557227, 0.0048172357, 0.003276429, -0.010574735, -0.008269159, 0.00497502, 0.010143244, 0.0077861473, 0.009621591, -0.007934271, -0.016873207, -0.029650474, 0.01537909, 0.016267832, 0.0058315606, -0.0013001063, -0.002577672, -0.0048365565, -0.00016140638, -0.00065166317, -0.0050490815, -0.00022399664, -0.006813684, 0.0075736223, 0.009479908, 0.008340001, -0.010703538, 0.0034583632, 0.005187545, -0.017014889, -0.004440487, -0.013884975, 0.019333346, 0.0002241979, 0.0043020234, 0.011972249, -0.0069167265, 0.010310688, -0.018560527, -0.015546534, 0.012944711, -0.01620343, 0.0123200165, -0.0001203504, 0.0103428885, 0.021445716, -0.02661072, 0.022218535, 0.008713529, -0.00332634, 1.927644e-06, -0.008829452, -0.03405554, -0.0040572975, 0.004475908, -0.020402411, 0.006134248, 0.015958704, 0.016499678, -0.013988017, 0.04119123, 0.0040122163, -0.0041377996, 0.007831229, 0.011740402, -0.0030606836, 0.0053292285, -0.004653012, 0.0033037995, 0.004247282, 0.034364667, -0.024704434, 0.010677777, -0.0009805136, 0.003651568, 0.010420171, -0.0076380237, -0.00374817, 0.0024746296, 0.022978473, 0.004936379, -0.008108155, -0.013150796, -0.0014868708, 0.01575262, -0.035369333, -0.0026839345, -0.012680666, -0.0025068303, 0.0054676915, -0.012403739, -0.03980016, -0.013331121, -0.013202318, 0.000559891, -0.022540543, 0.027718427, -0.0046369117, -0.0026630042, 0.004723854, -0.008707089, -0.0031846566, -0.022592064, 0.009306024, -0.0133826425, 4.5408124e-05, -0.027486581, -0.0015456371, 0.015984464, -0.018186998, -0.020157686, 0.0032168573, -0.015868543, -0.023004234, 0.016576959, 0.0072902553, 0.025026442, -0.0052229655, -0.010542533, -0.010046642, -0.00073780026, -0.0085074445, -0.033050876, -0.009235182, 0.0026259732, 0.0059668035, 0.0015327568, 0.014735075, 0.0012373148, -0.0028352782, 0.0024086179, -0.003944595, -0.008816572, 0.004707753, -0.029367106, -0.006527097, -0.008488124, 0.0004157925, 0.008275599, -0.0024231083, 0.003616147, 0.0032667685, -0.009685993, -0.0035388651, 0.016139029, 0.018058194, -0.012326457, 0.01162448, -0.001576228, 0.019307585, -0.010703538, -0.013408403, -0.008713529, -0.0016349944, 0.0040540774, 0.00031254877, -0.014838117, 0.0018322241, -0.0078698695, -0.00062952517, 0.018521886, -0.0059635835, 0.010858102, -0.012654904, 0.010420171, -0.0036290274, 0.017710427, 0.015211646, -0.011360434, 0.019990241, -0.009409066, 0.0017098611, -0.008372202, -0.0011423226, 0.02451123, -0.016499678, 0.019011337, 0.012712866, -5.2930023e-05, -0.006523877, 0.016254952, 0.00015637501, -0.00062912266, -0.0009378476, 0.010291368, 0.018109716, -0.0044276067, 0.004208641, -0.0047914754, 0.010600495, -0.031350676, 0.016280713, -0.0142971445, 0.0015713979, 0.022746628, -0.012500341, 0.0006931217, 0.0006331477, 0.012790148, -0.019590952, -0.010574735, -0.01537909, 0.011341113, -0.0011157568, -0.00416356, -0.006362873, 0.0040540774, 0.015031322, 0.007522101, 0.014644912, -0.017542982, -0.0024746296, 0.0005317153, -0.030706659, -0.010233406, -0.028877655, 0.012030209, 0.008017993, 0.021033546, -0.016989129, -0.009570071, -0.00540973, -0.008945376, -0.0005490232, -0.0005526458, 0.024536991, 0.000217959, -0.0132796, 0.004450147, -0.0030510235, -0.019745516, -0.020441052, 0.032226536, -0.020441052, -0.021020666, 0.0028916297, -0.00026304007, 0.012358657, 0.031891648, 0.0069167265, 0.013975136, 0.008146796, -0.0030655137, -0.009473468, -0.0121074915, 0.019178782, -0.0043889657, -0.012712866, 0.014361545, -0.0043438845, 0.0059764637, -0.01371753, -0.01870221, -0.026919847, 0.0060086646, 0.01121231, 0.02787299, 0.01702777, 0.030500574, -0.01163092, 0.011444155, -0.014310025, 0.0059796837, -0.006272711, -0.0024746296, 0.014747955, -0.0034326026, -0.005899182, 0.019307585, 0.014258503, 0.008217637, 0.000135042, 0.025515893, 0.002693595, -0.008443044, -0.026056867, 0.005448371, -0.0036741085, -0.01040085, 0.0046304716, 0.001745282, 0.01911438, 0.009608711, -0.00790851, -0.0028062975, -0.018818133, 0.014451708, -0.003075174, 0.017633144, -0.01121875, -0.016886087, -0.018753732, 0.003070344, -0.018186998, -0.037610505, -0.017220974, 0.020260727, 1.8207274e-06, -0.0076380237, 0.016100388, -0.0066848807, -0.004189321, 0.005351769, 0.013601608, 0.014709314, -0.02205109, -0.021085067, 0.019565191, 0.0006782288, 0.011830565, 0.018650688, -0.0019320465, -0.006192209, 0.011025545, -0.0037674906, 0.0124617, -0.025271168, -0.0072194138, 0.025374211, -0.03907886, -0.013949376, -0.005451591, -0.009299584, -0.002785367, -0.0022910852, -0.0019755175, 0.0041377996, -0.0005067597, -0.0055578537, 0.0032458382, 0.01494116, 0.013627368, 0.0025084403, -0.013807693, -0.0025164906, -0.009898518, 0.011998009, 0.025709098, -0.0007394103, 0.035626937, 0.0030800041, 0.014670673, 0.009518549, -0.0066398, 0.017324017, -0.022282936, -0.0013476025, 0.020930504, 0.02324896, -0.0048365565, 0.010548973, 0.015185885, 0.008739291, -0.00539363, 0.008217637, 0.00832068, -0.005358209, -0.01577838, 0.0121074915, 0.009660233, 0.013588727, 0.013859213, 0.008797252, 0.011682441, -0.009492788, -0.005612595, -0.017002009, 0.004450147, 0.0057607186, 0.014477468, 0.02872309, -0.0050201006, -7.9495665e-05, -0.01246814, -0.0016969808, 0.0265592, -0.008571846, -0.0032136373, -0.013756171, -0.0033939616, 0.030036883, 0.0075865025, 0.007232294, 0.0073610973, -0.01617767, 0.018586287, -0.006092387, 0.006440155, 0.0073288963, -0.0123908585, -0.020466812, 0.004227962, 0.009325344, -0.0070906105, 0.011991569, 0.0026903749, -0.0008178997, 0.0066913213, 0.0050394214, -0.003619367, -0.0042891433, 0.0065431977, 0.020106165, -0.0026485138, -0.0017130813, 0.012023769, 0.008088835, -0.017324017, 0.030165685, -0.0059732436, -0.00057921145, -0.006897406, -0.0037127493, 0.008488124, -0.0027274056, -0.019191662, 0.012358657, 0.02206397, -0.008681329, 0.013769051, -0.029315585, 0.006082726, 0.018006673, -0.0035968267, -0.03781659, -0.0011696932, 0.035858784, -0.011527877, 0.022630705, -0.0085782865, 0.033385765, -0.015894303, 0.02069866, 0.0018853553, -0.006974688, -0.035446614, -0.0017581623, -0.0024359887, 0.026507678, 0.012371538, -0.0050619617, 0.008520325, -0.016538318, 0.02947015, 0.023532327, -0.009814796, 0.006282371, -0.011676001, 0.009351105, -0.037146814, -0.03075818, -0.0066848807, 0.011173669, 0.018895416, 0.0039317147, -0.0012654904, 0.004694873, -0.02411194, -0.03248414, -0.015482132, -0.0049621393, 0.005850881, -0.0023957377, -0.004649792, 0.00089196145, -0.020428171, 0.018521886, -0.017800588, -0.007960032, 0.018727971, 0.009769715, 0.012094611, 0.025799261, 0.013524326, 0.0060022245, -0.0073739775, 0.008552526, -0.008333561, -0.00024653718, 0.009808356, 0.0068394444, -0.015224527, 0.0002003492, -1.2609874e-05, 0.003535645, 0.0158299, 0.011766164, 0.0109804645, 0.01584278, -0.010214086, -0.014310025, 0.018109716, -0.012687106, -0.00014812357, 0.026713762, -0.0078698695, 0.012551862, 0.00789563, 0.01908862, 0.002949591, -0.013524326, -0.009331784, -0.011469916, -0.008378642, 0.0021059306, -0.004720634, 0.011514997, 0.0039123944, -0.0011326623, -0.02576062, -0.0072516147, -0.008198317, -0.019977361, -0.014593392, 0.023364883, -0.007779707, -0.006362873, 0.008043754, 0.021845005, -0.00954431, -0.008662009, -0.033153918, 0.013041314, 0.0003405232, -0.0019819578, -0.005696317, -0.002569622, -0.026739523, -0.018521886, 0.024266504, 0.018212758, 0.00033368054, -0.034416188, -0.0031283053, -0.010935383, 0.015211646, 0.0018901855, -0.013118596, 0.010233406, -0.011901407, 0.019565191, 0.0059249424, 0.0035742861, -0.009241623, -0.0031089848, 0.018663568, 0.020982025, -0.014052418, -0.008017993, -0.0036064868, -0.016293593, -0.010214086, -0.0066398, 0.0007015744, -0.025567416, -0.013182998, -0.0054966724, 0.015855663, -0.024240743, 0.009170781, -0.005203645, -0.0028755292, 0.004498448, -0.010716418, -0.004224742, -0.003651568, 0.018856773, -0.01122519, -0.0031701664, 0.025618937, -0.0067106416, -0.006079506, 0.025361331, 0.028027555, 0.011849885, -0.023506565, 0.009318904, -0.0018966256, 0.005110263, -0.020170566, 0.004723854, -0.003413282, -0.006858765, 0.003281259, 0.013240959, 0.0023506565, -0.006073066, -0.002569622, -0.00019642473, 0.0102012055, 0.00040633354, 0.0035646257, -0.0048365565, -0.0015053862, -0.020917624, 0.022617824, 0.018367322, 0.005026541, -0.008178997, 0.013009113, -0.015173005, 0.00332312, -0.004746394, -0.022939833, 0.0059668035, 0.0150699625, -0.02787299, -0.007966472, -0.006150348, 0.0046208114, 0.024433948, -0.0048397765, 0.026378876, -0.012094611, -0.014400187, -0.016048865, 0.007940711, 0.029315585, 0.0054709115, -0.014065298, -0.0022669346, -0.012474581, -0.0037900312, -0.0026066527, -0.0050587417, -0.0018080735, -0.002447259, 0.009389746, -0.009840556, 0.007567182, 0.024253624, 0.018843893, -0.0070906105, -0.003117035, -0.0033521007, -0.015997345, -0.024717314, 0.01038797, 0.001455475, -0.018470364, 0.020878982, 0.017208094, -0.018457484, -0.011695322, -0.009885638, -0.008352881, 0.011347553, -0.0035678458, -0.0028706992, -0.016783044, 0.013498565, 0.01370465, 0.018805252, -0.0034197222, -0.0050845025, 0.012699986, 0.049614955, 0.014413067, -0.0104845725, -0.00832712, -0.0043567647, 0.013781932, 0.008777931, 0.029573191, -0.012526101, 0.015636696, -0.017079292, 0.013846333, 0.0118241245, -0.00088149623, 0.014310025, -0.0009845387, 0.011727522, 0.017929392, 0.00705841, -0.021471476, -0.012584063, -0.008494564, -0.014760835, -0.0037127493, -0.017633144, 0.0038898536, 0.006552858, 0.005854101, 0.0022814248, 0.008526765, 0.0062276297, 0.014670673, -0.016589839, 0.018302921, 0.0017613824, -0.016332233, -0.00332312, 0.0076251435, 0.021381315, 0.01080658, -0.022154134, -0.008391522, 0.026481917, 0.016306473, -0.0039703557, 0.009653793, -0.02117523, -0.024060419, 0.0112638315, 0.0224375, -0.011334673, -0.0045370893, 0.00081950973, -0.004282703, 0.004247282, -0.009499229, 0.01369177, -0.016680002, -0.022514783, -0.02197381, -0.010993345, -0.0035871663, 0.00032744164, -0.009099939, -0.010761499, 0.026842566, -0.0080823945, -0.0017533322, 0.00020356927, 0.0025873324, -0.008745731, 0.025773501, -0.002704865, -0.01410394, -0.01868933, -0.031737085, 0.017607383, 0.016718643, 0.0068394444, 0.004855877, -0.0016760504, 0.014735075, -0.003368201, 0.028104836, -0.006140688, 0.004723854, 0.033488806, 0.012365097, -0.00034354202, 0.00072814, 0.0024424288, -0.029573191, 0.032612946, -0.012590503, -0.015868543, 0.0066591203, 0.0037578305, 0.007258055, -0.010297808, 0.019397747, 0.017568743, -0.026211431, -0.0013129866, 0.0006403929, -0.018740851, 0.008404402, 0.0013604828, 0.017208094, -0.019642472, -0.0027563863, -0.012738626, -0.007232294, 0.00871997, 0.012448819, 0.020904744, -0.030990025, 0.008352881, 0.030886983, -0.0066977614, 0.022604944, 0.004681993, -0.013498565, 0.008984016, 0.007824789, -0.010053082, -0.0094219465, -0.007554302, -0.025335569, 0.0023377764, -0.022257175, -0.017646024, 0.003197537, 0.0012944712, 0.020067522, 0.003410062, 0.0052938075, -0.009589391, -0.0029705216, 0.0147221945, -0.016847445, -0.021381315, -0.013511445, 0.0024263284, -0.008713529, -0.008752171, 0.0012807858, 0.0025969925, -0.0022604945, -0.00089437654, 0.00051601743, -0.0059249424, -0.011946487, -0.012551862, 0.001621309, 0.03943951, 0.010188325, 0.028954936, -0.010967584, 0.025258288, 0.007225854, -0.018212758, 0.011811244, -0.024227863, 0.0036000467, -0.02071154, -0.0020866103, 0.0039671357, 0.006076286, 0.005445151, -0.0047657145, 0.00030550486, -0.023957377, 0.008610487, -0.0099758, -0.0080823945, -0.011450595, -0.011592279, 0.0021526217, -0.0077475063, 0.0049975603, 0.008269159, 0.002159062, -0.001991618, -0.0056641162, -0.025863662, -0.021394195, 7.880385e-06, 0.013859213, -0.00832068, -0.015920063, 0.008932495, 0.016847445, -0.024292264, 0.006359653, -0.0076509044, 0.008971136, -0.005197205, 0.0061664484, -0.014709314, 0.024292264]"
ホラーアトラクション,fromCluster,0.2222,18.0,0.8551,"[-0.0318276, -0.06814917, -0.00042419907, -0.01297707, -0.0045579737, -0.0029047304, -0.05526454, 0.018061237, -0.024162237, 0.0045295306, -0.026096353, 0.047442745, -0.011490929, -0.016781306, -0.040644895, -0.009649252, -0.005941009, -0.034643445, 0.015359162, -0.02545639, 0.06547554, 0.013112173, -0.03606559, 0.03154317, 0.0025918586, 0.0022949858, 0.018786531, 0.017279057, -0.026124798, -0.0025296398, -0.0062467703, 0.013254388, 0.032567114, 0.04846669, 0.0048530684, 0.029438393, -0.007885792, 0.049291532, 0.024233345, 0.04337541, -0.012443766, -0.029865038, -0.011874908, -0.0056885784, 0.00060441147, 0.026821649, -0.0050343922, -0.014235668, 0.000405089, 0.0002662077, 0.0037686832, -0.033676386, 0.00825555, 0.022185456, -0.004003337, 0.0071000573, 0.032595556, 0.0068689585, 0.012130894, 0.041469738, -0.029353065, 0.011654476, 0.009165722, 0.01936961, 0.022356113, -0.0053828172, 0.022498328, -0.00038775662, -0.018701201, -0.0022878752, 0.044797555, -0.0004159773, -0.0013981459, -0.03356261, -0.00584857, 0.010957625, 0.019611375, 0.036947317, -0.01179669, 0.00012843743, -0.03017791, 0.030234795, -0.014185892, 0.017065736, -0.008312436, 0.0045366413, -0.02940995, -0.043745168, -0.027461613, 0.01366681, 0.0039357855, -0.010523871, 0.014605425, -0.0062254383, 0.00035353628, 0.014989404, 0.011846465, -0.01051676, 0.02606791, -0.0101683345, 0.047016103, -0.021901028, -0.023707151, -0.031031195, 0.016553763, -0.009521258, -0.0004888622, 0.038028147, -0.016781306, -0.02369293, -0.0013190391, -0.029523723, 0.036748216, -0.0584217, -0.015487155, -0.012450877, -0.020237118, -0.023934694, 0.026793204, -0.029324623, -0.026480334, -0.037345517, -0.00018810085, -0.032140467, 0.058051944, -0.024859088, 0.012834855, 0.03413147, -0.02045044, -0.0097914655, 0.015344941, 0.0450251, 0.0074378164, 0.0044299806, 0.016667536, -0.014904076, -0.017975908, -0.008326657, -0.041668836, -0.0063143224, -0.05045769, -0.011426932, -0.003914453, -0.013602814, -0.01652532, -0.0073809307, -0.018715423, -0.013432156, -0.050087932, 0.018246116, 0.03233957, -0.036236245, -0.03657756, 0.06194862, -0.03125874, -0.047528073, -0.04493977, 0.025314175, -0.03945029, -0.019995354, -0.04050268, -0.015771585, -0.018644316, 0.036634445, 0.020777533, -0.05967319, 0.07281381, -0.019696703, -0.006872514, -0.0020230007, -0.058222603, 0.011846465, 0.018985631, -0.03205514, -0.022768535, 0.0344159, 0.024617324, -0.019924246, -0.031315625, -0.0087177465, 0.00033309293, 0.07008329, 0.016738642, -0.05367174, 0.0037046869, -0.018103901, -0.0024674209, -0.00066307496, 0.032680884, -0.0283149, -0.007011173, -0.03825569, 0.0050841672, -0.026480334, -0.02507241, -0.009279494, -0.023365837, -0.04030358, 0.019127846, 0.0052086045, -0.02143172, -0.03430213, 0.009784355, -0.003953562, -0.009329269, -0.015686255, -0.017250614, -0.023038743, -0.02232767, 0.008120446, 0.014200115, 0.03316441, -0.015871134, -0.017563486, -0.017037293, 0.036037143, -0.026139019, 0.0318276, -0.0035624723, -0.0035162526, 0.02713452, -0.019966912, 0.00047064098, 0.018260337, 0.021133069, 0.015785806, 0.003180271, 0.021744592, -0.009862573, -0.04158351, -0.054553468, -0.026395004, -0.018957188, 0.023351615, 0.043176312, 0.008980843, -0.01602757, -0.00029153965, 0.050486136, 0.0044193147, -0.024716875, 0.034956314, -0.013624146, 0.033107527, 0.006776519, -0.008234218, -0.0030771655, -0.011277607, -0.007985342, 0.014349439, 0.020322448, 0.010139891, -0.0035500287, -0.010054562, 0.031457838, 0.015344941, 0.012450877, 0.030718325, 0.0097701335, -0.0062894346, -0.017833693, 0.02310985, -0.018160786, 0.010402988, 0.017776808, 0.011206499, 0.0017607928, 0.0012274886, -0.00757292, -0.021645041, 0.044029597, -0.04653257, 0.003939341, 0.006968509, 0.03913742, 0.037203304, 0.007501813, -0.008838629, 0.013809024, 0.0044655344, 0.02114729, -0.0085542, -0.010801189, 0.020635318, -0.014832969, 0.038198806, 0.02626701, 0.03194137, -0.018516323, 0.014228557, 0.006961398, -0.02743317, -0.0027465168, -0.009229719, 0.041697282, 0.052249596, 0.0013634812, -0.02339428, 0.022285007, -0.056772012, 0.0018576764, 0.0015501376, 0.0089168465, -0.03785749, 0.004294877, 0.015302276, 0.0037437957, 0.044598456, 0.014349439, 0.027589606, 0.05853547, 0.017293278, -0.017847916, 0.017833693, -0.0054823677, -0.03825569, -0.0067800744, -0.057397757, 0.0086181965, -0.03737396, -0.011711361, 0.01366681, 0.007345377, -0.0142427785, 0.023266286, 0.05310288, -0.001386591, -0.04670323, 0.021573935, 0.0104669845, -0.0032727104, -0.03492787, -0.0047250753, -0.0120171225, 0.0128917415, -0.012230444, 0.008184442, 0.028471336, 0.026906976, -0.012749527, -0.0073382664, -0.014171671, 0.023564937, -0.0037544619, -0.04519576, -0.021218399, 0.018473659, -0.039507177, 0.010488316, 0.0088172965, 0.0006750743, -0.0065809744, 5.380262e-05, -0.027546942, 0.0075444775, -0.025541717, 0.0458215, 0.015999127, 0.01868698, 0.024133794, -0.007423595, 0.012813523, 0.033647943, -0.009763023, -0.010779857, 0.0043766503, 0.00584857, 0.034444343, 0.0037793494, 0.0063178777, -0.05145319, 0.0025971916, -0.030519225, 0.027660713, -0.002522529, -0.030462338, 0.00397845, -0.010104338, -0.00048486242, 0.009777244, 0.014100564, -0.024517773, -0.024816424, -0.0008368432, -0.019070959, 0.0281158, 0.007092946, -0.074463494, 0.016184006, 0.033079084, 0.0038682334, 0.008589754, -0.036094032, 0.017933244, 0.0046966327, 0.01189624, 0.03794282, -0.008013785, 0.0021634374, -0.025029745, -0.03782905, -0.02989348, 0.04906399, -0.01111406, 0.0018194563, 0.016795529, -0.0008999509, 0.024475109, 0.0067196335, 0.036094032, 0.01692352, -0.022256564, -0.011249164, -0.01514584, 0.013709474, 0.0028514, 0.03330663, -0.009521258, -0.028570885, -0.018416774, -0.008170221, 0.045167312, 0.015714698, 0.00043908716, -0.01642577, 0.025939919, -0.004038891, 0.007686692, 0.024560438, -0.06678391, 0.040445793, -0.010808299, -0.03708953, -0.04001915, -0.006851182, 0.01061631, 0.025228845, 0.0228112, 0.0029367288, 0.0012879297, -0.013048177, 0.014392104, -0.011654476, 0.002550972, 0.011647364, 0.03606559, 0.0356105, 0.026778983, 0.033761714, 0.015330719, -0.024062688, 0.0014994737, 0.013937018, -0.013801914, -0.005308155, -0.0027571828, 0.00081639993, -0.004988172, -0.009969234, 0.014889854, 0.016141342, 0.05162385, 0.02675054, -0.031287182, -0.023536494, 0.0046361913, -0.0134890415, 0.06376897, 0.006755187, -0.0048210705, 0.0102678845, 0.0024976416, 0.019952688, 0.02272587, -0.008219996, 0.016795529, -0.05290378, -0.0031998255, -0.0012230444, 0.006815628, 0.0055783624, -0.024048466, 0.0038717887, -0.024475109, 0.014285442, 0.019298503, 0.012109562, 0.027191406, -0.03233957, 0.015487155, 0.032794654, -0.03589493, 0.033391956, 0.0006981841, 0.00073196006, -0.05034392, -0.013183281, -0.0150178475, 0.004316209, 0.0072422717, -0.005201494, -0.035809603, 0.015728919, -0.022484107, -0.03970628, 0.025925696, -0.019625597, -0.013972571, -0.0025651935, -0.013197502, -0.0056316927, -0.025299953, -0.008788854, -0.0031998255, 0.0030291681, -0.008070671, -0.0044868663, 0.0021758813, 0.016795529, -0.011768247, -0.018416774, -0.0062609916, -0.025769262, 0.020763312, 0.016255112, 0.0049099545, -0.008973733, 0.027959364, -0.022825422, -0.004038891, -0.0068298494, 0.00845465, -0.0043375413, 0.011270496, -0.013339717, -0.020180233, 0.027646491, 0.0360087, -0.002913619, -0.016383106, -0.011583368, -0.0020923303, -0.03509853, 0.0031429396, 0.018558988, -0.011839354, -0.021744592, -0.010111448, -0.014050789, 0.034984756, 0.0008866183, 0.013033955, -0.02537106, 0.0040068924, 0.0021634374, -0.007622695, -0.020521548, 0.021460162, 0.007857349, 0.017179508, -0.014392104, -0.04337541, 0.0039037871, 0.014555651, 0.0049810614, 0.001654132, 0.020706426, 0.023308951, -0.020706426, 0.019838918, 0.004245102, -0.005773907, -0.019952688, 0.026210126, 0.01023233, -3.591471e-05, -0.03194137, -0.017919023, -0.006086779, 0.0025420836, -0.0018985631, -0.015544041, 0.019156288, -0.011035843, -0.020848641, 0.0028442892, -0.019611375, -0.013453488, -0.015501376, 0.010111448, 0.0005724132, 0.02625279, 0.02615324, 0.028357564, -0.032823097, -0.0025811924, -0.012984181, -0.036492232, 0.0100687845, -0.045281086, 0.019398052, -0.012358437, 0.011832244, -0.0020247784, 0.01327572, 0.005144608, 0.044086482, 0.0139654605, -0.015401826, 0.051481634, 0.01877231, 0.016596427, 0.021218399, 0.018985631, 0.013503264, 0.014790304, -0.00511261, 0.018985631, 0.0016016904, -0.012728195, 0.010189666, -0.019099403, 0.00046041934, -0.007636917, 0.006399651, -0.024901753, 0.0030505003, -0.011562036, -0.009258161, 0.0018345666, 0.007501813, 0.039677836, -0.0159138, -0.03424524, 0.0035429178, 0.011078507, 0.003953562, 0.016895078, 0.042493682, 0.008347989, 0.024930196, -0.00865375, -0.0031731601, -0.016368885, 0.000115660354, -0.023977358, 0.024460888, -0.021019299, 0.018430995, 0.011512261, -0.0002570971, 0.0173075, -0.019497603, 0.033079084, -0.014185892, -0.0032833763, -0.009329269, -0.0124935405, -0.012251776, -0.0073382664, 0.007452038, -0.011931794, 0.016767085, 0.018217674, 0.017350165, 0.008589754, -0.023948915, -0.03177071, -0.015814248, -0.02525729, 0.019440718, -0.0112207215, -0.026978083, 0.018260337, -0.0027909589, 0.003018502, 0.04405804, 0.022427222, -0.03893832, -0.0076938025, -0.027987806, 0.017065736, -0.0038611228, 0.0044904216, 0.008219996, -0.021275284, 0.042436797, 0.010957625, -0.02517196, -0.04121375, -0.035439845, -0.013709474, -0.009108837, 0.011234943, -0.0059232325, 0.017463936, 0.0001132716, 0.005397039, -0.008006674, 0.00992657, -0.024318673, 0.009002175, -0.057682186, -0.00481396, 0.023977358, -0.005144608, -0.009208387, 0.0035553616, -0.05065679, 0.01278508, 0.0057276874, 0.023081407, 0.0065560867, -0.0092937155, 0.01789058, -0.0045864163, 0.001386591, -0.022484107, 0.013446378, 0.0134677095, -0.0055392534, -0.01552982, -0.040474236, -0.0472152, 0.027006527, 0.017648814, 0.018857637, 0.005827238, 0.005685023, -0.009848352, 0.0066805244, -0.010673195, -0.021161512, 0.018729646, 0.0011759358, -0.0046930774, 0.002590081, -0.010253663, -0.021559713, -0.018530544, 0.007729356, 0.0068831802, -0.027959364, -0.010886517, -0.006979175, 0.007245827, -0.032026697, -0.00024665322, 0.017833693, 0.023579158, 0.037231747, -0.015785806, -0.015302276, -0.015728919, 0.00085639773, 0.031713825, -0.03194137, 0.0150178475, -0.004504643, -0.043716725, -0.0050877226, 0.064167164, 0.016184006, 0.0062858793, -0.009876794, 0.023621822, 0.016098678, -0.044029597, -0.003864678, -0.010438542, 0.010139891, -0.004237991, -0.055122327, -0.03714642, -0.019213174, -0.027106076, -0.004433536, 0.007622695, -0.017179508, 0.0005030837, -0.0079569, 0.0067800744, -0.021204177, -0.013937018, 0.00075773644, 0.0129912915, -0.038881436, 0.009656362, -0.0072493823, 0.016397327, 0.05554897, 0.021047741, 0.0066343048, -0.0071924967, -0.0078431275, -0.02134639, 0.0003193159, 0.014349439, -0.013951239, 0.027106076, 0.01514584, 0.015899576, -0.040474236, 0.019198952, 0.04630503, 0.008660861, 0.0064245383, -0.0152169475, -0.01297707, 0.008539978, -0.028698878, 0.018729646, 0.02231345, 0.0070858356, 0.0030149466, -0.028897978, -0.013617035, -0.026864313, 0.024603102, -0.017634593, 0.00962792, -0.014477433, -0.0025260844, 0.01592802, 0.00032464895, 0.027362064, -0.0044406466, 0.011327382, -0.003569583, 0.001236377, 0.026309676, 0.01965404, -0.00619344, -0.0055534746, 0.0019056738, 0.006577419, -0.0149182975, 0.048239145, -0.011832244, 0.03157161, 0.0027927365, -0.006833405, -0.030632995, -0.0088955145, 0.0023536494, -0.00836221, 0.010779857, -0.012010012, -0.0032993755, 0.017165286, -0.009798576, -0.003141162, 0.018615874, 0.027774485, -0.0011786023, -0.010260774, 0.035838045, 0.022484107, 0.02733362, 0.015174284, 0.015444491, 0.022569435, -0.0100687845, -0.024020024, 0.024603102, 0.022498328, -0.014960961, -0.0024994193, 0.007985342, -0.018942967, -0.010147002, 0.028343342, -0.048552018, 0.027646491, -0.0069294, 0.002478087, 0.0141432285, -0.012955737, 0.025612826, -0.020919748, -0.019483382, 0.002478087, 0.0029473947, 0.030888982, -0.037914377, -0.005781018, 0.011313161, 0.008952401, -0.015387605, -0.016212448, 0.0027074078, -0.013638367, -0.0061792186, -0.011213611, 0.015188505, 0.01680975, -0.03316441, 0.01150515, -0.023308951, 0.024190681, 0.0052726013, -0.028528221, 0.0054112603, 0.013873021, 0.0024425334, -0.009919459, -0.00403178, 0.011163835, 0.0006799629, 0.0038860103, -0.029751265, -0.0063356543, 0.032311127, -0.023095628, 0.030746767, -0.02545639, 0.005329487, 0.0025865256, -0.008106224, -0.039962266, -0.028869536, 0.013595703, 0.010459874, -0.016752863, -0.0018132344, -0.016994629, -9.443929e-05, -0.006879625, 0.0126144225, -0.030121023, -0.0073880414, -0.0021509938, -0.034671888, -0.0009546146, 0.06593063, 0.018217674, -0.040673338, 0.005734798, 0.012472209, 0.0064920904, -0.0015519153, -0.017719923, -0.016752863, 0.022540992, -0.025129296, -0.024475109, -0.047471188, 0.00062574365, -0.0071498323, -0.031912927, -0.037573062, 0.0019287837, -0.046873886, 0.0033402622, 0.000545748, 0.03854012, -0.0011626033, -0.005105499, -0.016695978, 0.01622667, 0.012927295, -0.00491351, -0.011576258, 0.007295602, 0.018075459, -0.04229458, -0.01612712, 0.0025047523, 0.0232094, 0.013019734, -0.04201015, -0.028869536, 0.037203304, 0.037686832, -0.0103674345, -0.011583368, 0.0073667094, 0.0005368596, -0.027290955, -0.019597152, 0.011313161, 0.0036442457, 0.026579883, -0.013097952, 0.009997677, 0.026195904, -0.000531971, 0.0054219263, 0.034159914, 0.0008466205, -0.006872514, -0.016383106, -0.011910461, -0.045110427, -0.014512986, 0.037231747, -0.045650844, 0.033591058, 0.008568421, -0.0031624942, 0.013097952, -0.02803047, -0.01032477, 0.034387458, -0.024816424, -0.012273109, -0.019156288, -0.0112207215, 0.0342168, 0.0088172965, 0.016596427, 0.042891882, 0.0054112603, -0.012543316, 0.012351326, 0.007800463, 0.034444343, 0.037629947, -0.028499778, 0.07275692, -0.012045565, -0.021403277, -0.013602814, -0.015771585, 0.0053045996, 0.007928456, -0.025783483, 0.0034344792, -0.027020749, -0.0005697467, -0.010779857, 0.03265244, 0.024361338, 0.00032198243, -0.006460092, -0.03117341, -0.024247566, 0.05310288, 0.0019554489, 0.017975908, -0.024603102, 0.028442893, -0.0094714835, 0.0041846605, 0.014633868, -0.006876069, -0.007316934, -0.0039108978, 0.022868086, -0.012422433, 0.006499201, -0.04030358, -0.0075800307, 0.0043304306, -0.0019234506, 0.013225945, -0.011547814, -0.012834855, 0.01956871, -0.021332169, 0.0025989693, 0.00055996946, -0.018502101, 0.021218399, 0.028386006, -0.026139019, -0.0074804807, -0.008283992, 0.013887242, -0.023351615, -0.019824697, 0.009315047, 0.0065311994, -0.016098678, -0.020820197, 0.004977506, 0.0037900154, -0.008283992, -0.015373384, -0.0004884178, -0.03982005, -0.04178261, -0.012564648, -0.014932519, -0.018829195, -0.0232094, -0.009435929, 0.0032033809, -0.0060974453, 0.020009575, -0.002689631, 0.017791029, 0.0050592795, 0.004988172, -0.035439845, -0.019070959, 0.0051374976, -0.0079569, 0.021047741, -0.008781743, 0.01504629, -0.0062645474, 0.014804525, 0.0016496878, -0.0076084738, -0.0019732257, -0.0074378164, -0.010274995, 0.018729646, -0.019184731, -0.0048424024, -0.009400376, -0.0064956457, 0.008205774, 0.012237554, 0.008312436, -0.006776519, 0.0013261499, 0.0057205767, 0.011739804, 0.0065809744, 0.027362064, -0.020379333, -0.016169785, -0.0054894784, -0.025598604, -0.00805645, 0.0011608256, 0.01828878, 0.011746915, 0.0013803692, 0.012529095, 0.038881436, 0.010459874, 0.007324045, -0.00046841888, 0.002718074, 0.026082132, 0.00030931647, 0.007501813, -8.3814875e-06, -0.0103461025, -0.01307662, 0.019511824, -0.011981568, 0.017449714, -0.014278332, 0.0103461025, -0.0020692204, 0.0016967963, -0.0031980479, 0.013382381, 0.010552313, 0.034728773, 0.0061578862, -0.006104556, 0.013681032, -0.0035482508, 0.003736685, -0.008084892, -0.014520097, 0.022043241, -0.0030593886, 0.0027998472, -0.046191256, -0.02713452, 0.020820197, 0.001932339, 0.015373384, 0.020137569, 0.0077435775, 0.0018558988, 0.016838193, -0.004849513, -0.009656362, -0.005827238, 0.017023072, -0.014690754, -0.004917065, 0.017719923, -0.0007115167, -0.0035073643, -0.0067907404, -0.017634593, -0.009066172, 7.1384995e-05, 0.0029936144, 0.0029705046, 0.028286457, -0.017279057, -0.01130605, 0.0007110723, -0.00087950757, -0.015942242, -0.012529095, 0.020891305, -0.011832244, 0.021645041, -0.004511754, 0.0048708455, -0.006570308, 0.047129873, 0.011661586, -0.0115407035, -0.011832244, -0.0115193715, 0.0003517586, -0.041526623, -0.010154112, -0.0032815987, 0.0070965015, -0.026508776, -0.038796104, -0.0102678845, 0.018729646, -0.0038860103, 0.024560438, -0.027802927, -5.263602e-06, -0.015231169, 0.006922289, -0.02921085, 0.04092932, 0.015387605, -0.0005648581, 0.0113202715, 0.04118531, -0.0057952395, -0.034273684, 0.0020283337, -0.03316441, -0.0027145187, -0.008931069, 0.014605425, 0.013645478, 0.0016141342, -0.022142792, -0.010310548, 0.0018061236, 0.011490929, -0.00022187679, 0.0027589607, 0.007757799, -0.007864459, 0.02046466, -0.014228557, -0.022668986, 0.010410098, 0.011178057, -0.009457262, 0.035724275, -0.008874183, -8.094003e-05, 0.022171235, 0.0025616381, 0.0034789213, -0.001710129, 0.022782758, -0.021758813, -0.0022452108, -0.019966912, 0.012145115, -0.0034167024, 0.008205774, -0.019611375, 0.006861848, -0.013510374, 0.012763748, -0.03125874, -0.015942242, 0.024219124, -0.030689882, 0.003452256, -0.012273109, -0.0027020748, 0.0057099108, -0.00865375, 0.012237554, 0.0007270714, -0.01317617, -0.0066698585, 0.0039464515, -0.016639093, -0.013062399, -0.004824626, -0.003430924, 0.017791029, -0.0045650844, -0.012408212, -0.0039606728, 0.017577708, -0.01582847, -0.0010141669, 0.017364386, -0.014704975, 0.009898127, 0.02537106, -0.017136842, 0.025100853, -0.0059552304, 0.011675808, 0.017506601, -0.008234218, -0.008781743, 0.020862862, 0.024702651, -0.0039180084, -0.0006021894, 0.008987954, 0.021573935, 0.0032602665, -0.0051197205, -0.02859933, -0.014733419, 0.021801477, -0.011732693, -0.0054290374, 0.02094819, 0.041924823, 0.032879982, 0.0034611444, -0.015714698, 0.0018950077, 0.008212885, 0.013453488, -0.017136842, 0.005379262, 0.0044584232, 0.0054610353, -0.0005684134, -0.012671309, 0.00501306, -0.00038575672, 0.023436943, -0.019753588, -0.012237554, -0.01985314, 0.01258598, 0.0065240883, -0.0026380783, -0.021161512, -0.013254388, -0.00014899186, -0.002412313, -0.03589493, -0.0022007688, -0.015387605, 0.007892903, -0.0017910134, 0.030888982, -0.015259612, 0.0026167461, 0.038369462, 0.02969438, -0.044370912, -0.018075459, -0.01818923, 0.004710854, -0.013005513, 0.0029598386, -0.020677984, -0.0037331297, 0.0021474385, 0.005891234, -0.0072031626, 0.03384704, 0.002822957, 0.017705701, -0.0134677095, 0.00865375, -0.037117977, -0.010438542, -0.008966622, 0.014441879, 0.009265272, -0.013425046, 0.0115193715, -0.00088750717, 0.047727175, 0.032112025, -0.005887679, 0.02123262, -0.0060618916, 0.024787981, 0.013873021, -0.0029527277, 0.0093932655, -0.008141778, 0.028229572, 0.0076084738, 0.020294003, -0.00064840907, -0.019696703, -0.025314175, 0.0063747633, -0.0022878752, -0.004188216, 0.0094928155, -0.01789058, 0.034074586, 0.009556812, -0.043090984, -0.010210998, 0.0023927584, -0.0009981678, 0.0055285874, 0.010374545, 0.013105063, -0.010986067, -0.008219996, 0.010282106, 0.007949788, 0.014107674, -0.010203888, 0.00914439, 0.0008079559, 0.020094903, 0.010303438, 0.011327382, -0.030348567, -0.007494702, -0.004952619, 0.021403277, -0.00993368, -0.0040175584, -0.021687705, -0.03177071, -0.024062688, 0.00535793, 0.00036375792, 0.041043095, -0.003230046, 0.026082132, -0.0009803909, -0.0032424899, -0.019355388, -0.008291103, -0.034728773, -0.048495132, -0.013887242, 0.0016363552, 0.0062609916, -0.026380783, -0.012436654, -0.019298503, 0.02949528, -0.024759538, 0.0050592795, -0.01582847, 0.015259612, 0.0063640974, 0.0039962265, 0.0018239005, 0.0053721513, -0.018502101, 0.013609924, 0.019326946, 0.005201494, -0.015558262, -0.012657087, 0.036634445, -0.02655144, -0.0079569, 0.01474764, -0.02537106, 0.011462485, -0.023422722, -0.010651863, 0.014534318, -0.025513275, -0.0131903915, -0.029637495, -0.008710636, -0.029921923, 0.011725582, -0.012628645, 0.02389203, 0.00076218066, 0.03450123, 0.003793571, 0.023749815, -0.010964735, 0.004156218, -0.004877956, 0.007551588, 0.0074875914, 0.016368885, 0.018075459, 0.040758666, -0.02251255, -0.011882018, -0.018032795, -0.0026985195, -0.011000289, 0.0003868678, 0.0034273686, 0.007999564, 0.008305324, -0.019241616, 0.011832244, 0.02861355, -0.010203888, 0.02545639, 0.01051676, 0.018047016, -0.015032069, 0.001202601, 0.034444343, 0.0018150121, -0.036520675, 0.000545748, 0.014690754, -0.019696703, 0.010388766, -0.0041064424, 0.0031998255, -0.02803047, -0.0046681897, 0.0046255253, 0.004874401, 0.030433895, -0.0028762876, -0.016368885, 0.015743142, -0.011384267, 0.0171084, 0.010189666, 0.006616528, -0.016767085, -0.044968214, 0.014306775, 0.012763748, -0.033647943, -0.008838629, 0.024702651, -0.022853864, -0.0106447525, -0.017037293, 0.0021012188, -0.015444491, -0.015856912, -0.008746189, 0.0043304306, 0.0018790086, 0.00038042368, 0.019696703, 0.003363372, 0.007985342, -0.0057561304, 0.00506639, 0.016866636, 0.007523145, 0.0031642718, -0.011490929, -0.006399651, -0.013097952, 0.030547667, -0.0022647653, -0.010196777, 0.00011154947, 0.008952401, 0.019938467, -0.016482657, 0.00059330097, -0.022185456, 0.023636043, -0.0026256344, 0.020834418, 0.0005653025, -0.00148703, -0.028741542, 0.02045044, -0.028556664, -0.022000577, 0.012749527, 0.015288055, -0.0027749597, -0.0076084738, -0.0052619353, -0.0055001443, -0.031116525, -0.009898127, -0.0014097008, 0.0152169475, 0.012756637, -0.012628645, 0.0063747633, 0.006282324, -0.008099114, -0.011213611, -0.0020247784, -0.0052832672, -0.00062618806, -0.0035731385, 0.018942967, 0.0030362788, 0.018985631, 0.01524539, -0.0040566674, 0.00737382, 0.036435347, 0.021019299, 0.009322158, 0.003825569, -0.006765853, -0.0141645605, -0.015359162, 0.0030931646, 0.02094819, -0.0094714835, 0.027049191, 0.021687705, 0.025214624, 0.0102678845, -0.016411548, -0.006420983, -0.0054894784, -0.015956463, -0.0043482073, 0.0046077487, -0.0030736101, 0.0010737192, 0.011412711, -0.003135829, -0.012138004, 0.030888982, 0.01965404, 0.0027447392, 0.0038504566, -4.6636345e-05, 0.010580756, 0.02064954, 0.011234943, -0.004444202, 0.010147002, -0.003018502, 0.0035038088, 0.004127775, 0.006623639, 0.014932519, 0.0037580172, 0.0167102, -0.020094903, 0.025385281, 0.0017696812, -0.00496684, -0.013851689, 0.031742267, -0.0003519808, -0.012401101, 0.0016390217, 0.018729646, 0.0039571174, 0.029466838, -0.018388331, -0.0159138, -0.010694528, -0.010381656, 0.0275185, -0.009115947, -0.025783483, 0.0087959645, 0.0072742696, -0.0056316927, -0.015856912, 0.0034664776, 0.008077782, 0.00043530957, -0.035752717, 0.00024176459, -0.0071356106, 0.023721373, -0.00423088, 0.0035891375, -0.024318673, 0.006232549, 0.0021172178, -0.017961686, -0.017520823, -0.014022346, 0.011938904, -0.0050699455, 0.0053223763, -0.006129443, -0.0048424024, 0.009094615, -0.016070234, 0.012706863, 0.025996804, 0.005002394, -0.0032531559, 0.023166737, -0.010139891, -0.013873021, 0.0017421272, -0.0013163727, 0.018587431, -0.018203452, -0.0007035172, -0.018047016, -0.013560149, 0.013887242, 0.012465098, -0.010865185, -0.015344941, 0.016681757, -0.011412711, 0.01514584, -0.021559713, -0.001937672, 0.012671309, 0.0021261063, 0.017151065, 0.00944304, -0.0100687845, -0.015316498, 0.0012585981, -0.0048815114, -0.010374545, 8.388431e-05, -0.0035109196, -0.017478157, 0.019014074, 0.020621097, 0.006076113, -0.0055783624, 0.009656362, -0.0003193159, 0.0128917415, 0.00019598931, -0.0041597732, -0.02202902, -0.018388331, -0.0002642078, -0.009329269, 0.014548539, -0.022213899, 0.00201589, 0.003864678, 0.00993368, -0.0067800744, -0.0012941516, 0.02271165, 0.0019181176, 0.005781018, -0.028243793, 0.01484719, -0.010843853, -0.0021296616, 0.0065027564, 0.014271221, -0.0014283665, 0.026210126, 0.018814974, 0.004078, 0.0230103, -0.019412274, 0.02232767, -0.016582206, -0.013745028, 0.002088775, -0.012052676, -0.014633868, 0.016411548, -0.017037293, 0.005418371, -0.0027251847, 0.011384267, -0.013617035, -0.013133505, -0.0030647216, -0.014427657, -0.0046077487, -0.0049703955, -0.0015581372, -0.005869902, -0.008539978, -0.010118559, -0.013041066, 0.013745028, 0.0048352918, 0.015558262, 0.0107443025, -0.017719923, -0.0047926274, -0.015714698, -0.035838045, -0.012472209, 0.009563923, -0.025811926, -0.009350601, 0.004319764, -0.030405452, -0.0156151485, -0.011661586, 0.006687635, 0.0017092401, 0.00034931427, -0.0046468577, 0.0026043023, 0.0059445645, 0.020094903, -0.0051374976, 0.0016043569, -0.010673195, -0.005830793, 0.010822521, 0.022014799, 0.024219124, -0.021502826, 0.0021083294, -0.011106949, 0.005741909, 0.0037331297, -0.0124935405, -0.030519225, 0.01169714, 0.019142067, -0.0165111, -0.029808152, -0.0027500722, 0.013439267, 0.01337527, -0.01150515, 0.003084276, -0.010502538, -0.006609417, 0.024190681, 0.0023838698, -0.0006350765, 0.00368691, -3.322041e-05, 0.01129894, -0.004838847, -0.017421272, 0.011953126, -3.3435676e-06, 0.012301551, -0.009983456, 0.004600638, 0.014249889, -0.0027962918, 0.0051339422, -0.006321433, -0.020606875, -0.03370483, -0.007245827, 0.023749815, 0.008603975, -0.00069640647, -0.014790304, 0.022555213, -0.013297052, 0.010772746, 0.0027056301, 0.009514147, -0.011384267, 0.019682482, 0.0063640974, -0.0033509282, 0.0116047, 0.0077720205, 0.0014168116, 0.0012274886, -0.0137663605, 0.008148889, 0.020407775, 0.014555651, 0.0046433024, -0.01023233, -0.009585255, -0.011256275, -0.010047452, -0.0015030291, 0.018032795, -0.006321433, 1.1791023e-05, 0.0085186465, -0.004533086, -0.0025491943, -0.031429395, -0.032481782, 0.007217384, 0.0062609916, -0.011938904, 0.019881582, -0.0009088393, 0.012507762, 0.03470033, 0.0144561, 0.008468871, -0.011967347, -0.009741691, 0.025897253, -0.0021563268, -0.016496878, 0.019284282, -0.01680975, -0.008504425, 0.010630531, -0.012692641, -0.0071889414, 0.008959511, 0.0030256128, -0.028897978, 0.0052334922, 0.011874908, 0.02437556, 0.0008590642, -0.021901028, -0.0042131036, 0.010772746, 0.003608692, -0.009187054, 0.017677259, -0.004810404, 0.019213174, 0.011426932, -0.011163835, 0.005194383, -0.008987954, -0.028954865, 0.02468843, -0.014733419, 0.018416774, -0.0047926274, -0.0051588295, 0.025783483, -0.0007048504, 0.0046575237, -0.0149182975, 0.0038042369, 0.0015581372, -0.020094903, 0.0018825639, 0.017065736, -0.0006781852, -0.010872296, 0.010559424, 0.00045041987, -0.014150339, -0.010957625, 0.0048032934, 0.0003668689, 0.010203888, 0.00033553725, -0.019597152, 0.020237118, -0.009528369, -0.007658249, -0.018032795, -0.00796401, 0.0070147286, 0.028499778, -0.0105665345, -0.0065169777, -0.0037615725, -0.010296327, 0.016951963, 0.002945617, -0.009130169, 0.0036513563, -0.0022505438, -0.017463936, 0.018615874, 0.04070178, 0.012735305, -0.017279057, -0.0077435775, -0.016895078, 0.01720795, 0.008227107, 0.0018025683, 0.011362935, 0.031600054, 0.010587866, 0.00442287, 0.005916122, 0.008177332, 0.021773035, 0.015885355, 0.010850963, 0.013780582, -0.007267159, 0.0012212667, -0.0039180084, 0.0056316927, -0.02989348, -0.008227107, -0.020834418, 0.00894529, -0.015344941, 0.0116189215, -0.00067640754, -0.00030420563, -0.0159138, -0.0037189082, -0.015600926, -0.00496684, 0.00026687433, 0.0085542, 0.007971121, -0.007423595, 0.008838629, -0.0033118194, 0.013624146, 0.013403713, -0.0084973145, 0.01868698, -0.018985631, 0.004102887, -0.028769987, 0.0056210267, 0.014975183, 0.009642141, -0.0022949858, 0.007871571, 0.007914235, -0.0062858793, -0.030206352, 7.505146e-05, 0.013140616, 0.009755912, 0.010893628, -0.011313161, -0.020109124, 0.003726019, 0.01111406, 0.00086128636, -0.0115407035, -0.015060511, -0.028172685, 0.0038291244, -0.011590479, 0.011348714, 0.014776083, -0.02292497, 0.019056737, -0.015501376, 0.005155274, -0.00619344, -0.024617324, 0.008340878, 0.0019838917, -0.00076084735, 0.0034984758, -0.010523871, 0.0055143656, 0.004433536, -0.0074378164, -0.014541429, 0.0128917415, -0.0070467265, -0.009819909, -0.014015235, 0.023835145, 0.0023287619, 0.02714874, 0.0061863293, 0.00028953975, -0.0031002753, 0.00914439, -0.010580756, -0.015032069, -0.005446814, -0.0058450145, 0.0017527932, -0.016056012, -0.006303656, 0.0023909807, 0.0018754533, 0.020123346, 0.014136118, 0.0026522998, -0.012898852, 0.015344941, -0.026338119, 0.01857321, 0.008134668, -0.0074662594, 0.0026594105, 0.007914235, -0.009649252, 0.010552313, 0.03782905, 0.032965314, -0.0133894915, -0.014427657, -0.005094833, 0.027689155, 0.004917065, -0.014392104, 0.016070234, 0.020635318, -0.0037117975, 0.018459437, 4.7802947e-05, -0.026039468, 0.020777533, -0.0004333097, 0.0049312864, 0.012841966, -0.015416048, 0.0088955145, -0.015743142, 0.042721223, -0.011490929, -0.0040957765, -0.024034245, -0.015842691, -8.743967e-05, 0.02252677, -0.0114198215, -0.016980408, -0.0051374976, -0.001481697, -0.010552313, 0.026466113, -0.001664798, 0.0004999727, -0.0068476265, -0.00011743804, -0.015899576, -0.009130169, 0.014676533, 0.016468436, -0.0028442892, -0.0141432285, 0.024745317, 0.012820634, 7.055171e-05, 0.03617936, 0.009528369, -0.002088775, 0.01366681, -0.016383106, 0.015771585, -0.004067334, -0.013545928, 0.002449644, 0.008909736, -0.00836221, 0.027589606, -0.00031153855, -0.022626322, 0.0002904286, 0.029978808, -0.0004639747, 0.015174284, -0.011227832, -0.02497286, 0.010111448, -0.008475982, -0.004369539, -0.020393554, -0.0022132127, -0.024190681, 0.022583656, 0.0023323172, -0.0065311994, 0.0022772092, -0.0016692423, 0.011789579, 0.027362064, -0.029466838, -0.008177332, -0.010331881, 0.013432156, -0.0027980695, 0.0010532759, -0.021076184, -0.01552982, -0.0060583362, -0.005052169, -0.003925119, 0.009528369, 0.0011074952, -0.0048068487, 0.012351326, -0.009073283, -0.004874401, 0.017549265, 0.014136118, 0.01672442, -0.015231169, -0.0048530684, 0.03708953, -0.0060583362, 0.017847916, 0.0236076, -0.0029207296, 0.019412274, 0.008326657, -0.0053721513, -0.013538817, -0.0044477573, 0.0063640974, -0.0010550536, 0.021374835, 0.017165286, 0.00403178, 0.014214336, 0.0027394062, 0.0010532759, -0.038284134, -0.000567969, 0.00049330643, 0.0011110505, -0.001453254, 0.0039073424, -0.0052654906, -0.0067338548, 0.014413436, 0.02054999, 0.009229719, -0.012984181, -0.017293278, 0.0039962265, 0.0042984323, -0.00014899186, -0.013211723, -0.002266543, 0.02094819, 0.0055143656, 0.007295602, -0.006577419, -0.021161512, -0.014171671, 0.0071711643, -0.0033669274, -0.0030451673, -0.018061237, 0.0064352043, -0.015458712, 0.010104338, 0.008710636, -0.0015945797, 0.025968362, 0.04030358, 0.002444311, 0.027689155, 0.018132344, -0.014932519, -0.0018683425, 0.0015865801, -0.022683207, 0.012913073, 0.005027281, 0.015316498, -0.00663786, -0.004369539, 0.005653025, 0.004650413, 0.02437556, -0.01760615, -0.021332169, 0.004661079, -0.0021456608, 0.00525838, -0.026707876, -0.0023340948, 0.0026594105, -0.027888257, 0.027532721, -0.0113202715, -0.025712375, -2.4720873e-06, -0.029466838, -0.002963394, 0.005738354, 0.0283149, -0.0063498756, -0.009684805, -0.01552982, -0.003964228, -0.001381258, 0.0062396596, -0.00077951304, -0.011818022, 0.010971846, -0.0036211358, -0.0037509066, 0.007729356, 0.004483311, -0.0019590042, 0.010402988, 0.005813016, -0.012834855, 0.0027927365, -0.004220214, -0.010687417, -0.0013599258, -0.013823246, -0.011810911, 0.010459874, 0.015544041, 0.01692352, -0.029751265, 0.005293933, -0.008810186, 0.010587866, 0.009713247, -0.017990129, -0.0041988823, -0.02989348, 0.010658974, 0.0044655344, -0.017819472, -0.0063960957, -0.011761136, 0.0010115004, -0.0148187475, 0.0031180521, 0.0047144094, -0.01592802, 0.0059232325, -0.001408812, -0.0071285, -0.01494674, 0.0070858356, -0.02143172, 0.0063747633, -0.015202726, -0.014349439, 0.010459874, 0.004042446, -0.02369293, 0.0051197205, -0.020365112, 0.0018150121, 0.0016470213, -0.012657087, 0.0015492488, -0.017151065, 0.0067480765, -0.006890291, 0.004344652, -0.031144967, -0.01159759, 0.022071686, 0.0029758376, -0.0113202715, 0.0059054554, -0.0032904872, 0.006954287, 0.027703378, -0.025641268, 0.001437255, -0.0114411535, -0.009663473, -0.0122162225, -0.006079668, -0.016610648, -0.021943692, 0.01700885, -0.011476708, 0.009094615, 0.00673741, 0.001086163, 0.01474764, -0.012770859, 0.0018167897, 0.0080422275, 0.015487155, -0.009428819, 0.020493105, -0.017023072, -0.014384993, -0.009528369, 0.0028638437, 0.016767085, 0.0022949858, -0.018018572, -0.005645914, 0.0071604983, 0.005055724, -0.010637642, 0.0015208059, 0.00014654757, -0.012820634, 0.0022932081, -0.01602757, 0.020279782, 0.02803047, 0.0012585981, 0.018985631, -0.012010012, -0.015984906, -0.0080208955, -0.016283557, 0.026665213, -0.020137569, 0.0069827302, 0.019782033, -0.0030682771, 0.00020565545, 0.028442893, -0.011768247, -0.0035873598, -0.010772746, 0.005055724, 0.017933244, -0.010658974, -0.015600926, 0.013816135, 0.009400376, 0.010680306, 0.00678363, -0.016852414, 0.0055890284, 0.024233345, -0.009883905, -0.0014381438, -0.010459874, 0.017549265, -0.0041135536, -0.00031753824, -0.0035233633, 0.013062399, -0.0042237695, -0.003843346, -0.007779131, 0.014633868, -0.00047597403, 0.028243793, 0.005340153, -0.009322158, 0.00060441147, -0.0015883578, -0.01925584, -0.009969234, -0.013752138, 0.006431649, 0.04218081, 0.008902625, 0.010381656, -0.033903927, 0.011647364, -0.0019252283, -0.00083506556, -0.017335944, 0.009706137, -0.011348714, 0.007750688, 0.022484107, -0.005574807, -0.024005802, 0.013297052, 0.047414303, 0.0029705046, -0.017961686, 0.0010150557, 0.021317948, 0.0036726885, 0.010580756, -0.0107656345, -0.0019341167, -0.0035909151, 0.008703525, -0.0020016686, -0.02143172, -0.0007119612, 0.005596139, -0.0056885784, 0.01888608, -0.010210998, 0.0037189082, -0.012081118, -0.031315625, -0.018857637, 0.013154838, -0.0029491724, 0.0104456525, -0.010353213, 0.021943692, -0.005990784, 0.00015932464, 0.0065951957, 0.042123925, 0.007949788, -0.009741691, -0.0032531559, 0.004454868, -0.009891016, 0.03370483, 0.005436148, -0.009066172, 0.020777533, -0.016951963, 0.018743867, -0.0030896093, -0.0037046869, -0.001989225, -0.0023180956, -0.0031589388, -0.013510374, -0.019326946, 0.004995283, 0.004444202, -0.005251269, 0.012749527, -0.0009750579, -0.027106076, -0.0019003408, 0.024588881, -0.01494674, -0.010922071, -0.015273834, 0.002033667, -0.023323173, -0.010488316, -0.006698301, 0.01101451, 0.0022683206, 0.0024300897, 0.021403277, -0.036150917, -0.011234943, 0.00027020747, 0.0013670365, -0.012180669, -0.014761861, -0.0020621098, 0.0064458707, -7.860682e-05, 0.015558262, 0.04081555, 0.0032620442, 0.006662748, -0.021374835, 0.022740092, -0.004774851, -0.0140650105, -0.0010337214, -0.012934405, -0.019284282, -0.02134639, -0.0041064424, -0.012721084, 0.013432156, -0.0041455515, 0.0032940425, -0.0036940207, 0.015970685, -0.01986736, -0.009051951, 0.0025260844, 0.00022932082, -0.0005501922, -0.0013545927, 0.016781306, -0.010388766, -0.010331881, 0.015231169, 0.01159759, 0.016838193, 0.0035553616, -0.010381656, -0.00057419087, -0.0068191835, 0.011078507, -0.024418224, 0.001843455, 0.00836221, -0.0005590806, -0.0037153529, -0.0107443025, -0.0017225727, 0.0020958856, 0.0012052676, 0.0047072987, 0.012898852, 0.022242341, -0.039933823, -0.002083442, -0.0013394825, 0.01986736, -0.0076653594, 0.018715423, -0.013979682, -0.021701926, -0.011128282, -0.02251255, -0.012273109, 5.624693e-07, -0.0047535184, 0.020535769, -0.0070609483, -0.003982005, 0.020194454, 0.0017910134, 0.008099114, -0.015558262, 0.017847916, -0.016823972, 0.009037729, 0.049974162, 0.02103352, 0.005105499, -0.0016221338, -0.015003626, 0.025314175, -0.009279494, 0.0010363879, -0.009677694, -0.012173558, -0.034330573, -0.023266286, 0.00037042424, 0.0065809744, 0.028684657, -0.0032478229, -0.0076653594, -0.0044015376, 0.00629299, -0.025883032, -0.01278508, -0.0042131036, 0.013133505, -0.020578433, -0.0028709546, 0.0087959645, -0.003102053, -0.0040957765, -0.0039322297, 0.002271876, 0.015103176, -0.021517048, 4.1053318e-05, 0.012401101, -0.007850238, -0.026693655, -0.0009061728, 0.009976344, 0.0062574362, 0.0065525314, -0.016155563, -0.003992671, -0.00034020367, 0.019739367, -0.026978083, 0.0007635139, 0.024361338, -0.0075444775, 0.019526046, 0.010118559, 0.018388331, -0.0011074952, -0.013794803, -0.019014074, -0.019056737, -0.019142067, 0.00025354172, -0.018672759, -0.003864678, 0.023707151, 0.02272587, -0.0017314611, -0.008298214, 0.022100128, 0.0062396596, -0.007658249, 0.014719197, -0.019326946, 0.011234943, -0.006911623, -0.023820922, -0.012898852, 0.02134639, -0.0017590151, -0.0049597295, 0.003185604, -0.018246116, -0.015643591, -0.038113475, -0.018615874, 0.012863298, 0.002968727, 0.011526482, 0.0011270497, -0.006143665, -0.016013348, 0.016340442, -0.02379248, -0.014832969, 0.012799302, 0.0054397034, 0.018217674, 0.019952688, 0.023522273, -0.0011981569, -0.0070253946, -0.0049099545, -0.00049419526, 0.010758524, 0.00020843308, 0.016084455, -0.020805975, 0.0037900154, 0.0032193798, -0.0120953405, 0.0047464077, 0.0033598167, -0.0012843744, 0.01248643, 0.009848352, -0.01111406, 0.0014141451, -0.0019127845, -0.0045544184, 0.011981568, 0.005407705, 0.014989404, 0.0047179647, 0.018416774, 0.019838918, 0.0060832235, -0.0028869535, 0.001225711, -0.017591929, -0.0017883469, -0.006548976, 0.030320123, -0.016184006, -0.011149614, 0.000108938504, -0.011931794, -0.0069471765, -0.02025134, -0.009123058, 0.012984181, -0.0075089238, -0.0024016467, 0.0026416336, 0.017449714, -0.014257, -0.0023323172, -0.018203452, -0.0011128281, -0.016966185, -0.0086964145, 0.003893121, 0.0039464515, -0.025285732, 0.0011981569, -0.002862066, -0.008035117, -0.016397327, -0.020237118, -0.005941009, -0.004988172, 0.0027411839, -0.008184442, -0.0017794585, -0.0024745318, 0.01464809, 0.0015652479, 0.0028282902, 0.009101726, -0.021275284, -0.009457262, 0.0075658094, -0.005016615, -0.031287182, -0.015728919, -0.015416048, -0.0094714835, -0.012834855, 0.026096353, 0.0032513782, -0.016439991, -0.02291075, -0.014704975, 0.0029811708, -0.018047016, 0.0054610353, 0.006676969, -0.00033153748, -0.012180669, -0.0040068924, -0.0065134224, 0.017506601, 0.018103901, -0.011135393, -0.0062254383, 0.020365112, -0.018558988, 0.01877231, 0.03330663, -0.00525838, 0.010907849, -0.0060014506, 0.0044193147, 0.010722971, -0.018445216, -0.017847916, -0.0037402404, 0.0025634158, -0.014349439, 0.0116189215, 0.0089168465, 0.0061614416, 0.004838847, -0.021573935, 0.0046041934, 0.00071018346, -0.00452242, 0.007999564, -0.0051872726, -0.0088955145, 0.0006870736, -0.0066307494, -0.016567985, 0.014776083, -0.0035518063, 0.020222897, -0.01945494, 0.009563923, 0.014832969, -0.031998254, 0.019070959, 0.017876359, -0.015444491, -0.0043410966, -0.0111425035, 0.011234943, 0.020877084, -0.0054894784, 0.009578144, 0.0077435775, -0.015373384, -0.00026465222, 0.014776083, 0.010886517, 0.011761136, 0.001314595, 0.010239441, 0.007750688, -0.0150178475, -0.018260337, -0.012877519, -0.01622667, -0.0040246695, 0.0017554598, -0.033591058, 0.0030291681, 0.00856131, 0.003420258, 0.0067302994, -0.03009258, -0.00826266, 0.0031002753, -0.034188356, -0.00060841127, 0.005997895, -0.02134639, -0.008547089, 0.015856912, -0.009713247, -0.014790304, -0.019782033, -0.004799738, 0.0018470103, -0.01602757, 0.0063285436, -0.008212885, 0.012401101, -0.0020727757, 0.02960905, 0.015970685, -0.01111406, 0.008227107, 0.022853864, 0.0077435775, 0.008710636, 0.0066947457, -0.0039002316, 0.00046041934, 0.018800752, 0.038483232, -0.0142427785, 0.021189956, -0.028087357, 0.0007626251, -0.00173235, 0.0051374976, 0.01888608, 0.014029457, 0.009464373, -0.0037971262, 0.0074164844, -0.028656214, -0.01828878, 0.007622695, -0.019085182, 0.009080393, 0.0036762438, 0.012010012, -0.0017136843, 0.008547089, 0.0039855605, 0.013161949, 0.01218778, 0.024020024, -0.005862791, 0.015387605, -0.0054290374, 0.018061237, -0.017947465, -0.011832244, 0.03105964, 0.009450151, -0.0048424024, -0.012074008, 0.007700913, 0.0039464515, -0.0016363552, 0.0013359272, -0.01307662, -0.00501306, 0.013588592, 0.021787256, -0.015188505, -0.004070889, 0.005837904, -0.0013608147, 0.01712262, 0.0033224854, 0.0006777408, -0.00856131, -0.0008915069, -0.0027945142, -0.02025134, 0.003658467, 0.004120664, 0.009123058, -0.009713247, 0.037345517, -0.0063747633, 9.488371e-05, -0.003375816, 0.006243215, 0.008831518, 0.0036264688, -0.0036762438, -0.001047054, -0.016610648, -0.024034245, 0.008433318, 0.024915975, -0.01897141, 0.0041242195, -0.0348141, 0.0027358506, -0.014505875, -0.0022754315, -0.01032477, 0.0014461434, 0.021289505, -0.006726744, -0.011149614, 0.0059730075, 0.006449426, -0.021460162, 0.012849077, -0.008888404, 0.004461979, -0.0043482073, 0.005269046, -0.005318821, -0.02339428, 0.0024105352, 0.012877519, -0.008838629, -0.020720648, -0.026494555, -0.017449714, -0.009329269, -0.0074307057, 0.02279698, -0.019739367, -0.016937742, -0.046049044, -0.005869902, 0.005763241, -0.0037295744, 0.02252677, -0.028570885, 0.012031344, 0.012543316, 0.0074164844, -0.016041791, -0.027248291, -0.007345377, 0.023678709, 0.0040246695, -0.013894353, -0.0076084738, -0.0061507756, -0.030206352, -0.0017092401, -0.013901464, -0.016667536, -0.012955737, -0.0071107233, 0.012664198, 0.020109124, 0.01169714, -0.006815628, 0.0086181965, 0.018530544, 0.0028993974, -0.0151173975, -0.0059552304, -0.0047144094, -0.0007306268, -0.011554925, 0.0012301551, 0.004956174, 0.009777244, 0.017549265, -0.0131903915, 0.00486729, 0.011874908, -0.015842691, 0.011746915, 0.015160061, -0.004461979, 0.019127846, -0.0005177495, 0.0169093, 0.008440428, -0.027703378, 0.013097952, -0.017520823, 0.016397327, -0.018132344, -0.009819909, 0.013140616, -0.005027281, 0.013481931, 0.0016265779, -0.0042984323, -0.025883032, 0.0016292444, -0.0013697031, 0.0118038, -0.012550427, -0.0118038, 0.010452763, -0.0004879734, 0.014093453, -0.00024487553, -0.009179943, -0.0023323172, -0.005269046, -0.03117341, -0.020137569, -0.014875633, 0.0156151485, 0.0004026447, -0.003775794, 0.0017216839, 0.007078725, -0.027603827, 0.027290955, 0.0018772309, -0.0067302994, 0.021773035, -0.0017563486, -0.0068867356, 0.012223333]"
ナガシマスカ,fromCluster,0.2818,11.0,0.5226,"[0.03265975, -0.008039323, -0.017231343, 0.014342211, 0.008467889, 0.008970347, -0.026482476, 0.0084605, -0.007765927, 0.0040787742, -0.0359405, -0.0013614387, 0.019063836, -0.00951714, 0.038009446, 0.013455521, -0.029053876, -0.00959103, -0.01354419, 0.040846854, -0.008829955, -0.049802423, 0.039250813, -0.0055935364, 0.038334563, 0.013891477, -0.010684615, 0.03186173, -0.007385389, -0.0030664697, -0.009975263, 0.028462749, 0.021354452, 0.02023131, 0.010285604, 0.027531724, 0.0307977, 0.016152536, 0.025241109, -0.031063708, -0.003967938, -0.0035375238, -0.012421049, 0.017630354, -0.02498988, 0.01152697, 0.0073004146, 0.032984868, 0.0009716645, 0.027103158, 0.058905773, 0.009036849, 7.8566736e-05, -8.381992e-05, 0.033989783, -0.028285412, 0.020334758, 0.048442833, -0.010499888, -0.031743504, -0.011859479, 0.010928455, -0.009398914, 0.012295435, 0.002794921, -0.012324992, 0.04256112, -0.005190831, -0.004167443, -0.00035352146, -0.010943233, -0.01621165, -0.010581167, -0.0011877952, 0.0067388443, -0.02176824, -0.00012145806, 0.05201915, -0.0046957624, -0.002987037, -0.015118065, -0.016403764, 0.029615447, -0.0017096492, 0.008689562, -0.01822148, 0.0056489543, -0.07105343, -0.0036188036, -0.012775726, -0.021472678, -0.0067536226, -0.025196774, -0.016758442, 0.01064028, 0.008357054, -0.009930928, 0.018251035, -0.012487551, -0.002148376, 0.009162463, -0.04619655, 0.012879172, -0.014467825, -0.028891316, -0.009842259, -0.034403574, 0.018723937, -0.035822276, -0.01048511, 0.01305651, -0.0072745527, 0.021975134, -0.05222604, -0.060028914, 0.020778103, -0.026674591, -0.046965014, 0.021827353, -0.007547949, -0.0037148618, 0.011682141, 0.032925755, -0.0370932, -0.005538118, -0.016255984, -0.0030720115, -0.003934687, 0.01652199, -0.015901309, 0.008083657, -0.0058262926, 0.010825007, 0.027531724, -0.007994988, -0.023970187, -0.0043891156, -0.02522633, -0.029467665, -0.003967938, -0.007958043, 0.017999807, 0.011320076, -0.03248241, -0.027369166, -0.037122756, 0.011733864, 0.038807467, -0.011017123, 0.026393807, -0.037950333, -0.06336878, 0.01740868, 0.025093328, 0.033989783, 0.017556462, -0.039782826, -0.008438333, 0.01354419, 0.019906191, 0.030590806, 0.031181931, 0.013957979, 0.029482443, -8.5089916e-05, -0.015930865, -0.002401452, -0.009361968, -0.008600893, 0.044541396, -0.039516818, 0.017068783, -0.023733737, 0.0010501735, 0.0131451795, 2.9585197e-05, 0.07383172, 0.016078645, -0.023718959, 0.014940727, 0.011120571, 0.029970123, -0.000975359, -0.008408777, 0.0030147461, 0.006310277, 0.022950493, 0.013352074, 0.02305394, -0.08902368, 0.0084605, -0.013167347, -0.0012506024, -0.04134931, -0.007344749, 0.02323128, -0.05402898, -0.007038102, 0.012871783, 0.024221417, -0.01677322, 0.009325024, 0.006040576, 0.00632875, 0.021354452, 0.0010649516, 0.008438333, -0.025758345, 0.009376747, -0.00054171216, -0.037536543, -0.021546567, -0.0072265235, -0.032305073, 0.014142706, 0.0073890835, -0.0018047836, -0.037536543, -0.01080284, 0.004584926, -0.014061426, 0.0016837874, 0.018191924, 0.019847078, 0.032098178, 0.013736307, 0.013921034, -0.0076550907, 0.023438172, -0.0093693575, 0.04063996, -0.049595527, 0.001142537, 0.050127544, 0.0057043727, -0.04028528, 0.026172133, -0.024310084, -0.0038016834, 0.0062622484, -0.0029186879, 0.010625502, -0.036354292, -0.020645099, 0.009214187, 0.025034215, 0.0032493495, 0.014017091, 0.014275709, -0.009871815, -0.0068164296, -0.03561538, 0.009169852, 0.026157355, 0.016004754, 0.019965304, 0.004943297, 0.028108073, 0.024664761, 0.004836155, -0.013832364, -0.004444534, -0.022787934, 0.014622997, -0.020984998, -0.01612298, -0.008098436, 0.016433321, -0.04273846, 0.02733961, -0.016906222, -0.018812606, -0.011667362, 0.028713979, -0.030738587, 0.010788062, -0.0028152408, 0.045664538, 0.012472773, -0.009184631, 0.030531693, -0.0006691739, -0.033871558, -0.029837118, -0.013802808, 0.011320076, 0.036974974, 0.014985061, 0.0013531259, 0.010411219, -0.015354516, -0.016654994, 0.0040085777, -0.012724002, -0.0056822053, -0.0075664213, 0.015339738, 0.0016865584, 0.03806856, -0.0185466, -0.048176825, 0.002933466, 0.017925916, -0.038186785, 0.03984194, -0.017379124, -0.024324862, 0.039960165, 0.0066945096, 0.023157388, 0.020733768, -0.0013882241, 0.009546696, 0.02652681, -0.02209336, 0.00544206, -0.02426575, -0.00010512126, -0.006949433, 0.00725608, -0.015007229, 0.0060442705, 0.038748354, -0.026881486, 0.023201723, 0.048117712, -0.019847078, -0.039516818, -0.005674816, -0.0156353, -0.009945706, 0.012302824, 0.013485078, -0.01845793, 0.026305137, 0.035201594, 0.0018989944, 0.033339545, -0.014534327, 0.022078581, 0.0020227616, -0.019492403, 0.014541716, 0.013928423, -0.05343785, 0.010026987, -0.02298005, 0.028152408, 0.034669578, 0.018236259, 0.0006710212, -0.017142674, 0.043152247, -0.025492338, 0.016980113, -0.010455553, 0.05104379, -0.0023072413, -0.0050578276, -0.002455023, -0.0034082148, 0.017246122, 0.013691972, 0.0052462495, 0.06183185, -0.0068238187, -0.0018315691, -0.01386931, -0.013049121, 0.0053977254, -0.040699072, -0.009642754, -0.04717191, 0.012790504, 4.000496e-05, -0.015945641, 0.015975198, -0.0072671636, -0.034846917, -0.0011231407, 0.00012469078, 0.00022305796, -0.0286992, 0.016876666, 0.013640248, 0.018206703, -0.005770874, 0.008430944, 0.013012176, 0.0349947, -0.02701449, 0.013824975, 0.009413692, 0.008896456, 0.008859511, -0.052876282, 0.04362515, 0.019078614, -0.010300382, -0.029364217, -0.038275454, 0.053762972, 0.004740097, -0.0075516435, 0.00012353624, -0.020364314, -0.023837183, -0.018014586, 0.0057043727, -0.009391525, 0.020201754, -0.025847014, 0.017054005, -0.054827, 0.004714235, 0.01152697, 0.011430912, -0.010832396, -0.0034728693, -0.022507148, 0.04460051, -0.016581103, 0.007847207, 0.020674655, -0.039073475, 0.023068719, 0.03561538, 0.025551451, 0.018901275, -0.027472613, -0.018191924, 0.021960355, -0.04646256, -0.0443345, 0.006354612, -0.013861921, 0.013595914, 0.035112925, 0.01402448, -0.023127832, -0.016255984, 0.01322646, 0.024649983, -0.003879269, -0.0036058729, 0.05063, 0.033960227, -0.003164375, 0.046137437, -0.0001601353, -0.002733961, 0.044630066, -0.046433, -0.0328962, -0.012731391, 0.0022813794, -0.029231215, 0.058817104, 0.00919202, 0.009288078, -0.0031255824, 0.008719118, 0.046255663, -0.025241109, -0.019566294, 0.007706814, 0.025861792, 0.026659813, -0.012886561, 0.0048915735, 0.01209593, 0.046078324, 8.809173e-05, 0.017467793, 0.010743727, 0.045694094, -0.033073537, -0.001173017, 0.020925885, 0.026911043, 0.0055861473, 0.021191891, -0.015590966, 0.025019437, 0.032984868, 0.021664793, 0.016196871, -8.428173e-05, -0.02169435, -0.0054568383, 0.017467793, 0.004499952, -0.009620586, -0.028521862, 0.022019468, -0.004570148, -0.012066374, -0.014741221, 0.027117936, 0.005190831, 0.05133935, -0.039516818, 0.06277765, 0.021044109, 0.015590966, 0.009022071, 0.043979824, -0.016654994, 0.015664857, -0.0003255815, 0.03990105, -0.0057782633, -0.016063867, -0.0008446646, -0.0073964726, 0.009073795, -0.026659813, -0.021842131, 0.008430944, -0.034078453, 0.010056542, -0.017393902, -0.0086673945, -0.0065393387, 0.0052056094, -0.02547756, -0.020423427, 0.027827289, 0.044541396, 0.02958589, -0.0075516435, 0.017157452, 0.007758538, -0.008497446, 0.0034008257, 0.006321361, -0.02433964, 0.009132907, 0.0055676745, -0.016980113, -0.011556527, -0.020689433, 0.024058856, -0.007795483, 0.004680984, -0.012820059, 0.0034654802, -0.010692004, 0.0093693575, 0.0037000836, 0.01885694, 0.019285508, 0.017556462, -0.012687056, -0.016595881, -0.011460468, 0.03508337, -0.028019404, 0.0036686799, 0.020349536, 0.0148742255, -0.019861856, 0.04717191, -0.010300382, 0.0012709224, -0.002462412, -0.00789893, 0.01845793, -0.007950654, -0.0039716326, -0.0025012048, 0.0064137243, 0.0064469753, -0.0148742255, 0.003349102, 0.020172197, -0.038718797, -0.006797957, 0.028595753, 0.0056489543, 0.041083306, -0.0030923313, -0.01088412, 0.008807788, -0.00070981384, 0.025595786, 0.019418512, -0.021842131, 0.004780737, 0.0063915574, 0.010448164, 0.001705031, 0.0047179298, -0.02804896, 0.023334725, 0.0056304815, -0.0018297218, -0.020600764, 0.0009559627, -0.027117936, 0.007444502, -0.022241142, 0.03233463, -0.0055861473, -0.005434671, 0.0038755743, 0.025507117, 0.010869342, 0.00031911605, 0.012295435, 0.038807467, 0.0333691, 0.0027358083, -0.046255663, 0.0020781797, -0.004924824, 0.019625407, 0.02281749, -0.036176953, 0.028078517, 0.016507212, -0.0443345, 0.018886497, -0.001451955, 0.027221384, 0.015768304, 0.0072191344, 0.0214579, 0.002100347, -0.00959103, -0.016492434, 0.025270665, -0.010211714, -0.019906191, 0.00015574803, -0.0119924825, 0.03933948, -0.02209336, -0.029305106, 0.0033195456, 0.011623029, -0.020896329, 0.01112796, -0.07146721, -0.01863527, 0.010152601, 0.017068783, -0.031891283, 0.0018324928, 0.025344556, -0.0224037, 0.024620427, -0.009450638, 0.0059851576, 0.023600733, 0.007891541, 0.009265911, 0.020438205, -0.0067684003, -0.009642754, -0.041703988, -0.014379157, -0.01652199, 0.00034289964, 0.0031883896, 0.018694382, -0.043329585, 0.0010280062, -0.032275517, 0.014600829, -0.00038423235, -0.0075442544, -0.03144794, 0.02862531, 0.02605391, -0.028728757, 0.012886561, -0.023186944, -0.024295306, -0.028906094, 0.0076846466, 0.02167957, 0.027797733, 0.00887429, 0.023113053, -0.028285412, 0.046403445, 0.024723873, 0.014933337, 0.012790504, 0.025817458, -0.007448196, -0.014600829, -0.002440245, 0.008608283, 0.03192084, -0.007160022, -0.021561345, -0.04105375, 0.026718926, 0.016344653, -0.016595881, -0.041319754, -0.008194494, 0.015664857, -0.002626819, 0.0020467762, 0.013618081, -0.014061426, 0.010211714, 0.007625534, -0.0057265395, -0.04941819, -0.012842227, 0.018871719, 0.011342243, 0.01798503, -0.04894529, 0.023482507, 0.037240982, -0.014637775, 0.0005430976, -0.02433964, 0.006417419, -0.019019501, 0.0172609, -0.007193273, -0.013063899, 0.006628008, -0.004747486, -0.00197658, -0.0349947, 0.001213657, 0.003990105, 0.01581264, -0.035999615, -0.0055824528, -0.008793009, 0.002414383, -0.031388827, 0.01878305, -0.04380249, -0.00838661, 0.009509751, 0.003960549, -0.005253638, 0.03797989, -0.025920905, -0.026068687, 0.0050319657, -0.0010427844, -0.013174736, -0.0002925615, -0.041497093, -0.013233849, -0.013655026, -0.011785588, 0.025920905, -0.00022040251, -0.042945355, -0.020452984, 0.018576156, 0.004089858, -0.0006483921, 0.020039195, 0.0012247406, 0.022536704, -0.029881453, 0.0023903686, -0.006387863, 0.011031901, 0.00073844654, 0.01903428, -0.029718895, -0.003471022, -0.02790118, -0.017482571, 0.024472645, 0.031093264, 0.0014454895, 0.017881582, -0.0036335818, 0.016093424, 0.018561378, -0.004629261, 0.0006543957, -0.013928423, -0.012568831, 0.004610788, 0.013921034, 0.003519051, 0.0059851576, 0.017719023, -0.012384104, 0.003744418, -0.038039003, 0.0092733, 0.0052942783, 0.0020781797, 0.0021520706, -0.041408423, 0.01797025, 0.0006031339, 0.015265847, -0.019167282, -0.019049058, 0.005878016, 0.023512064, -0.018251035, 0.01950718, 0.0020393871, 0.012805282, 0.02048254, 0.00035398328, 0.03313265, -0.03135927, -0.013632859, -0.019477624, -0.017733801, 0.00046805225, 0.04335914, 0.012265879, 0.033073537, 0.015620522, 0.0055270344, -0.0036557491, -0.014209207, 0.015058952, 0.030827256, -0.03490603, 0.008615672, 0.024842098, -0.018694382, -0.0043484755, 0.018443152, 0.0110984035, 0.037447874, 0.0006400794, 0.0022333504, 0.043270472, -0.01120185, -0.00608491, 0.028078517, -0.03330999, 0.013839753, 0.012598387, 0.009664921, -0.020600764, 0.028906094, -0.050009318, -0.03363511, 0.0532014, 0.011719086, -0.023172166, -0.025004659, -0.015930865, 0.03206862, -0.011519581, 0.010226492, 0.027989848, 0.0048657116, -0.024605649, 0.040580846, -0.029482443, -0.010994956, -0.029733673, 0.012967842, -0.031241044, 0.005408809, 0.019625407, 0.010285604, -0.0021742377, -0.05296495, -0.00439281, -0.037418317, 0.030649919, 0.016980113, -0.009701867, -0.02200469, 0.021191891, -0.024502201, -0.0035633855, -0.027369166, -0.035467602, 0.027221384, -0.01523629, 0.006033187, 0.015664857, -0.0030516915, -0.027443057, 0.008253606, 0.021871688, -0.011327465, -0.022388924, 0.025950462, -0.021058887, 0.0054051145, 0.026334694, -0.0072597745, 0.027960291, -0.017674688, 0.0013457368, -0.0019396344, 0.0021723905, -0.032600638, -0.011792977, 0.019063836, -0.022581039, -0.015502297, -0.0081575485, 0.004444534, -0.03868924, 0.0050319657, -0.0061329394, -0.0015517075, 0.009169852, -0.01596042, 0.00054355944, 0.0064063356, -0.013233849, -0.022241142, 0.0013429659, 0.016507212, 0.028654866, 0.009871815, -0.005815209, 0.008490057, -0.0026933209, -0.01152697, -0.01402448, -0.0031403606, 0.015022007, 0.015118065, -0.0020634015, -0.002571401, -0.008829955, 0.010374273, 0.009413692, 0.00042671958, 0.016049089, 0.0063324445, 0.04205866, 0.007281942, -0.015339738, -0.0062844157, 0.007474058, -0.019196838, 0.0060184086, 0.013100845, 0.007097215, 0.0022462814, 0.036147397, -0.008652617, 0.005770874, 0.017231343, -0.0045184246, -0.021783018, -0.0026471391, -0.029245993, -0.0035559963, 0.029290328, -0.015989976, -0.029630225, 0.021487454, -0.010034376, -0.042974908, -0.024369197, -0.015177177, -0.00902946, 0.007758538, 0.0045368974, 0.021162335, -0.017925916, 0.043950267, -0.01757124, 0.012797893, -0.024250971, 0.036324736, -0.027073601, -0.00838661, 0.0052942783, -0.03330999, 0.015472741, 0.007943265, -0.027103158, 5.209881e-05, 0.008401388, -0.012155042, 0.006517172, -0.0047031515, -0.004056607, -0.0029316188, 0.012051595, -0.008911234, 0.0019673435, 0.040935524, 1.9381912e-05, -0.028610531, 0.0018906818, -0.01822148, -0.02797507, -0.022935715, -0.0034285348, -0.020837216, -0.020674655, -0.01088412, 0.0073188874, -0.016063867, 0.0024771902, 0.003879269, 0.042886242, 0.017231343, 0.03153661, 0.0056785108, -0.008320108, -0.0009116282, 0.018177146, 0.00015101439, -0.015620522, 0.11521059, -0.040994637, -0.0312706, -0.049329523, -0.014482603, -0.00488049, 0.0017789218, -0.006997462, -0.0032548914, 0.021709127, -0.0057043727, 0.025728788, -0.0039383816, 0.015842196, 0.030649919, 0.018443152, 0.0008345046, 0.010108266, 0.042088218, -0.021886466, 0.0126353325, -0.024310084, -0.017349567, 0.0028669643, -0.009642754, -0.00095688633, 0.0093693575, 0.020408649, 0.013581135, 0.020305201, 0.00053570856, 0.001943329, 0.021251004, -0.0153840715, -0.0075811995, -0.020260867, -0.0041748323, -0.02055643, 0.028403636, 0.025906127, 0.016581103, -0.010063931, -0.010958011, 0.013795419, -0.0059519066, 0.0227436, 0.00081418466, -0.0033731167, 0.0036243454, -0.009206798, -0.011534359, -0.032305073, 0.004193305, 0.005353391, -0.016359432, 0.008401388, -0.013566357, 0.0014565731, -0.012650111, -0.007230218, -0.008482668, -0.020098306, -0.002455023, -0.005937129, -0.0009799772, 0.0024993576, -0.04779259, -0.008172327, 0.01523629, -0.014179652, 0.011645196, 0.009945706, 0.005209304, 0.031832173, -0.008009766, -0.01233977, 0.011083625, 0.018679604, -0.049152184, 0.007928487, 0.01048511, 0.00503566, -0.014127928, -0.0013642096, -0.0026840847, 0.0035947892, 0.0266007, 0.008009766, -0.0056711216, 0.032925755, -0.010935844, -0.010219103, 0.02668937, -0.019625407, 0.021531789, 0.018709159, -0.011948148, 0.019980082, 0.011815145, -0.005737623, -0.007004851, 0.0018038601, -0.0070750476, 0.014179652, 0.014600829, 0.059230894, -0.009265911, 0.004167443, -0.018561378, 0.024812542, 0.011645196, -0.0044408394, -0.0027376555, 0.016758442, -0.015221512, -0.00082896283, 0.033664666, -0.027295275, 0.0017798455, 0.041881327, -0.017113118, 0.002128056, -0.010455553, -0.010773283, -0.00067148294, 0.0027117936, -0.006424808, -0.008970347, 0.012347159, -0.048797507, -0.02209336, -0.016743664, 0.0015470893, 0.0075590326, 0.0007841665, 0.015058952, -0.013898866, -0.0075811995, -0.008164938, 0.042856686, 0.0013235696, -0.014859447, -0.010019598, -0.01378803, -0.0067203715, -0.0010252353, -0.003090484, 0.0002346034, -0.01313779, -0.016994892, -0.014334822, 0.018842163, 0.019965304, -0.009406303, -0.021635236, -0.036974974, -0.0023700485, -0.022078581, -0.023127832, -0.010655059, 0.01668455, -0.020068752, -0.042236, -0.015694413, -0.02571401, -0.00036806872, -0.0020301507, -0.010751116, -0.017911138, -0.0077511487, -0.008379221, -0.009376747, -0.044541396, 0.01774858, 0.0048989626, 0.005926045, 0.029245993, 0.005545507, -0.015369293, 0.0075885886, 0.017393902, 0.0061957464, 0.034167122, 0.014356989, 0.0018648199, 0.0018602018, -0.014283098, 0.020408649, -0.022965271, 0.009635365, 0.00017525982, 0.014637775, -0.023925852, -0.008334886, 0.00091209, 0.013130401, -0.004248723, -0.016566325, -0.0058558485, 0.022315033, -0.02048254, 0.005918656, 0.01305651, 0.0018675908, -0.00991615, 0.0057265395, -0.0005606467, -0.0053866417, -0.008120603, -0.012930896, -0.0032862949, -0.017881582, -0.037772994, -0.03200951, -0.02345295, -0.005434671, 0.015354516, -0.037447874, 0.0017336637, -0.008955569, -0.007825039, -0.0119924825, -0.0012339769, -0.019063836, -0.01621165, 0.021472678, 0.03904392, 0.0020911107, -0.04078774, -0.0010529445, -0.025684454, 0.01088412, -0.0030572333, -0.0027173355, -0.02781251, 0.020866772, -0.019063836, -0.0005209304, 0.028344525, 0.017453015, 0.0057043727, 0.01677322, 0.043891154, 0.008756064, -0.010278215, 0.01878305, 0.005829987, -0.008999904, -0.020172197, 0.01805892, -0.018177146, -0.02102933, -0.0024180776, -0.001971038, 0.007522087, -0.004256112, 0.019004723, 0.026984934, 0.005866932, 0.023571176, -0.002564012, -0.0023977575, -0.031004595, 0.017275678, 0.008859511, 0.007958043, 0.029837118, 0.019093392, 0.024206638, 0.0025769428, -0.004651428, -0.03523115, -0.0020744852, 0.03443313, 0.00356708, 0.022640152, 0.016728885, -0.0075959777, 0.012236322, -0.027117936, 0.012724002, 0.026807595, -0.032984868, -0.028329747, 0.005852154, 0.0037905998, -0.02167957, 0.007677258, -0.008844733, 0.016802777, 0.007839818, 0.007610756, 0.03378289, -0.016270762, -0.0016255984, 0.015502297, -0.032186847, 0.0010963553, -0.019093392, 0.023512064, 0.007270858, -0.02314261, 0.0011000498, -0.01740868, 0.027206605, -0.012228933, -0.003860796, 0.0047364025, 0.0012367478, 0.0084161665, -0.012886561, 0.0035892474, 0.010004819, 0.02491599, 0.00013727532, 0.0070528802, -0.02725094, -0.010004819, 0.0023349505, 0.009724034, -0.010603335, -0.010943233, 0.0068422914, -0.0002219034, 0.024206638, 0.017925916, 0.015029396, 0.0020652488, 0.029541556, 0.005297973, -0.03561538, -0.019152505, 0.019063836, -0.014460436, -0.02942333, -0.016462877, 0.007333665, 0.006635397, -0.00084050826, -0.009509751, -0.0044334503, 0.0065208664, 0.0076477015, -0.010004819, 0.025847014, 0.00063453754, 0.006901404, 0.019241173, -0.028906094, -0.049122628, -0.008741286, -0.039930608, 0.0025455393, 0.009258522, 0.00018992253, -0.044393614, 0.005852154, 0.00056665036, -0.0006580902, 0.013004787, -0.0003230415, 0.034285348, 0.010256048, -0.01249494, 0.006635397, 0.008593504, 0.022462813, 0.029039098, -0.007943265, 0.008933402, 0.014763389, 0.02169435, -0.01193337, 0.014061426, -0.011962926, 0.00902946, -0.025433226, -0.018206703, 0.023645068, -0.0012478315, 0.008334886, -0.018871719, -0.012990009, -0.009280689, 0.005264722, 0.02167957, -0.044275388, 0.02136923, -0.0029648698, 0.034758247, 0.0026563755, -0.0004324923, 0.005988852, 0.016063867, -0.003927298, -0.00042995228, -0.010256048, 0.002830019, 0.008231439, -0.003886658, 0.0023146304, -0.00044080502, -0.02685193, 0.011844701, -0.019477624, -0.02636425, 0.0030018152, 0.008926013, 0.026881486, -0.013743695, 0.022920936, -0.01015999, 0.022122916, 0.03629518, -0.041024193, -0.0109654, -0.00078047195, -0.006387863, 0.010440775, -0.022241142, -0.03836412, 0.0079654325, -0.012842227, -0.02571401, 0.00983487, 0.012369325, 0.025787901, 0.0024291612, -0.0391917, -0.01927073, -0.00975359, 0.004862017, 0.0027709063, -0.015871752, -0.0016015839, -0.008711729, 0.022448035, -0.0044001993, -0.005708067, -0.01362547, -0.007758538, 0.019167282, -0.021014553, -0.0123176025, 0.0053903363, -0.022595817, 0.00038584872, -0.008430944, 0.0012949369, -5.570676e-05, 0.005626787, -0.020172197, -0.009258522, 0.020837216, -0.018768271, 0.009709256, -0.0040787742, 0.027930737, 0.01959585, 0.0111649055, -0.01959585, 0.047615252, -0.016418543, -0.009731423, 0.0045812316, 0.012967842, -0.036738522, 0.005693289, 0.016802777, -0.016270762, 0.016965335, 0.010100877, 0.0013799113, 0.027132714, -0.0021908632, 0.012369325, 0.014467825, 0.026305137, 0.018369261, 0.0009407227, 0.0016791692, 0.021177113, -0.016270762, 0.016728885, 0.008430944, 0.024132747, -0.010411219, -0.015029396, -0.015472741, 0.034551356, 0.0022555178, 0.009871815, -0.00095042086, -0.0026101938, 0.0047918204, -0.010337328, 0.010788062, -0.0068422914, -0.0037185564, -0.012938285, 0.017600797, 0.040403508, -0.019876635, -0.021989912, 0.015901309, 0.015694413, 0.017201787, 0.01241366, -0.0014704276, -0.0053349184, 0.012679667, 0.011704308, -0.009827481, -0.04974331, -0.010994956, 0.01838404, -0.020098306, -0.024236195, 0.0032511968, -0.01072895, 0.0017881582, 0.0053977254, -0.023497285, -0.008253606, 0.00039231416, 0.009509751, 0.0030258298, 0.013396408, 0.024871655, 0.008911234, -0.010817618, -0.0031274296, -0.013100845, -0.013566357, 0.0013734458, 0.037122756, -0.026186911, 0.012709224, 0.021812575, 0.013499856, -0.0185466, 0.018044142, 0.011490025, 0.007928487, -0.014216596, -0.0014030022, 0.023733737, 0.0011323771, 0.034137566, 0.005272111, -0.0027044045, -0.0014030022, 0.0052314713, 0.017068783, -0.0024901212, 0.017600797, 0.016196871, 0.013448132, 0.010019598, -0.02764995, -0.0143643785, 0.01209593, -0.0063656955, -0.009620586, -0.01193337, 0.008024544, 0.0396646, 0.016802777, -0.0058262926, 0.004134192, 0.012110708, 0.01402448, -0.0038903526, -0.004499952, -0.024901211, 0.01878305, -0.009716645, 0.01822148, 0.00029117608, -0.0019045363, -0.0070824367, 0.023393838, -0.004932213, -0.0027376555, 0.004281974, -0.009893983, -0.013477689, 0.012620554, 0.0052942783, -0.021561345, -0.0134037975, -0.00878562, 0.0003465942, 0.01952196, -0.01838404, 0.0010806535, 0.0055344235, -0.007522087, -0.011349632, 0.006786873, 0.012273268, 0.0059851576, 0.008201882, 0.0063915574, 0.016817555, 0.017955473, 0.02063032, 0.0050836895, -0.005168664, 0.009975263, 0.015709192, 0.016699329, -0.005974074, 0.0067203715, 7.325583e-05, 0.018443152, 0.0028891317, 0.0013374242, 0.0043965047, 0.00023899067, 0.003027677, -0.009613197, 0.022906158, 0.0083496645, 0.020275645, 0.008342275, 0.018827384, 0.009066406, 0.0034784111, 0.022832269, 0.02209336, 0.017142674, -0.011312687, -0.008194494, 0.026704147, -0.016063867, 0.010950622, -0.0034470074, 0.007141549, 0.02716227, -0.044393614, -0.0349947, -0.0076846466, -0.005955601, -0.006683426, -0.013248627, 0.0013614387, 0.0240293, -0.006280721, 0.0065578115, -0.011807756, 0.009458027, -0.013876699, 0.025507117, -0.035378933, 0.0039790217, 0.005046744, 0.026718926, -0.03265975, -0.018886497, 0.001135148, 0.010049153, 0.023837183, 0.006657564, -0.0031181932, 0.017925916, 0.015206734, 0.0092733, 0.031004595, -0.010810229, 0.006620619, -0.0044334503, -0.010248659, 0.017541684, -0.00066132296, -0.049240854, 0.021118, -0.0005033813, -0.020260867, 0.008593504, -0.028063739, -0.021738684, -0.027132714, 0.002837408, 0.004629261, 0.017852025, -0.014586051, 0.017187009, 0.013581135, 0.0007462974, -0.0032622803, -0.0036575964, -0.019226395, 0.01797025, 0.01717223, -0.014187041, -0.011009734, 0.0058115143, -0.024723873, 0.012642722, -0.004071385, 0.015930865, -0.0036335818, 0.018517043, -0.015842196, 0.022536704, -0.0034396183, -0.00364836, 0.024975102, 0.009731423, 0.00532014, -0.0032881422, -0.0148742255, 0.013566357, -0.009554085, -0.010366884, -0.0029057572, -0.013581135, 0.0013365005, 0.0080910465, 0.00034567056, 0.0033712694, -0.010514665, -0.0172609, -0.02008353, -0.009812703, 0.01007871, 0.009871815, 0.03313265, -0.0066871205, 0.032718863, 0.008187105, 0.020704212, 0.011061458, -0.010780673, -0.010366884, -0.003042455, 0.0011859479, -0.013854532, -0.0037111673, 0.0038349344, 0.009812703, -0.007994988, 0.000456045, 0.018280592, 0.0029630226, 0.022448035, 0.010595946, -0.024383975, 0.014962894, -0.024856877, 0.0034747166, 0.015162399, 0.006376779, 0.016950557, -0.011726475, 0.000179878, -0.016063867, -0.007765927, -0.030147461, 0.0028115462, 0.0037111673, -0.0307977, 0.0068681533, 0.0004922977, -0.0049691587, -0.020172197, 0.013418576, -0.0070491857, 0.0028762007, -0.031654835, -0.0008164937, -0.009066406, -0.019980082, 0.0070528802, 0.018886497, 0.022418479, 0.021295339, 0.02265493, -0.009384136, -0.01120185, 0.02605391, 0.010182157, 0.011416134, -0.001950718, 0.0061883572, -0.008770842, -0.010322549, -0.0072449963, -0.01652199, -0.0056378706, -0.001449184, 0.011645196, -0.027886402, -0.007411251, 0.00362804, -0.01757124, 0.009886594, 0.0046477336, -0.006779484, -0.011903813, 0.00798021, -0.00048583225, -0.0017419765, -0.022876602, 0.0011028207, -0.016315097, 0.0061772736, -0.0076550907, 0.008815177, 0.0040787742, -0.0057856524, -3.4376557e-05, 0.013174736, -0.009738812, -0.0028078516, 0.0086673945, -0.008490057, 0.00019950526, -0.0060996884, 0.00039808688, -0.009893983, -0.011209239, 0.0039827162, 0.003777669, 0.016551547, -0.0073188874, -0.009376747, 0.01579786, 0.015295403, -0.014948116, -0.010115655, 0.025048994, -0.004692068, 0.03659074, 0.0062437756, -0.0011480788, 0.003990105, -0.021635236, -0.0012293587, -0.016418543, 0.005286889, 0.007481447, -0.018073699, 0.0016782456, -0.011962926, -0.0064765317, 0.0041378867, 0.019167282, -0.0049137403, 0.014356989, -0.020364314, -0.009716645, -0.018191924, -0.015457963, 0.009376747, 0.002713641, 0.0069937673, -0.004315225, -0.019477624, 0.03410801, -0.0067905677, -0.02008353, 0.007462974, 0.00091532274, -0.011593472, 0.01581264, -0.017349567, -0.0054716165, 0.0131451795, -0.0071563274, -0.009738812, 0.010943233, -0.00911074, -0.00789893, 0.01556141, 0.0059519066, -0.0030387605, 0.002331256, -0.011645196, -0.0010390899, -0.008187105, 0.025418447, -0.009184631, -0.016108202, 0.02176824, 0.02055643, 0.017275678, 0.000646083, -0.014305266, -0.022669708, 0.009635365, -0.021147557, -0.013159958, 0.013329906, 0.019019501, -0.0014094677, 0.003724098, 0.002632361, 0.011268352, -0.00045673773, -0.002591721, -0.009598419, -0.014068815, 0.01700967, -0.012709224, 0.018177146, -0.00094764994, 0.023615511, -0.0018971472, -0.0113718, 0.004359559, 0.027664728, -0.002148376, 0.0020689433, -0.016507212, 0.00894818, -0.0023164777, -0.0007402938, -0.010381662, 0.027502168, 0.012561442, -0.03836412, -0.011430912, -0.0076403124, 0.007378, -0.005937129, 0.011719086, -0.015827417, -0.0019784272, -0.010839785, 0.008903845, -0.0057930415, 0.013285572, 0.035172038, 0.017689466, 0.014142706, 0.011659974, -0.013906255, 0.008852122, 0.0010483263, 0.0032899894, 0.0068422914, -0.004185916, -0.013130401, -0.00032973784, -0.0142978765, 0.012960453, 0.003615109, -0.011467857, -0.021295339, 0.031743504, -0.00048860314, 0.0058890996, 0.013876699, 0.010322549, 0.0058558485, 0.013824975, -0.006831208, 0.0030867897, 0.015827417, -0.019285508, 0.019019501, 0.0013974605, 0.017925916, -0.01572397, -0.005641565, -0.0025732482, -0.0037388762, 0.0052056094, -0.005009799, 0.006779484, 0.007987599, 0.005434671, -0.011364411, 0.0034192984, 0.00027431973, -0.010455553, 0.014467825, -0.0091181295, 0.0083496645, -0.0130786775, 0.008756064, -0.012938285, 0.021472678, 0.0047696535, -0.022049025, 0.007861985, 0.024694318, 0.022078581, -0.012967842, 0.012457995, -0.004618177, 0.003886658, 0.004370643, 0.0001223817, -0.0026914736, 0.024886433, 0.011696919, 0.0025418447, -0.010581167, 0.008977736, 0.022226363, 0.012398882, -0.0048398497, 0.015945641, 0.005870627, 0.0142313745, -0.011778199, 0.018812606, 0.0006982684, 0.008334886, 0.0029888842, -0.0058558485, 0.00967231, -0.0016071256, 0.0065578115, -0.010167379, 0.031507052, 0.010167379, 0.016699329, 0.019448068, -0.011822534, -0.010810229, -0.0012524497, 0.01966974, -0.0030794006, 2.311975e-05, 0.021827353, 0.0048731007, 0.0018324928, -0.018694382, -0.0010501735, 0.010972789, -0.011711697, -0.009768369, 0.00983487, 0.005693289, -0.021443121, -0.017925916, 0.005168664, -0.0050061042, -0.0033842002, 0.013418576, -0.008179716, 0.02160568, -0.004426061, 0.007100909, -0.042088218, -0.010987567, -0.023098275, 0.001302326, 0.011918591, 0.00701224, 0.012524497, 0.00344516, 0.004584926, -0.03732965, 0.0027856845, -0.017541684, 0.016315097, -0.020792881, 0.0103964405, -0.013219071, -0.019817522, 0.0064432807, 0.002318325, -0.012214155, 0.011911202, -0.013307739, -0.014615607, 0.0072154403, -0.02314261, 0.0057745688, 0.0005657267, -0.0063915574, -0.0060812156, -0.008068879, -0.010928455, 0.005331224, -0.0066095353, 0.00030041242, 0.009975263, -0.020364314, 0.013603303, 0.007474058, -0.0034359237, -0.0037056254, 0.004178527, -0.021620458, 0.009103351, 0.021324895, 0.020438205, -0.006683426, -0.014571273, -0.0143643785, -0.009805314, -0.0091181295, -0.022019468, 0.0082166605, -0.004012272, -0.03523115, -0.008519613, -0.0064358916, 0.0033823529, -0.0042265556, 0.003232724, -0.004828766, 0.008327497, 0.0044851736, -0.007625534, 0.006129245, -0.0075664213, -0.01579786, -0.0018167909, -0.019847078, -0.011600861, 0.0032641275, 0.004976548, 0.0043041413, 0.010928455, 0.02314261, -0.026216468, 0.004248723, 0.021487454, 0.011785588, 0.01015999, 0.022034246, 0.010928455, 0.013943201, -0.004281974, -0.014970283, -0.0041637486, 0.013773251, -0.0035947892, 0.011438301, -0.0054309764, -0.002756128, 0.014260931, 0.028374081, -0.0014381004, -0.0064765317, 0.017068783, 0.018502265, 0.010433386, -0.010869342, -0.011541748, 0.012391493, 0.00488049, -0.0069642114, -0.0077437595, 0.0010169226, 0.0030036625, 0.009687088, 0.007706814, -0.00689032, -0.024280528, 0.0027062518, -0.0022315031, 0.0030461496, -0.0067203715, -0.00503566, 0.033575997, -0.021073665, 0.008556559, 0.0033047677, -0.013751084, 0.0130786775, -0.0034728693, -0.0025547757, -0.002462412, 0.024871655, 0.0026305136, 0.035112925, 0.01572397, -0.021236226, -0.027354388, 0.0060036303, 0.029600669, 0.022802712, 0.012243711, -0.038275454, 0.02023131, -0.0010474026, 0.016965335, 0.011120571, 0.0056489543, -0.020674655, -0.026231246, 0.024117969, -0.024147525, 0.020526875, -0.014637775, -0.009339802, -0.010655059, 0.027531724, -0.0025750955, -0.022728821, -0.011896424, 0.0005629558, 0.0046588173, 0.034846917, 0.0023903686, -0.009081184, -0.020645099, -0.007474058, 0.014142706, -0.0032862949, -0.013861921, -0.01838404, 0.015650079, 0.012916118, -0.027221384, 0.013854532, 0.009361968, -0.007185884, -0.0026212775, -0.0024938157, -0.005120635, -0.0019673435, -0.008999904, -0.022388924, -0.0038497124, 0.024162304, 0.0023035468, 0.0012487551, 0.015753526, 0.012273268, 0.0017512128, 0.0033158513, -0.010765894, 0.020822437, 0.024753429, -0.008623061, 0.003777669, -0.018339705, 0.00596299, 0.012428438, -0.02878787, 0.018886497, -0.015095898, 0.0076550907, 0.013861921, -0.0057745688, -0.004507341, 0.0006386939, -0.0047622644, -3.160565e-06, 0.00030849423, -0.002665612, 0.0053570857, 0.0076329233, -0.011748643, 0.031802617, -0.022034246, -0.019418512, 0.004810293, 0.01950718, -0.014482603, -0.0072856364, 0.015709192, 0.031034151, 0.0011998024, 0.024295306, -0.019255951, -0.016477656, 0.012295435, -0.021901244, -0.02540367, -0.009494972, 0.0085417805, 0.00863045, 0.0071969675, 0.0011979551, 0.021310117, 0.022551483, 0.0030036625, 0.008970347, -0.01523629, 0.008164938, 0.010994956, 0.0014962894, -0.028743535, 0.010972789, 0.002440245, 0.020305201, 0.011955537, -0.005948212, -0.025861792, 0.00729672, -0.020792881, -0.018709159, 0.0011785588, 0.018975167, -0.005892794, 0.022787934, -0.022595817, 0.0012118097, 0.012620554, 0.004577537, 0.013012176, 0.014393935, 0.021058887, -0.0028540336, -0.0064358916, 0.01789636, 0.020039195, 0.002168696, 0.013063899, -0.019300286, -0.0299849, -0.004004883, 0.0072117457, 0.008253606, 0.0043410864, 0.014859447, -0.0027653645, -0.00027755246, 0.016433321, 0.003812767, -0.0040344396, -0.01927073, 0.014903781, -0.0061144666, -0.04918174, -0.0022037942, 0.0035578436, 0.0043965047, -0.013344685, 0.019462846, -0.026334694, 0.0038497124, -0.0027875318, 0.006528255, -0.015265847, 0.0055861473, 0.005730234, 0.012228933, 0.0020966525, -0.020186976, -0.0014861295, 0.00556398, 0.017955473, 0.01048511, -0.0020486235, -0.0062770266, -0.019211616, -0.008231439, 0.00033273967, 0.013906255, -0.0014833586, 0.024561314, 0.031063708, -0.009531918, 0.008866901, -0.0058373758, 0.0013217223, 0.019063836, -0.0026859317, 0.009361968, 0.0047105406, 0.014150095, 0.006395252, -0.003635429, 0.018768271, -0.01934462, -0.014371768, -0.02385196, 0.0018177145, -0.01992097, 0.005475311, -0.019684518, -0.00729672, -0.016462877, 0.0043336973, -0.0047918204, -0.0010113808, 0.0266007, 0.02039387, -0.007315193, 0.0071452437, -0.01128313, 0.026305137, 0.006761011, -0.004307836, 0.009214187, 0.0008682173, 0.007958043, 0.0059223506, 0.0054383655, 0.014179652, 0.01523629, 0.021827353, 0.029778007, -0.017615575, -0.005094773, 0.0017022601, 0.0029925788, 0.008201882, 0.004499952, -0.009022071, 0.005168664, -0.0028817425, 0.006546728, 0.005120635, -0.0032401131, 0.004802904, -0.011453079, -0.0030720115, -0.00023356431, -0.0015923475, -0.009583641, -0.017364345, 0.016388988, -0.004795515, -0.0046329554, 0.004507341, 0.018842163, -0.006273332, 0.005434671, -0.01581264, 0.021871688, 0.012642722, 0.006291805, 0.0017142674, 0.0070159347, -0.013618081, -0.0443345, -0.0027321137, 0.016137758, -0.011571305, -0.021014553, -0.010928455, 0.0022684487, 0.027664728, 0.014201818, -0.008896456, -0.008637839, 0.005264722, 0.011238796, -0.0050910786, 0.006225303, 0.0063841683, -0.0069124876, -0.015590966, 0.013817586, 0.021118, -0.014416102, -0.038571015, -0.006472837, 0.013359463, -0.0075664213, 0.0044519226, 0.0022536705, -0.03481736, 0.011571305, -0.008741286, 0.0042671957, -0.0064285025, -0.0014944421, -0.017512128, -0.014534327, 0.0034728693, -0.017881582, 0.0011379189, 0.014290487, 0.007802872, 0.010130433, 0.019861856, 0.008534391, -0.015546632, -0.0054235873, -0.00959103, -0.013152569, -0.008586115, 0.010418608, -0.0024494813, -0.015975198, -0.0011369953, 0.011807756, -0.0130195655, -0.014283098, -0.0062844157, 0.028359303, -0.008009766, 0.033250876, -0.0005578758, -0.009731423, 0.001015999, -0.006923571, -0.029231215, -0.010433386, -0.006387863, 0.0016154384, -0.007876763, -0.014985061, 0.026881486, -0.011238796, -0.014534327, 0.008837344, 0.012125486, 0.012775726, 0.00095226814, -0.016832333, 0.008756064, 0.025093328, 0.014164873, 0.0062289974, 0.024930768, -0.010817618, 0.018310148, 0.010374273, 0.00044496136, -0.0017364346, -0.0224037, 0.028433193, -0.002857728, -0.0417631, 0.0027173355, -0.008911234, 0.0061551067, 0.0020486235, -0.008083657, 0.0046735955, 0.015310181, 0.004773348, -0.0002916379, -0.003990105, 0.022994827, -0.0111649055, -0.0004380341, -0.010248659, -0.01677322, -0.0010002971, 0.016403764, -0.00046043226, 0.0077437595, -0.0032068621, -0.00013231077, 0.021162335, -0.025181996, 0.013935812, -0.018723937, -0.024295306, -0.0050245766, 0.009539307, 0.0020984998, 7.943265e-05, -0.020275645, -0.016433321, 0.009184631, 0.010292993, 0.024324862, 0.03948726, -0.0019654962, -0.022034246, 0.012406271, -0.020999776, -0.0046218717, -0.014076204, -0.0021557652, 0.007488836, -0.031152377, -0.014223985, -0.012620554, 0.019566294, 0.012834838, 0.03023613, -0.0025473866, 0.022388924, 0.010174768, -0.024088413, -0.008076268, -0.022108138, -0.014504771, -0.015546632, -0.028979985, -0.027280496, -0.018901275, -0.010219103, -0.025787901, -0.0033934365, 0.03443313, -0.022861823, 0.007950654, -0.013943201, -0.013618081, 0.0079654325, 0.013551579, -0.018251035, -0.003600331, 0.0076403124, 0.008113214, -0.0035042728, 0.008268384, 0.003689, 0.007352138, -0.00096335175, -0.009731423, -0.00370932, 0.0009716645, 0.010780673, 0.008586115, 0.0093102455, 0.0035135092, 0.003731487, 0.00012041897, 0.012228933, -0.0022278086, -0.00047336315, -0.018812606, 0.024886433, -0.01104668, 0.0040455232, -0.014948116, 0.02676326, 0.021723906, -0.0051871366, 0.005859543, -0.009650143, 0.03056125, -0.0095023615, 0.0027967682, 0.004448228, -0.010595946, 0.013691972, 0.00087976275, 0.0052942783, 0.019388955, 0.025418447, 0.009967874, -0.009923539, -0.026393807, -0.017467793, -0.0064691426, -0.023955408, -0.01572397, 0.008719118, 0.00951714, -0.008719118, 0.0080910465, -0.0045442865, 0.0036871526, 0.0016985656, -0.011896424, -0.0028521863, -0.009443249, -0.024620427, -0.0036206509, 0.008231439, -0.0064765317, 0.013455521, 0.016507212, 0.030088348, 0.0012376715, 0.023334725, -0.009487583, -0.011815145, 0.025315, 0.015088509, 0.0017863109, -0.006827513, -0.0003881578, 0.033694223, -0.012546664, 0.00033043057, 0.021827353, -0.016300319, -0.024324862, -0.0065910625, 0.008696951, 0.00014708894, 0.007677258, -0.010093488, 0.0009333336, 0.026482476, 0.0036557491, 0.014689498, -0.004385421, 0.0048657116, 0.010211714, 0.008253606, -0.0008626755, 0.007400167, -0.009073795, -0.00822405, -0.0012256643, -0.025004659, 0.024901211, 0.00033781966, 0.012857005, 0.033487327, -0.014630386, -0.0103964405, 0.002325714, -0.0031791532, 0.014807723, 0.00022086433, 0.03295531, 0.004455617, 0.012236322, 0.01732001, 0.018029364, -0.0037130145, -0.024546536, 0.004706846, -0.007921098, 0.011534359, -0.015147621, -0.019787965, -0.009125518, 0.007562727, 0.009893983, 0.0038312399, 0.018753493, 0.011312687, 0.004784432, 0.02620169, -0.015945641, -0.012155042, -0.003430382, -0.012531886, -0.010854564, -0.00257879, -0.0003366651, 0.02039387, -0.005667427, 0.0013134095, -0.0032567387, -0.011822534, 0.010743727, 0.017866803, -0.0045590647, 0.0012145806, -0.0020541651, -0.012428438, 0.0053090565, -0.0035966365, -0.00033158512, 0.007669869, -0.004651428, -0.019122949, 0.008453111, 0.0008188028, -0.009857037, 0.018162368, 0.01112796, -0.002789379, -0.0057413178, 0.013632859, -0.035024256, -0.011726475, -0.0022684487, 0.012450606, 0.0013771404, 0.0067055933, 0.011962926, 0.0074851415, 0.018044142, -0.012155042, 0.013440743, 0.0056230924, 0.010861953, 0.046935458, -0.015029396, 0.017246122, 0.01797025, 0.011763421, -0.0023016995, 0.002981495, -0.015251068, 0.009059017, -0.012790504, -0.0076846466, 0.0058484594, 0.0009716645, -0.005903878, 0.010167379, -0.012125486, -0.012613165, -0.008911234, 0.0022167251, -0.013440743, 0.006724066, -0.011490025, -0.00455537, 0.012081152, 0.0009268682, 0.015413628, -0.01483728, 0.01362547, 0.0046957624, 0.012975231, 0.021989912, 0.0059334342, 0.019861856, 0.004185916, -0.0120589845, -0.012908729, 0.005722845, 0.003123735, -0.0050504385, -0.001725351, -0.013802808, -0.008645228, -0.0025584702, 0.014393935, -0.017438237, -0.011504803, 0.007773316, 0.0034340767, -0.010026987, -0.011475246, -0.008297941, -0.019847078, 0.019714074, -0.0013152568, -0.01910817, 0.011682141, 0.004843544, -8.635991e-05, -0.0031920841, -0.01863527, -0.01419443, 0.0060886047, -0.0022906158, -0.012051595, -0.011918591, 0.0015803402, 0.013566357, -0.018797828, 0.0084752785, -0.029792784, -0.015443184, -0.0035615382, 0.003990105, -0.0015978893, 0.004012272, 0.0038312399, -0.02862531, -0.014046648, 0.011238796, -0.005364475, 0.0084161665, 0.016433321, -0.0054716165, -0.027590837, 0.019167282, -0.014460436, 0.05305362, -0.021576123, -0.025595786, 0.008645228, 0.008534391, 0.0025806373, -0.015058952, -0.013411187, 0.0028189353, -0.025093328, 0.0126575, -0.0100122085, 0.00942847, 0.013980146, 0.007884152, -0.00093748997, 0.00047567225, 0.008364443, -0.02249237, 0.00051123224, 0.0009892136, -0.01829537, 0.014031869, -0.012487551, -0.025507117, -9.178627e-05, -0.0062179137, -0.005789347, -9.721263e-05, 0.009908761, -0.036324736, -0.015605744, -0.0012118097, 0.005168664, -0.02128056, 0.0026489864, -0.013248627, 0.005796736, -0.007237607, -0.028063739, 0.016743664, 0.018177146, 0.014859447, -0.022610595, 0.010632891, -0.008519613, -0.0061403285, -0.0060922992, -0.0056785108, -0.0007453738, -0.0051391074, 0.009746201, -0.013012176, -0.001193337, 0.0023035468, -0.013174736, 0.004950686, 0.003722251, 0.046166994, 0.008637839, -0.0013226459, -0.00065670477, 0.002933466, -0.001998747, -0.036354292, -0.014962894, 0.0017235037, -0.012088541, 0.01805892, -0.004651428, 0.0037388762, 0.012879172, 0.01258361, 0.020452984, -0.02394063, -0.023674624, -0.014150095, 0.00011002807, 0.009044238, -0.004337392, -0.001943329, 0.0054863943, -0.01378064, -0.005272111, -0.028108073, 0.006033187, -0.011068847, 0.003879269, -0.008637839, -0.015576188, 0.028950429, -0.001162857, 0.020497318, -0.0033805056, 0.0060184086, -0.037832107, 0.020275645, 0.006517172, 0.003225335, 0.003129277, 0.00078324287, -0.005804125, -0.007281942, 0.005183442, 0.023127832, -0.019388955, -0.0035430656, 0.008172327, 0.01072895, 0.01903428, 0.02386674, 0.005142802, -0.0062437756, -0.0132116815, -0.016255984, 0.00054032676, 0.014881615, -0.0016782456, -0.0005735776, 0.013669805, -0.022507148, 0.009539307, -0.004178527, -0.0018121727, -0.0013115624, 0.0011693224, -0.010669837, 0.007699425, 0.0064100297, -0.0038681852, -0.009036849, -0.021871688, -0.014290487, -0.0065134773, -0.009642754, -0.006295499, 0.015605744, 0.013854532, -0.000719512, 0.024694318, -0.01668455, 0.007448196, 0.016241206, -0.013499856, 0.0022056415, 0.012465384, 0.001282006, -0.005955601, -0.008793009, -0.0066243135, 0.031004595, -0.015369293, -0.010795451, -0.026290359, -0.01048511, 0.0114826355, -0.01395059, -0.0023441867, -0.014571273, 0.009443249, -0.013691972, -0.009398914, 0.017541684, 0.0029353134, 0.0033472548, -0.010514665, -0.021428343, 0.019876635, -0.0031015677, -0.006343528, -0.013824975, -0.0142313745, -0.0028762007, 0.0141722625, -0.004706846, -0.0023829795, 0.001998747, -0.0019082308, -0.021975134, -0.02354162, -0.015650079, 0.01732001, -0.026970156, -0.0042930576, 0.005619398, 0.0100122085, -0.01007871, 0.013536801, -0.02756128, -0.013448132, -0.023246057, 0.010448164, 0.0037942943, 0.012731391, 0.018960388, 0.016315097, 0.00054586853, -0.013884088, 0.01579786, 0.040846854, -0.018118033, -0.004932213, 0.005297973, 0.006291805]"
鉄骨番長,fromCluster,0.0636,11.0,0.5226,"[0.058596056, -0.027888756, -0.008262786, 0.00058503344, 0.020886898, 0.03744214, -0.00047192076, 0.024002131, -0.026197629, 0.008507554, 0.0011329807, 0.014033385, -0.0057186782, -0.008552058, 0.017104115, -0.026939351, -0.018943585, 0.015005041, -0.019447956, -0.053136982, 0.050585456, -0.028674982, 0.003022518, 0.0048434464, -0.01380345, 0.0039941743, -0.0045727175, 0.01169696, 0.0110887475, -0.03150836, -0.038866244, 0.0069091427, -0.002985432, 0.034386244, 0.06420348, 0.0119936485, 0.0052625192, 0.058180694, 0.0031578825, -0.042841878, 0.0061859633, 0.003975631, -0.018098023, 0.012868881, 0.044473667, -0.017074445, -0.011556032, 0.0003926492, 0.0004084108, 0.027725577, 0.054620426, 0.00053496717, -0.011726629, 0.020100672, 0.033792865, -0.025841603, 0.039429955, 0.057468638, 0.02229617, 0.017296962, -0.022800542, -0.01655524, -0.06693301, 0.034415912, 0.052721616, 0.00038430485, 0.008552058, 0.016777758, -0.0017847691, 0.004594969, -0.029253526, -0.030944651, 0.007068613, 0.00894517, 0.014404246, -0.023334581, 0.032161076, -0.011237092, -0.007572984, -0.0077361627, -0.0054998705, 0.024729019, -0.00881166, -0.013195239, -0.028511804, -0.017845837, -0.004457751, -0.040468365, -0.025426239, 0.017608486, 0.036403727, -0.007480269, -0.0017884778, -0.019136434, 0.038628895, 0.024580674, 0.015279478, -0.014129808, 0.011926893, 0.01605087, 0.006349142, 0.007213249, -0.0038866245, -0.010198681, 0.024283987, 0.041506775, -0.01161537, 0.048864663, -0.005210599, -0.008018018, 0.004999208, -0.0014890074, 0.037115782, 0.0028241074, 0.0012822524, 0.017638154, -0.0024847696, -0.03907393, 0.016629413, -0.018884249, 0.043880288, -0.01671842, -0.020234182, -0.026568491, -0.015457491, -0.015961863, -0.045334063, 0.023482926, -0.022800542, 0.016273385, -0.031211672, -0.011808218, 0.020753387, -0.044206645, 0.01164504, 0.008707819, -0.012156827, 0.0062156324, 0.011971397, 0.04966572, 0.020367693, 0.0018784115, 0.0018858288, -0.0329028, 0.033970878, 0.003525035, 0.019017758, -0.0058113937, 0.008366627, -0.0009215899, -0.0051772213, 0.009976164, -0.008196031, 0.015769014, 0.009353117, -0.015249809, -0.096008524, 0.015368485, -0.045304395, -0.029950744, -0.0010365568, 0.0010124509, 0.009783316, 0.01789034, -0.030202929, 0.011867556, 0.07535898, 0.017638154, -0.014730603, 0.0022845045, 0.008900667, 0.00010059608, 0.019329282, -0.006590202, -0.014678683, 0.02232584, 0.027977763, 0.02125776, 0.007127951, 0.051445853, 0.014278153, 0.014107557, -0.014723186, -0.022800542, 0.013677358, 0.023141734, 0.0075878184, -0.0119936485, 0.015398154, -0.0689505, 0.0231269, -0.013922126, 0.004491128, -0.07340083, 0.022815377, 0.0043909955, 0.023215907, -0.014611928, 0.011919476, -0.008566892, -0.03006942, 0.0073986794, 0.030158427, -0.04275287, 0.043227572, -0.004828612, -0.035929024, 0.023245575, -0.03361485, 0.027117364, 0.02753273, -0.027592067, -0.010309939, 0.041180417, -0.008114441, 0.005855897, 0.01722279, 8.495038e-05, 0.009976164, -0.0118008, -0.004198148, 0.05800268, 0.02630147, 0.025708092, -0.0013434445, -0.031953394, -0.019774314, 0.0031096705, 0.0029594717, 0.0052699363, 0.0030800016, 0.006104374, -0.0061266255, 0.011467026, 0.006160003, -0.028927168, -0.00886358, -0.008685567, -0.005867023, 0.027325047, -0.017193122, 0.07239209, -0.022444515, -0.013195239, 0.026820676, 0.04622413, -0.03714545, -0.029713392, -0.025322396, -0.038628895, -0.0059004, -0.008470468, 0.048864663, -0.022340674, 0.041388102, 0.06301672, 0.0026850344, -0.003282121, 0.042812206, 0.0022733787, -0.05509513, 0.0032302004, -0.006753381, -0.0031819884, 0.011934311, -0.027933259, -0.039340947, 0.017178288, -0.023957629, 0.0072837123, 0.0017087426, -0.03210174, 0.018409546, 0.011763714, -0.0022103323, -0.049102012, -0.01762332, 0.007394971, -0.019744646, 0.014604511, 0.015932193, 0.0054034465, -0.01161537, 0.0054108636, 0.025381735, -0.008796826, 0.0032802667, 0.01682226, 0.054383073, -0.07037461, 0.004828612, 0.010324773, 0.012119741, 0.01410014, -0.0071650366, 0.009123184, 0.03791684, -0.059219103, 0.06811977, 0.0024439748, -0.022340674, -0.021139083, -0.0018181467, -0.04702519, 0.03548399, 0.008774574, 0.003525035, 0.00491391, -0.010421198, 0.00024291403, -0.026256967, -0.013677358, -0.02963922, 0.015531664, -0.011926893, -0.017341467, 0.008737488, -0.0072355005, -0.019136434, -0.010829145, 0.04708453, -0.024654847, -0.030128757, -0.014619345, 0.0151162995, 0.03575101, 0.024877364, 0.016792592, -0.030158427, -0.016733253, -0.00083258323, -0.008618812, 0.011274178, -0.011578284, -0.06254202, 0.0075878184, -0.04002333, 0.009234441, -0.044325322, 0.010754973, -0.013840537, 0.0076545733, -0.015783848, 0.0040127174, -0.018780407, 0.0048768236, 0.042070486, -0.028912332, 0.015605836, -0.006438149, 0.0007598017, -0.023913125, -0.004387287, -0.0026460942, 0.011177754, 0.017964512, -0.0046951016, 0.01925511, -0.016347557, -0.0047915257, -0.04141777, 0.02406147, 0.028289286, 0.00961272, 0.05156453, 0.038658563, 0.0204567, -0.010495369, -0.047974594, -0.014396829, 0.0097981505, -0.01076239, 0.016629413, 0.014841862, 0.015828352, -0.005399738, 0.0066532483, -0.009449542, -0.02923869, -0.035869688, -0.0083443755, -0.017252458, -0.013128484, -0.05877407, -0.006360268, 0.033525843, -0.008581726, -0.017341467, -0.006401063, 0.027221207, 0.034771938, 0.01842438, -0.009138018, 0.0003066558, 0.018231532, -0.012446099, 0.00875974, 0.0005057618, -0.011029409, -0.006972189, -0.013336166, 0.0016151002, -0.007773249, 0.0143819945, 0.018913917, -0.0013100669, -0.019566633, 0.028318955, 0.009597885, 0.00680901, 0.037234455, -0.017282128, 0.0011422522, -0.02566359, 0.008374044, -0.017133784, 0.008507554, -0.027517894, 0.0020916567, 0.006875765, 0.039993662, -0.006723712, -0.0072614606, -0.03797618, 0.033555515, 0.025945444, 0.051416185, 0.016139876, 0.010154177, -0.019700143, -0.008255368, -0.009271528, -0.0068275533, 0.021109415, 0.013729279, -0.011177754, 0.013721861, -0.01671842, -0.022711534, -0.021584118, -0.008722654, 0.0033154984, 0.035127964, -0.008396296, 0.031864386, 0.018038685, 0.025856437, 0.0062527186, -0.0018691401, -0.010421198, -0.030202929, -0.04008267, -0.008744905, -0.0018849017, -0.02320107, -0.017015109, 0.0064307316, 0.0072058314, 0.008500136, 0.01562067, -0.0033358957, 0.010621462, 0.013484511, -0.03898492, 0.0037772204, 0.016362393, -0.0040980154, -0.0027258291, -0.0008052322, 0.015635505, 0.020812726, -0.0068053016, 0.02486253, 0.008055103, 0.00021000011, 0.029342532, -0.0070018577, -0.024447165, -0.024076303, 0.0226967, -0.0010643714, -0.02192531, 0.00031639088, -0.014856696, -0.00894517, -0.012587027, -0.01076239, -0.014522921, 0.01116292, -0.0080106, 0.06171129, 0.040972736, -0.051208504, 0.020145176, 0.0034805315, -0.009108349, -0.011593118, -0.0169261, -0.024091138, -0.010999741, 0.026360808, -0.0035102004, 0.0072169574, 0.02162862, 0.014723186, 0.00761007, 0.03794651, 0.062067315, 0.026553657, 0.00079827855, -0.0146861, -0.0092492765, 0.00030086108, 0.006497487, -0.040142007, 0.0031467567, 0.012542523, -0.011073913, -0.024313655, 0.011808218, 0.00050993403, -0.001565961, -0.023023058, 0.0062823873, 0.04296055, -0.008433382, -0.020071004, -0.0061488776, 0.0080106, -0.010606628, 0.027369551, 0.010087422, -0.0011088747, 0.0057743075, -0.022147827, 0.023542264, -0.01311365, 0.018350208, -0.013996298, 0.0024254317, 0.027013524, 0.009768482, -0.02029352, 0.019077096, 0.002785167, 0.0064604008, -0.014337491, -0.007602653, 0.015368485, 0.0027536438, -0.013758947, -0.00037966907, 0.0105250385, -0.032932468, -0.007802918, -0.033970878, -0.030232599, -0.03417856, -0.0073393416, 0.050615124, 0.016332723, -0.025797099, 0.008915502, 0.023067562, -0.0008896031, 0.0028852995, 0.027621737, 0.022859879, -0.04628347, 0.011956562, 0.026375642, -0.015234975, -0.002456955, -0.00291126, 0.028912332, 0.052484266, -0.019863322, -0.031567696, 0.022622528, -0.023423588, -0.009100932, -0.029950744, 0.0062898044, -0.005362652, 0.015991531, -0.013484511, 0.025455907, -0.00782517, -0.01695577, 0.0031096705, -0.009086098, 0.003775366, -0.013595768, -0.005789142, -0.0027258291, -0.009805568, -0.007498812, 0.007094573, -0.026716836, 0.01033219, 0.0056445063, 0.008388879, 1.964405e-05, -0.044176977, -0.0018422526, 0.00293722, 0.06800109, 0.0027147033, 0.014055637, 0.013365835, 0.023067562, 0.037234455, 0.047143865, -0.011333516, 0.019329282, 0.007020401, 0.01748981, 0.010569542, 0.009709144, -0.023913125, 0.018305704, -0.023037892, 0.03177538, -0.006304639, 0.015412988, 0.043998964, 0.0067941756, -0.022578025, -0.011096165, 0.017074445, -0.0048990753, 0.011073913, 0.023927959, -0.043375917, -0.013536431, -0.011785966, 0.018810077, -0.013306497, 0.0049287444, 0.009375369, 0.014597094, -0.012223583, -0.006961063, -0.059931155, -0.020352859, 0.018053519, 0.006304639, -0.021984648, -0.012483185, 0.01872107, 0.05637089, 0.023319747, 0.00031894055, 0.010547291, 0.007921593, -0.027458558, -0.0053774863, 0.026093788, -0.008603978, -0.014522921, -0.021465441, -0.024951536, 0.018913917, -0.025841603, -0.015783848, 0.021020409, -0.019240275, -0.015932193, -0.015205306, -0.0066977516, 0.010539873, -0.021865971, 0.007532189, 0.028526638, -0.024150476, -0.007239209, 0.028526638, 0.0007389408, -0.005166095, -0.016792592, -0.03370386, 0.024521338, -0.015101464, 0.009990999, 0.010962655, -0.015005041, -0.043197904, -0.0024124517, 0.021317096, 0.04379128, -0.013514179, 0.022533521, -0.019106764, -0.011036827, 0.012594444, -0.045334063, 0.004454042, 0.016703585, 0.03177538, 0.039103597, -0.0070241094, -0.008974839, -0.019032592, 0.029683724, 0.019477626, -0.0043168236, -0.00846305, 0.010851396, 0.007802918, -0.03207207, -0.00023236767, 0.017741995, -0.005373778, 0.002440266, -0.006857222, 0.00792901, -0.031567696, 0.020590208, -0.011303847, 0.00947921, -0.009723978, 0.01882491, -0.006616162, -0.011652457, -0.012779874, -0.025099881, 0.025708092, 0.013736696, 0.017163452, -0.0059671556, -0.009071263, -0.021153918, -0.024506502, 0.008403713, -0.027829418, -0.0042611943, -0.0024105972, 0.0046505984, 0.036759753, -0.012104907, 0.01695577, 0.024491668, 0.017979346, -0.024402661, -0.009123184, 0.057913672, -0.029817235, 0.019640805, -0.003089273, -0.019433122, 0.0024439748, 0.004925036, 0.013721861, -0.012690867, -0.025886105, 0.019447956, 0.002596028, -0.01722279, -0.021702792, -0.0076545733, -0.04833062, 0.013721861, 6.3857646e-05, 0.011593118, 0.011422522, 0.03607737, 0.005640798, -0.04334625, -0.01086623, -0.0105324555, -0.00043877505, -0.0003989075, 0.051742543, 0.00030897366, -0.021406103, -0.0070352354, -0.025055377, 0.012238417, 0.021851137, -0.0011348351, 0.006530864, -0.0031560282, -0.006990732, 0.0021639746, -0.0017875506, 0.0016095373, -0.015709678, -0.000903974, 0.01585802, 0.025856437, 0.008448216, 0.0035936441, 0.004613512, 0.027369551, 0.016896432, 0.003749406, 0.0043835784, 0.00049649033, -0.019002924, 0.00016468551, -0.016866764, 0.003398942, 0.013684776, 0.0025923192, 0.020753387, 0.011133251, -0.038658563, 0.014203981, -0.010005833, 0.0053404, -0.0094421245, 0.0067607984, 0.010495369, 0.028185446, 0.008047686, -0.009115766, 0.02553008, -0.018409546, -0.012542523, -0.015991531, -0.031983063, 0.014241067, 0.008655898, 0.026479485, 0.009775899, 0.014144643, -0.005277354, -0.00427232, 0.021880805, -0.0049287444, 0.0046617244, -0.006723712, -0.0072058314, -0.002621988, -0.025203722, 0.015665174, -0.0009623846, 0.027547564, -0.007661991, 0.010858813, -0.0003970532, -0.019952329, -0.0012423848, -0.02683551, -0.023675773, -0.00069026527, 0.0054145725, -0.008730071, 0.0016049015, 0.0026590743, -0.016777758, 0.05082281, -0.019166103, 0.013410338, 0.019967163, -0.0040275515, -0.0138331195, 0.020397361, 0.016777758, -0.013365835, 0.029520545, -0.057498306, 0.014938286, -0.015012458, 0.011340933, 0.024907032, -0.023571933, -0.034089554, 0.039963994, -0.019507295, -0.0050993403, 0.006660666, 0.034593925, 0.022711534, -0.02710253, 0.013328749, 0.0077287457, -0.010584377, -0.0053441087, 0.03046995, -0.026019616, 0.009100932, 0.025826769, -0.012453516, 0.010932986, -0.013788616, 0.007765832, 0.014908617, -0.02066438, -0.018498553, 0.004231525, 0.030202929, 0.0493987, -0.01829087, -0.0044354987, 0.017504646, -0.00159563, -0.0056964266, -0.029490877, -0.014344908, -0.015516829, -0.02029352, 0.002288213, 0.014723186, 0.015843187, 0.0025403986, 0.014841862, 0.0064604008, 0.03741247, -0.013788616, 0.014990207, -0.010843979, -0.012290337, 0.015576167, -0.010806893, 0.019907825, 0.00038917238, 0.006686626, 0.023468092, -0.016436564, -0.00443179, -0.010139343, -0.02336425, 0.0012664907, -0.0032784124, -0.011874973, 0.012994974, 0.020234182, 0.01685193, 0.016881598, -0.018572725, -0.024521338, -0.057023607, 0.005752056, 0.025515245, 0.0320424, 0.01188239, 0.006627288, 0.023557099, -0.04702519, -0.008856163, 0.007973514, 0.04132876, 0.010695634, 0.004168479, 0.020738553, -0.019848486, -0.046936184, -0.0014203981, 0.012327423, 0.005711261, -0.00021718554, -0.020174844, 0.0037178828, -0.020145176, 0.025485575, -0.0075581498, -0.01169696, 0.013736696, -0.018735904, -0.005637089, 0.0015464908, -0.041477107, 0.0022233124, -0.011148085, -0.01375153, 0.009360535, -0.0017727162, 0.015531664, 0.0051549696, -0.009390203, 0.03741247, -0.020708885, -0.017193122, -0.03839154, 0.0017625175, -0.011919476, 0.0062712617, -0.008722654, -0.002627551, 0.004758148, 0.0026201338, -0.0186914, -0.0019377493, 0.03171604, -0.013024642, 0.0037030482, 0.011504112, -0.0107178865, -0.0029965579, -0.0044874195, 0.023824118, 0.0024013259, -0.00091695413, 0.022919217, 0.011096165, -0.014515504, -0.03497962, -0.0068201357, -0.025708092, 0.012676033, 0.0023086104, -0.028615644, 0.021376435, -0.009753647, 0.009316031, -0.0066347052, -0.021480275, 0.02806677, -0.003361856, 0.018513387, 0.0030911274, -0.004776691, -0.031983063, -0.01562067, -0.0119936485, 0.028823325, 0.046431813, -0.014315239, 0.06948454, 0.0052402676, -0.025188887, 0.012060404, 0.0038977503, 0.004198148, 0.014611928, -0.013692193, 0.018602394, 0.010487952, -0.028274452, -0.02963922, 0.033466507, 0.018009016, 0.017148618, 0.008055103, 0.00038221874, -0.025900941, 0.066755004, 0.008374044, 0.024328489, 0.012757623, -0.031449024, 0.0061637117, -0.0056222547, 0.009523714, 0.015783848, 0.004398413, -0.0021954977, 0.01605087, -0.0008209938, 0.015694842, -0.0069313943, 0.021242924, 0.020516038, 0.0034935118, 0.033970878, -0.024135642, 0.000970729, 0.023067562, 0.0045133797, 0.01898809, 0.0059931157, 0.012839212, 0.029298028, 0.00587444, -0.00030596042, -0.03230942, 0.00094245083, 0.008188614, 0.016540406, 0.0062045064, -0.00064158975, -0.009049011, -0.019878156, 0.008388879, -0.014730603, -0.009464376, 0.021376435, -0.016125042, 0.014218816, -0.01919577, -0.040676046, -0.0043168236, 0.015843187, -0.031627037, 0.006964772, -0.0059671556, 0.02189564, 0.00987974, 0.0017625175, -0.008833912, 0.0063454336, 0.019700143, 0.008418547, 0.016199214, -0.0046802675, 0.0033043725, -0.023171403, 0.0075025205, 0.01575418, -0.0017161599, -0.023141734, -0.008826494, -0.014456166, 0.0022770872, -0.0063676853, -0.008114441, 0.008233117, 0.024447165, 0.014760273, 0.020382527, 0.007891924, 0.013781199, 0.0075618583, -0.02817061, 0.00066755, -0.022800542, -0.0025886106, -0.0057409303, 0.0060932483, -0.035899356, 0.007572984, 0.002050862, -0.004598678, -0.024120808, -0.0067200037, -0.008092189, 0.003258015, 0.006927686, 0.021865971, -0.0027202663, -0.006486361, -0.017133784, -0.005855897, 0.021791799, -0.002227021, -0.02406147, 0.025114715, 0.0475889, 0.016495902, -0.0043576183, 0.0099835815, -0.0024291403, -0.02683551, 0.019062262, 0.02469935, -0.035958692, -0.015412988, -0.015249809, -0.005570334, -0.021183588, -0.004253777, 0.017193122, -0.025886105, -0.003300664, 0.009034176, -0.0082257, 0.001225696, 0.014597094, 0.04011234, 0.048805322, -0.01585802, 0.009857489, -0.022207163, -0.009197356, 0.010517621, -0.002371657, -0.022103323, -0.009605303, 0.031864386, 0.0017263585, -0.004109141, -0.000444338, 0.0048434464, -0.00078715273, -0.0149234515, 0.00787709, 0.03667075, 0.035958692, -0.019477626, -0.01975948, -0.034386244, 0.0081515275, 0.012846629, 0.002280796, -0.018869413, -0.013551265, -0.026212463, -0.009301197, -0.00827762, -0.012490602, 0.007105699, 0.014953121, -0.016837094, -0.016703585, 0.010250601, -0.010970072, -0.0044800024, -0.020634713, 0.007565567, -0.012831795, 0.039696973, 0.012987556, 0.037501477, -0.029312862, 0.0099835815, -0.023082396, -0.029624386, -0.014448749, 0.0059115263, -0.006571659, -0.0044429163, 0.0066235797, -0.008107024, 0.0061451686, 0.0077509973, -0.0018348354, -0.0011867556, -0.009004508, 0.022370342, -0.027043194, -0.04121009, 0.015249809, -0.0011867556, -0.0018125838, 0.010443449, -0.0026739086, -0.009256694, 0.023423588, 0.003580664, -0.04301989, -0.034415912, -0.0005437751, 0.0050585456, -0.001565961, -0.018928751, 0.004969539, -0.010562125, 0.013773782, 0.007936428, 0.009531131, 0.010940403, -0.020605044, -0.025797099, 0.014226233, 0.022874713, 0.020011665, 0.024283987, -0.027948095, -0.0032302004, 0.035068627, 0.003167154, 0.0079660965, -0.018201863, 0.014812193, 0.004053512, 0.006849805, 0.020768223, 0.009034176, 0.0052996054, -0.01062888, 0.02323074, 0.007706494, 0.02673167, -0.020338023, 0.018483719, -0.025248226, -0.0072540436, 0.0112593435, -0.010384112, -0.004836029, -0.005347817, -0.010198681, 0.025010874, 0.02162862, -0.0018849017, 0.014982789, 0.009286363, 0.040794723, 0.009686893, 0.008440799, -0.017578816, -0.012839212, -0.013410338, -0.014901199, 0.012127158, -0.003463843, 0.007012984, -0.01895842, -0.014159477, -0.0015186763, 0.027265709, 0.015872857, 0.015442657, -0.0127279535, 0.0032023857, 0.0027499353, -0.029921075, -0.0030466241, -0.012438682, 0.0047544395, -0.0020249018, -0.026479485, -0.009138018, 0.0073096724, -0.010309939, -0.022459349, -0.011956562, -0.0021658288, 0.0051067574, -0.007817753, 0.005321857, -0.012661198, 0.0058596055, -0.01832054, 0.0003671525, 0.010213515, -0.0038903332, 0.002451392, -0.0005238413, -0.010398946, -0.03260611, -0.025915775, -0.009175104, 0.021984648, -0.009761064, 0.0019451666, 0.04162545, -0.024921868, 0.027147034, 0.006705169, -0.017697493, 0.010198681, -0.013736696, -0.005303314, -0.013625437, 0.012846629, -0.0020768223, -0.009842654, 0.0071576196, -0.0079660965, -0.0307073, -0.00014521531, 0.0097981505, 0.021346767, -0.005867023, 0.022652198, 0.028482134, -0.008796826, -0.03960797, 0.0008863581, 0.014025968, 0.005147552, -0.010391529, 0.006108083, 0.0055184136, 0.009657224, -0.016837094, -0.036314722, 0.0035880813, -0.0024124517, 0.0010541728, 0.009775899, 0.0064566922, 0.025470741, 0.00443179, 0.0005414572, -0.029298028, -0.019700143, 0.015635505, -0.0048768236, -0.034326904, -0.022889549, 0.021821469, 0.011533781, -0.0049621216, 0.0068794736, 0.020783057, 0.042990223, 0.0054145725, -0.00020988421, 0.03006942, -0.023720277, 0.029149683, -0.010369277, 0.0325171, 0.022400012, -0.002512584, 0.030054584, 0.02673167, -9.700336e-05, 0.008596561, 0.001292451, -0.026538821, -0.008952587, -0.03584002, 0.0018737759, 0.030321606, -0.024684517, 0.011429939, -0.038005847, 0.013692193, -0.022355508, -0.006638414, 0.0010764244, 0.029565047, 0.034564257, 0.02763657, -0.019685308, -0.02329008, 0.008552058, -0.021598952, 0.0022863587, -0.0129208015, 0.020590208, 0.0045838435, 0.009516296, -0.0077880835, 0.013818285, -0.016406896, -0.025055377, -0.003532452, 0.007988349, -0.014990207, 0.004387287, -0.017104115, -0.0018135109, -0.008767157, 0.006037619, 0.0149234515, 0.005711261, -0.009523714, 0.0061822548, -0.004732188, -0.024002131, 0.008218282, -0.01329908, -0.0068275533, -0.020783057, -0.003246889, -0.0038680814, 0.029950744, 0.009842654, 0.010235767, 0.012268086, 0.003968214, 0.006256427, -0.0050659627, -0.005433115, -0.00066059636, 0.01732663, 0.002280796, 0.0032728494, 0.015056961, 0.010703051, 0.02376478, -0.007105699, -0.0064900694, 0.025871271, 0.004999208, -0.025292728, -0.033051144, -0.005655632, 0.0016596036, -0.0204567, 0.03545432, 0.003033644, -0.015561333, 0.02165829, -0.0071390765, 0.019863322, -0.019210607, 0.00200265, -0.010013251, -0.034623593, 0.010970072, 0.043494593, -0.0072614606, -0.014730603, -0.004157353, -0.008670733, -0.0011552324, -0.011741463, 0.011704377, -0.0127279535, 0.02763657, 0.029223856, 0.02376478, 0.01041378, -0.0012627821, 0.0059004, 0.0038569556, -0.023542264, 0.012119741, -0.012193914, 0.0014843716, -0.005818811, -0.004398413, 0.0073986794, 0.009189938, 0.023779616, 3.937502e-05, -0.0020656965, 0.0037364257, 0.014174312, 0.012119741, -0.005781725, 0.013002391, 0.021509945, -0.00982782, 0.004457751, -0.0058447714, -0.013721861, -0.052217245, -0.008158945, 0.011511529, 0.021539614, -0.001668875, -0.015783848, -0.011941728, -0.013936961, 0.0253669, 0.008292454, -0.031834718, 0.0005595367, 0.020382527, 0.05233592, -0.009946495, -0.0063454336, 0.021331932, 0.008062521, -0.05049645, -0.009516296, 0.0036733793, -0.006171129, -0.034326904, -0.007153911, 0.002475498, -0.017697493, -0.0009475502, 0.013847955, 0.02016001, -0.026583325, 0.007840004, -0.009568217, -0.009753647, -0.008796826, 0.0138331195, 0.00078900706, 0.016436564, -0.009545965, -0.012030735, -0.026449814, -0.0045393403, -1.6355554e-05, -0.018572725, -0.01033219, -0.009812986, -0.015991531, 0.0118156355, 0.014144643, -0.0043316577, 0.008181197, -0.000274669, -0.0154723255, -0.0020119215, 0.003853247, 0.045304395, 0.01792001, 0.00032079488, 0.0083295405, 0.013402921, 0.00028533128, 0.021509945, 0.010250601, 0.019433122, 0.015561333, -0.024462, 0.0022919218, -0.013009808, -0.005522122, 0.00974623, -0.0074505997, 0.017029943, -0.003356293, 0.00067635794, 0.012661198, -6.1170354e-06, -0.008448216, 0.020990739, 0.011333516, -0.007773249, 0.0017856963, -0.01832054, 0.022563191, 0.012898549, 0.010784641, 0.0022344382, 0.004999208, 0.0015158948, 0.019952329, 0.006990732, 0.022859879, 0.024773523, -0.0123645095, -0.0022233124, 0.0034082136, 0.017282128, 0.017311797, -0.0029984121, -0.012824377, 0.0015158948, 0.010213515, 0.009545965, 0.0036696708, 0.013402921, -0.008477885, 0.002026756, 0.014040802, -0.0034656972, -0.010599211, 0.005169804, 0.0022826502, 0.0005312585, 0.030351274, 0.03314015, -0.0017180141, -0.012698284, -0.011400271, 0.0080106, -0.020590208, 0.02366094, 0.0029446373, -0.0021157626, -0.0105250385, -0.00031870877, 0.01316557, 0.0058781486, -0.024387827, 0.015138551, 0.021064911, 0.020249017, -0.007543315, -0.006245301, -0.0064900694, -0.0017745704, 0.0014213253, 0.008670733, -0.012705702, 0.004283446, 0.010539873, -0.016881598, 0.004606095, 0.02192531, -0.009887157, 0.003997883, 0.0013119212, 0.025960278, 0.0076842424, -0.008418547, -0.003265432, 0.004387287, -0.0054219896, 0.00520689, 0.015843187, -0.0121716615, -0.005733513, -0.0013480801, 0.018884249, -0.026464649, 0.0033340415, -0.008611395, -0.005225433, -0.025470741, -0.0006179473, -0.00038221874, 0.0329028, -0.012943053, 0.015183054, -0.034000546, -0.0031838426, -0.004702519, 0.0070166923, 0.009775899, -0.009857489, 0.010005833, -0.028630478, 0.00961272, -0.009286363, -0.0067756325, -0.020071004, -0.013914709, -0.00707603, -0.00045639096, -0.011578284, -0.00089470245, 0.010940403, 0.008084772, 0.00043344393, -0.0060895397, 0.0043724524, -0.0054553673, -0.011185171, -0.02232584, 0.015828352, 0.006278679, -0.009353117, -0.0029539089, 0.024358159, -0.022207163, 0.0018227824, 0.0013184113, 0.010428615, 0.015561333, 0.0006656957, -0.0071131163, 0.004654307, -0.016762922, -0.015798684, -0.011637622, -0.0010931131, 0.0090638455, 0.011200006, -0.002397617, 0.0043650353, 0.027013524, 0.020797892, 0.0063788113, 0.013669941, -0.0005516559, 0.031063328, -0.015145968, -0.006389937, -0.007305964, -0.015457491, 0.015576167, -0.0055332477, -0.01631789, -0.00053635787, -0.01628822, 0.024818026, -0.01682226, -0.004976956, 0.0017198684, 0.0070166923, 0.01329908, -0.01872107, 0.016080538, -0.016228883, -0.009227024, -0.01789034, -0.0006823845, -0.0049176184, 0.012676033, -0.0112593435, 0.015412988, 0.022073654, -0.017534314, -0.016614579, -0.00041026511, -0.0064900694, 0.018884249, -0.010510204, -0.011385436, -0.01671842, 0.0034415913, -0.014174312, -0.008670733, 0.0010634443, 0.027829418, 0.00039195386, 0.0010829144, 0.02523339, 0.010421198, -0.023631271, 0.0074728513, -0.01938862, -0.030558957, -0.022770872, 0.021064911, -0.0023030476, 0.016777758, -0.003282121, 0.005166095, -0.012001066, 0.0072243745, -0.03210174, 0.004068346, -0.013024642, -0.020278687, -0.0022214581, -0.024892198, -0.016525572, 0.015338816, 0.014011133, 1.463163e-05, -0.029179353, 0.021420939, -0.013261993, -0.0025682133, 0.017578816, 0.02189564, -0.023957629, 0.0025774848, -0.02122809, -0.002462518, -0.0041351016, 0.0047841086, 0.0055480823, 0.00032705316, -0.015813518, 0.0106808, -0.018661732, -0.0023438423, 0.0032209288, 0.023468092, -0.011518946, -0.006193381, -0.010406363, 0.0129059665, 0.004691393, 0.011333516, 0.01615471, -0.0025014582, -0.0068646395, -0.0010597357, 0.0147380205, -0.0041425186, 0.0023271535, -0.0046098037, 0.0010968217, -3.5405646e-05, -0.00040678828, -0.008448216, 0.0026535112, 0.021539614, -0.014678683, 0.023646105, -0.0409134, -0.005503579, -0.010243184, -0.006990732, -0.011340933, -0.017875506, -0.013432589, -0.012023318, 0.009041594, -0.00022715243, 0.0011098019, 0.0061637117, -0.014975372, 0.006286096, -0.00782517, -0.014827028, -0.016199214, 0.008648481, -0.02563392, 0.0141965635, -0.024402661, 0.007847421, 0.009553382, 0.00040725188, -0.0012757622, -0.007394971, 0.023675773, 0.004083181, -0.009375369, -0.0021713919, 0.011051661, 0.0059374864, -0.0060598706, 0.012201331, -0.011719211, -0.010406363, -0.030158427, 0.03907393, -0.012245834, 0.003022518, 0.0024792065, -0.014485835, -0.0027388094, -0.030366108, -0.0147380205, -0.0055369567, -0.017949678, 0.015368485, 0.011007158, -0.013862789, 0.0062712617, -0.00929378, 0.02162862, 0.0032913925, -0.015309147, 0.032991804, -0.012238417, -0.0068238447, -0.0074172225, -0.0075470237, 0.0010411926, -0.009649807, 0.019403454, 0.00015970207, -0.012030735, 0.0005590731, -0.008322123, 0.014441332, 0.014997624, 0.026182795, 0.001213643, -0.004861989, 0.003938545, 0.0049547045, -0.015917359, 0.01708928, 0.0014009279, -0.0011858285, 0.02416531, 0.004769274, 0.016199214, -0.006371394, 0.013232324, -0.019314447, -0.002761061, -0.007921593, 0.007639739, -0.004758148, -0.00084602693, 0.010065171, 0.033288494, -0.003986757, -0.002712849, -0.012750206, 0.015516829, -0.00493987, -0.019878156, 0.014063054, 0.013351, -0.006074705, 0.025871271, 0.01508663, 0.0039793397, 0.012067821, 0.013239742, -0.00308371, 0.0054219896, -0.0025774848, -0.015264643, -6.1192084e-05, -0.015813518, -0.00030804652, -0.0041239755, 0.012957888, 0.015412988, -0.0038866245, 0.0018858288, 0.009924243, -0.0043650353, -0.021109415, -0.004654307, -0.0011385436, -0.006886891, -0.011956562, -0.019967163, 0.007602653, -0.00854464, 0.015902525, 0.0009809276, -0.005941195, -0.02202915, -0.013847955, 0.019121598, -0.0015094047, -0.011808218, 0.016125042, 0.0028852995, -0.01308398, 0.006067288, -0.010829145, -0.0020434447, -0.011110999, 0.010057754, 0.01762332, 0.017682659, 5.875831e-05, 0.015249809, 0.01748981, 0.018365042, 0.0013554974, 0.02613829, -0.014359742, 0.01625855, -0.017460141, 0.009086098, -0.028719485, -0.028289286, -0.0015010603, 0.014775107, -0.0014037093, 0.0012757622, -0.0024235775, -0.010502787, -0.0020768223, -0.01463418, 0.005915235, 0.016139876, -0.0453934, 0.002686889, 0.03263578, -0.012260669, -0.029357366, 0.002494041, -0.026509153, 0.019611135, -0.0011255635, 0.0054627843, 0.02042703, 0.0019562924, 0.0075618583, 0.0069499374, 0.00520689, -0.013692193, 0.01476769, -0.0058039767, 0.030944651, -0.009924243, -0.03420823, 0.00916027, -0.018201863, -0.01129643, -0.016896432, -0.0033210614, -0.004776691, 0.008351793, 0.022370342, 0.018454049, -0.0013378814, -0.011489278, -0.0037883464, -0.0040127174, 0.016243717, 0.03575101, -0.023779616, -0.039963994, -0.010080005, -0.020367693, 0.022221997, -0.010636297, 0.02523339, -0.015724512, -0.019462792, -0.019611135, 0.030766638, 0.02173246, 0.02630147, -0.014545173, -0.007914176, -0.009642389, 0.01450067, -0.021613786, 0.0006986096, -0.005881857, 0.0075284806, -0.025752597, 0.00043274858, -0.0015539081, -0.0018607957, -0.004016426, -0.027992597, 0.015947027, 0.03130068, -0.013469676, 0.015101464, -0.002208478, -0.006875765, -0.034119222, -0.022236833, -0.0112593435, -0.023215907, -0.0011329807, -0.004094307, 0.0031152335, -0.015338816, 0.00083165604, -0.0050696717, 0.008848746, 0.024224648, 0.011044244, -0.0010940403, 0.006493778, -0.011600535, -0.018617228, -0.03159737, -0.00057622546, 0.006894308, 0.018409546, 0.0013100669, 0.027577233, -0.019418288, 0.006082122, -0.026954185, 0.0029928493, -0.022667032, 0.0023864913, 0.0026294054, -0.016837094, -0.00758411, -0.0012905967, -0.015279478, -0.014463584, -0.009627555, -0.004576426, 0.014070471, -0.027325047, -0.016940936, 0.00013826166, -0.0021528488, -0.009071263, 0.011289013, -0.013810868, -0.031389683, -0.007391262, 0.012750206, -0.007020401, 0.010925569, 0.004950996, -0.0037401344, -0.0031986772, -0.013603186, 0.015769014, 0.017578816, 0.008900667, 0.0072355005, 0.0042018564, -0.0010996033, 0.014419081, 0.0020045044, -0.020946236, 0.0086929845, 0.011711794, 0.0058039767, 0.005188347, 0.0051549696, 0.012609278, -0.01228292, -0.0023772197, 0.009597885, 0.009041594, -0.0040868893, 0.023245575, -0.001298014, -0.01628822, -0.020530872, 0.03311048, 0.0057483474, 0.0048582805, 0.02406147, 0.024283987, -0.009916826, 0.0025348358, 0.012290337, 0.0006809937, -0.0056704665, 0.010495369, -0.004264903, -0.0029743062, -0.004060929, 0.004865698, 0.01041378, -0.010740138, -0.0074913944, 0.002881591, 0.003714174, 0.014137226, 0.0060079503, -0.011400271, 0.008789408, -0.019344116, -0.0061006653, -0.010903317, -0.014626763, 0.0032246374, -0.008937753, 0.0057409303, 0.016703585, 0.0071131163, -0.019863322, 0.018083189, -0.011192588, 0.008381461, 0.009864906, 0.013936961, -0.027888756, 0.007116825, 0.0073393416, -0.0025218555, 0.0015427823, -0.011229674, 0.0048397374, 0.004465168, 0.016570074, -0.013150735, 0.01895842, -0.0085223885, -0.007958679, -0.011919476, 0.017282128, -0.023571933, -0.0017467559, 0.006842388, 0.021109415, -0.0015186763, 0.012268086, -0.011303847, 0.0038272867, 0.009382786, 0.003319207, -0.019729812, 0.015694842, 0.019269943, -0.008292454, 0.013514179, 0.004387287, 0.0017245042, 0.0029928493, 0.0017504644, -0.0013499345, -0.009182521, 0.008351793, 0.0027870212, -0.00061609305, -0.001917352, -0.013580934, -0.015457491, -0.0014778816, 0.008210865, 0.007439474, -0.00082794746, 0.01281696, 0.01695577, -0.020204514, -0.00081450376, 0.0009957621, -0.0147454385, -0.00048860954, -0.014812193, -0.018365042, -0.030158427, -0.014619345, 0.025025709, -0.013454841, 0.0001708279, 0.0034842403, 0.0029001338, 0.0006976825, -0.0064121885, -0.009093515, -0.00841113, 0.02026385, 0.032279752, -0.015843187, 0.008069938, 0.02469935, 0.01708928, -0.008974839, -0.006493778, 0.0036437104, -1.6877078e-06, 0.007535898, 0.0014296696, -0.006964772, 0.015249809, 0.0016716565, -0.026716836, -0.037234455, 0.003901459, 0.0035491409, 0.009783316, -0.011526364, -0.004301989, -0.0023957628, 0.0051772213, -0.00015622524, 0.01503471, -0.010932986, 0.0012284775, 0.00079920574, -0.0030781473, -0.02165829, 0.01311365, 0.0011570867, 0.004290863, 0.0032376177, 0.015516829, -0.013024642, -0.009138018, 0.006256427, 0.012394179, -0.008285037, -0.008930336, 0.035632335, -0.008203448, 0.011756297, 0.004836029, -0.026672332, -0.0049732476, -0.009723978, -0.0032802667, -0.0072355005, 0.008203448, 0.017460141, -0.011422522, -0.010480535, 0.015101464, 0.0016790737, 0.015019875, -0.0276069, -0.02026385, 0.0011988085, 0.0009141727, -0.007350467, 0.008062521, 0.01388504, 0.001249802, -0.0055332477, 0.0044095386, 0.010057754, -0.03171604, -0.034267567, -0.017044777, -0.016584909, -0.00265722, -0.02483286, -0.0029780148, 0.0017699347, 0.009115766, -0.009931661, -0.013440007, 0.01428557, -0.02507021, -0.0014194709, 0.019121598, -0.0049954993, 0.0014537756, -0.016688751, 0.018557891, -0.00022715243, -0.0069388114, -0.0032376177, -0.0070797387, -0.004925036, -0.007906759, -0.008633647, 0.010220933, -0.007276295, -0.027414054, 0.010324773, -0.014070471, -0.01751948, -0.019314447, -0.005166095, -0.017237624, -0.00030897366, 0.0025867564, 0.009449542, -0.0036177502, 0.013625437, 0.007899342, -0.017979346, -0.01762332, 0.010858813, -0.0019692725, 0.026880015, 0.014649014, -0.022162661, -0.008574309, -0.0016790737, 0.016495902, -0.008566892, 0.0012813251, 0.013988881, -0.008129275, 0.012038152, -0.012008483, 0.010302522, 0.0022251667, -0.0007922521, -0.0017931135, -0.002827816, 0.004457751, 0.0014370868, 0.02643498, -0.020471534, -0.010369277, -0.003143048, 0.0012590735, 0.009145435, 0.0021083455, 0.0057149697, -0.005121592, -0.026019616, -0.0110813305, -0.0043835784, -0.004016426, -0.00090582826, 0.0033396045, -0.0043835784, -0.015383319, -0.0013091398, -0.00042162274, -0.011274178, 0.011682125, 0.014441332, 0.022474185, -0.00048860954, 0.0025459616, -0.0013147027, 0.015783848, 0.028734319, -0.01263153, -0.009100932, -0.034000546, -0.01898809, 0.012824377, 0.0019674182, 0.0017207956, 0.021851137, -0.031923726, -0.010243184, 0.0066458313, -0.016837094, -0.024313655, 0.013966629, 0.026360808, -0.00067635794, 0.014159477, 0.023379086, -0.012868881, -0.0012117887, -0.004724771, -0.005933778, -0.0066050366, 0.0076471562, -0.008804243, -0.0015641068, 0.015368485, 0.0035027834, -0.0061117914, -0.0058633145, 0.036463063, 0.017029943, -0.03818386, -0.0072058314, 0.014641597, -0.020412195, 0.0068201357, -0.005295897, 0.0076249046, 0.024150476, 0.0018283454, -3.6796377e-05, 0.01161537, 0.025782265, 0.0013026497, 0.008730071, 0.021064911, 0.006694043, 0.006712586, -0.0006341725, -0.0029223857, 0.001753246, -0.0041351016, 0.01174888, 0.022503853, -0.0073727192, -0.00042579492, 0.007550732, 0.006211924, -0.026776172, -0.013351, 0.025055377, -0.013796033, 0.014337491, 0.013306497, -0.022963721, 0.017964512, 0.0094421245, -0.0024124517, 0.004598678, 0.010198681, 0.015843187, 0.0021695376, -0.0017198684, 0.027725577, 0.010384112, -0.016169544, 0.009167687, -0.019937493, 0.024283987, -0.027859088, -0.00835921, -0.016837094, -0.0061451686, 0.0017022525, -0.008789408, 0.009887157, 0.025886105, -0.025085047, -0.0025756306, 0.004665433, 0.0062823873, -0.017341467, 0.010458283, -0.007298547, -0.011585701, 0.0016364247, 0.005763182, 0.0019080804, -0.009138018, -0.005054837, 0.009672058, 0.019670473, 0.010821727, -0.010287687, -0.008381461, 0.0069313943, -0.010688217, -0.008047686, -0.02299339, -0.0028852995, 0.005659341, 0.041477107, 0.020812726, -0.015279478, -0.028556306, 0.009086098, -0.017252458, 0.03417856, -0.028778823, 0.0068275533, 0.0021064912, -0.019714978, -0.009100932, -0.0004635764, 0.006764507, 0.0021064912, -0.0073986794, -0.00014324511, 0.013543848, 0.00039149026, -0.015665174, -0.037531145, -0.011956562, 0.005778016, 0.008789408, 0.007995766, 0.0018403983, 0.009783316, -0.021910476, -0.019596301, 0.008856163, 0.017949678, -0.00547391, 0.0027109948, -0.02005617, 0.024907032, -0.0016531134, 0.01268345, 0.018661732, 0.018513387, 0.0008738415, -0.001771789, -0.007239209, 0.009353117, -0.0056815925, -0.018913917, 0.02563392, -0.026553657, 0.0020916567, -0.013247159, -0.005496162, 0.000982782, -0.008351793, -0.004969539, 0.011170337, -0.00023827827, -0.0076249046, -0.009820403, -0.006401063, 0.0077806665, 0.016540406, -0.016614579, -0.01428557, 0.01276504, -0.01281696, -0.017193122, 0.025515245, 0.011511529, -0.0023827828, -0.013729279, -0.0097981505, -0.01174888, -0.007706494, 0.0061822548, 0.012757623, 0.0016290075, 0.004127684, 0.0006142387, -0.0018403983, -0.0003340068, -0.002245564, -0.018706234, 0.01481961, -0.01671842, 0.014522921, -0.023275243, -0.026004782, -0.019700143, 0.004053512, 0.014567425, 0.00467285, -0.007228083, 0.00043622538, 0.021242924, 0.008188614, 0.005892983, 0.0039607966, 0.026805842, -0.015427822, -0.020516038, -0.006278679, -0.008477885, -0.034297235, -0.013936961, -0.012342258, 0.017697493, -0.0118156355, 0.008507554, -0.0105324555, 0.013981464, 0.007639739, -0.013847955, -0.0023401338, -0.02176213, -0.00320424, 0.010636297, 0.009494045, 0.0046023866, 0.008537223, 0.00095682166, 0.012861463, -0.01842438, -0.037234455, -0.023379086, 0.014856696, -0.0068127187, 0.012742788, -0.007361593, 0.010621462, -0.020486368, 0.014589677, -0.013855372, -0.018483719, 0.000326126, 0.013959212, -0.012579609, -0.016362393, 0.0027351007, 0.00961272, 0.017771665, -0.0062230495, -0.002371657, -0.018394712, -0.018899083, -0.03006942, -0.007602653, 0.011704377, 0.0009062919, 0.010124508, 0.0048434464, -0.0006666229, -0.009264111, 0.001280398, 0.0073022554, -0.0024606634, -0.0025570875, -0.0052402676, 0.008626229, 0.025871271, 0.034890614, 0.025174053, 0.0204567, -0.007287421, 0.00010610105, -0.010665966, 0.017638154, -0.0169261, -0.014901199, -0.004891658, -0.0027666239, 0.004413247, 0.0033600018, 0.003447154, 0.01631789, -0.00867815, 0.0069128512, 0.022147827, 0.013810868, 0.004491128, -0.004984373, 0.01775683, 0.011155503, 0.019180937, 0.018543055, -0.01450067, -0.019433122, 0.006074705, -0.02659816, -0.008841329, -0.002232584, -0.007591527, -0.020011665, 0.00560742, 0.005915235, -0.011103582, -0.006152586, 0.006134043, -0.018943585, 0.0053181485, -0.021094581, 0.01361802, 0.013595768, 0.013447424, -0.011771132, -0.0012572192, 0.021702792, 0.021346767, -0.014485835, -0.021836303, -0.0019766898, 0.012386762, -0.023616437, -0.023809284, 0.010703051, 0.02085723, 0.0070982818, 0.011110999, -0.010703051, -0.010183847, -0.0040498036, -0.00558146, -0.01481961, 0.025085047, -0.0019525838, 0.003434174, 0.00894517, -0.01263153, 0.0136476895, -0.0024792065, 0.0025107297, -0.02272637, -0.013477093, -0.024773523, 8.15315e-05, -0.010970072, -0.013788616, 0.0031652995, 0.004457751, -0.0058966917, 0.011793383, 0.010213515, -0.005885566, 0.0035305978, -0.0011264906, -0.0041239755, 0.0035751013, 0.0073133814, 0.01818703, 0.003476823, -0.014656431, -5.777321e-05, -0.015049544, 0.018068353, 0.025693258, -0.007480269, 0.03263578, 0.010999741, -0.0008177488, 0.0014936432, 0.023883456, -0.0070092753, 0.016228883, -0.019017758, 0.019062262, 0.01076239, 0.010117091, -0.0226967, 0.0083443755, 0.0007468216, 0.0064826524, 0.0070797387, -0.028378293, 0.025886105, 0.011741463, 0.010836562, -0.008856163, -0.0038495385, 0.00025009946, -0.0002735101, 0.003452717, 0.0094272895, 0.01642173, 0.022281336, 0.008121858, -0.0062341755, 0.0031578825, -0.00889325, -0.007891924, -0.0053255656, -0.016673915, 0.012601861, 0.022563191, 0.0136402715, -0.014960538, -0.00016781465, -0.010421198, 0.02523339, -0.00443179, 0.0063788113, 0.0021862262, 0.012698284, -0.015976697, -0.005922652, 0.015123717, 0.004053512, -0.011541198, 0.01708928, 0.0077509973, -0.0062527186, -0.0021751004, 0.023260409, 0.017267294, -0.039726645, 0.0033785447, -0.008922919, 0.0016373518, -0.02229617, -0.005425698, 0.024684517, -0.006905434, -0.005659341, -0.0007560931, -0.0025144385, 0.0036863596, 0.0073133814, 0.0074839774, -0.019507295, 0.0014092722, 0.009597885, -0.003196823, -0.026850345, -0.0048211943, -0.002542253, 0.0023883455, -0.017371135, 0.008025435, -0.010391529, 0.0077584144, -0.017237624, 0.040468365, 0.0110813305, -0.0025774848, -0.00491391, 0.0067385463, 0.010005833, -0.01628822, -0.011281596, -0.007506229, -0.0062045064, 0.0070352354, 0.020130342, -0.011370602, 0.008715237, 0.013966629, 0.017059611, -0.01588769, 0.006230467, -0.017133784, -0.01965564, 0.00291126, 0.012208748, 0.0116302045, -0.029045843, -0.024432331, -0.005255102, -0.027161868, 0.008989673, 0.00074589445, -0.005781725, 0.016273385, -0.016199214, -0.01585802, 0.031419355, 0.012527688, -0.011326099, 0.0030948361, 0.010554708, -0.008789408, -0.0065197386, 0.016584909, 0.010035502, 0.0132694105, 0.00024198688, 0.018646898, 0.009456959, -0.026509153, 0.01308398, -0.0024829153, -0.00013814577, 0.031063328, 0.0043131146, -0.011355767, 0.01303206, -0.01241643, -0.016006365, 0.025975112, 0.012831795, -0.0011478151, 0.0033488758, 0.036819093, -0.0147528555, -0.011971397, 0.01121484, -0.017000273, 0.007921593, -0.022785706, -0.005418281, -0.011912059, 0.007572984, -0.004873115, 0.009590468, -0.024328489, 0.012060404, 0.0018403983, 0.011059078, 0.011192588, -0.044770353, 0.006438149, -0.009471793, -0.009872323, 0.024076303, -0.03233909, -0.0004937089, -0.029817235, -0.011110999, 0.0114373565, 0.017816167, 0.015828352, 0.0055480823, 0.022741204, 0.03210174, 0.0012776166, 0.0049621216, -0.008129275, -0.028111273, -0.0075692753, -0.019729812, 0.004491128, 0.022489019, -0.0086929845, 0.0186914, 0.001559471, -0.020842396, 0.018928751, -0.003015101, 0.0039237104, 0.014841862, -0.018557891, -0.013247159, 0.03260611, -0.0070352354, 0.0073022554, 0.018706234, -0.016688751, 0.011578284, 0.0015585439, 0.010710469, 0.0085149715, -0.01802385, 0.002408743, 0.01458226, 0.013024642, 0.00616742, 0.0073207985, -0.014656431, -0.012839212, -0.001237749, -0.003538015, 0.0012052986, -0.028660147, 0.017771665, 0.011274178, 0.015457491, -0.009486628, -0.015828352, -0.0025626502, 0.041803464, -0.018394712, -0.0057928506, -0.03628505, 0.03901459, -0.0055147046, -0.035068627, -0.004301989, -0.030558957, -0.025841603, -0.009864906, 0.003949671, -0.0019062262, 0.012557358, -0.025025709, -0.019121598, 0.018009016, 0.005381195, 0.013744113, 0.015813518, -0.0027035775, 0.036997106, 0.029060677, -0.00087291433, -0.0050696717, 0.027844252, 0.02085723, 0.0017792062, -0.0038792072, -0.00969431, 0.0041499357, -0.047351547, 0.021509945, 0.00680901, -0.019314447, -0.011934311, -0.0031597367, 0.0034545714, 0.0029743062, 0.0051290095, 0.007869673, 0.012676033, -0.0060227844, 0.008626229, 0.017074445, 0.013402921, 0.021569282, 0.01695577, -0.0075025205, -0.006108083, -0.0066755, -0.0048249033, -0.0030744388, 0.00886358, 0.01708928, -0.017608486, 0.015012458, 0.008997091, 0.036225714, 0.0094272895, 0.024417495, 0.0011626496, -0.009501462, 0.011125834, -0.0016039744, -0.0014667558, -0.00036019887]"
ええじゃないか,fromCluster,0.3386,70.0,3.3254,"[0.03005435, -0.02510546, -0.010499467, 0.048135094, -0.013470305, -0.0050805085, -0.023450816, 0.0070134336, -0.0191337, -0.005945436, 0.0044299327, -0.0051181144, 0.01350039, 0.027602468, 0.0038320047, 0.032190345, -0.018817814, -0.018637307, -0.010063243, 0.031648826, -0.0355598, -0.020908682, 0.040523734, -0.0040613986, 0.0077693053, 0.050902862, 0.005449043, -0.00400499, -0.04675121, -0.020231782, 0.020367162, 0.02897131, 0.020141529, 0.0061522666, -0.023902083, 0.03528904, 0.040944915, -0.0013002116, 0.002726402, -0.02842979, -0.006118422, 0.0050504245, -0.027121117, 0.02435335, 0.001370722, -0.005667155, 0.016636692, 0.03528904, -0.005197086, 0.020983893, 0.02408259, 0.011800619, 0.04281015, -0.016772073, -0.03724453, 0.07870088, 0.0048473543, -0.07767801, 0.018471843, -0.031979755, -0.024849743, 0.0026154655, -0.013598165, 0.020246824, 0.009235921, 0.025887655, 0.009303611, 0.0021378752, 0.03330347, 0.035650056, -0.016937537, -0.027918354, -0.0022807762, 0.02409763, -0.01356808, -0.05502443, -0.020382203, -0.005046664, 0.008047586, -0.036522504, -0.00074035913, -0.012658025, 0.0054603247, -0.0011319268, 0.016877368, -0.012627942, 0.013688417, -0.03372465, 0.01336501, -0.005776211, 0.017584352, 0.030159645, 0.002075826, -0.031197557, 0.038989425, 0.010394172, -0.00021764208, -0.011778056, 0.054362573, 0.029542914, 0.07166112, -0.0500605, -0.00077702454, 0.022217354, -0.037485205, 0.00726163, -0.007152574, -0.004828552, 0.008325867, 0.056889664, -0.009995553, 0.028474916, 0.010815354, -0.06389934, -0.021269694, 0.012763321, -0.02394721, -0.039861877, 0.025406305, 0.0046217213, -0.019780515, -0.0071901795, 0.04756349, 0.021615665, -0.0043584825, 0.011514817, 0.0044412147, 0.03005435, 0.006915659, -0.015929708, -0.035710223, 0.003059211, 0.017990492, 0.0049639316, -0.020713132, 0.00016323155, -0.013786192, 0.0008611669, -0.044224117, -0.021826256, -0.036853433, -0.027933396, 0.015839454, -0.025737233, -0.023556111, -0.021555496, 0.06065022, 0.036853433, -0.035980985, -0.009047894, 0.017163169, -0.028264325, -0.0013387573, 0.021856342, -0.0021924032, -0.017749816, 0.021194484, 0.008844824, -0.020743217, 0.0029802392, -0.007701615, -0.01859218, 0.013891487, 0.019569924, -0.054904092, -0.034296256, 0.040613987, -0.034326337, 0.0044938624, 0.02191651, -0.026955653, 0.027271539, -0.017870154, -0.051504552, 0.007979896, 0.030956883, 0.031257726, 0.0074722213, 0.020186655, -0.0030234857, -0.0017486577, 0.012522645, 0.039380524, -0.025752276, -0.01146969, -0.01723838, 0.04608935, -0.017268466, 0.005324945, -0.06588491, -0.04091483, -0.027527258, 0.027166244, -0.049759652, -9.2603645e-05, -0.00997299, 0.007987417, -0.046149522, -0.012116506, 0.038026724, -0.013146898, -0.00135662, -0.027331708, -0.044013526, 0.027527258, -0.009800005, -0.0052948603, 0.0041441307, -0.026865399, -0.024939995, 0.038628414, -0.025797402, 0.015598779, 0.0007196761, 0.01228197, -0.002015657, -0.030219814, -0.010371609, 0.0032397176, -0.018381588, 0.010687496, -0.009777441, -0.0054415218, -0.009266006, 0.002402994, 0.009123105, 0.030896714, -0.019765474, -0.007389489, -0.0081303185, 0.029828716, 0.014305148, 0.02178113, -0.0020231782, -0.009423949, -0.05631806, -0.0047796643, 0.04626986, 0.0005584423, -0.012229322, -0.022773916, 0.040132634, -0.05448291, -0.03616149, -0.015839454, 0.0017072916, -0.04518682, -0.061973933, -0.021344906, -0.0094765965, -0.017960407, -0.046721127, 0.010792791, 0.0018887384, 0.013372531, -0.009461555, 0.03468735, 0.03920002, -0.0030761333, -0.009852652, 0.01086048, 0.036131404, 0.011868309, 0.015312977, 0.00970223, -0.014478134, -0.010920649, -0.026278753, -0.022653578, -0.029663252, 0.0042343843, -0.033604313, -0.006317731, -0.019013362, -0.016576523, -0.025616895, -0.03074629, 0.00025360237, 0.016606608, 0.003074253, 0.029618125, 0.04037331, -0.011417042, 0.0015361864, 0.051203705, 0.014846668, -0.00037911086, 0.05442274, 0.01017606, -0.022804001, -0.0059266333, -0.0006007485, -0.011868309, 0.020201698, -0.019043447, -0.004463778, -0.004076441, 0.011702845, 0.032100093, 0.0026041837, -0.018351505, -0.035800476, -0.032009836, -0.044615217, -0.0008353131, -0.02129978, -0.02029195, -0.002952035, 0.0114772115, 0.009454033, 0.004978974, -0.009596935, 0.025977908, -0.01662165, -0.022127101, -0.006404224, -0.0009302671, -0.027858187, -0.006400463, 0.0025797402, -0.014229937, -0.025090419, 0.017403845, -0.0039109765, 0.034115747, 0.02218727, -0.0043810457, -0.020953808, -0.022157185, -0.010552115, -0.002754606, -0.055656202, 0.0072165034, -0.012056337, -0.010755185, 0.0038771315, 0.0020306993, -0.020006148, -0.03155857, 0.0063703787, -0.0029915208, -0.0054377615, 0.03047553, 0.018095788, -0.032641612, 0.0059191124, 0.047322813, -0.008784655, -0.009521724, -0.008942598, 0.00045620222, 0.0073406016, 0.0077467416, -0.009145668, -0.0074872635, -0.017072916, -0.0035631252, -0.04091483, 0.008122797, 0.009401386, -0.03920002, 0.0010839797, 0.039470777, 0.020442372, 0.014282585, -0.0473529, -0.010905608, 0.02578236, -0.031859417, 0.05409181, -0.027632553, -0.043652512, 0.017373761, 0.019825641, -0.014154726, -0.017629478, -0.03486786, -0.011717887, -0.016696861, -0.02110423, -0.029287197, -0.010303918, -0.003365696, 0.002897507, -0.012500082, 0.002801613, 0.022713747, -0.021841299, 0.020803386, 0.037214443, 0.019254038, -0.024383433, 0.012018731, -0.0012673067, 0.022533242, -0.0070999265, 0.0049639316, 0.0054415218, -0.0033055271, -0.021675834, -0.007212743, 0.02666985, 0.016997704, -0.014305148, -0.0036684207, -0.026609682, -0.009687188, -0.0010811593, -0.0072428277, -0.00047853054, -0.0136959385, -0.016606608, -0.011680282, 0.0007619823, -0.024488728, -0.006486956, 0.065704405, 0.031257726, 0.025000164, -0.032551356, -0.00685549, 0.0016461826, -0.019208912, -0.0008155702, -0.029903928, 0.009123105, -0.0057912534, 0.036612757, -0.0066035334, -0.018231167, -0.03583056, 0.01586954, -0.02197668, 0.035048366, 0.02239786, -0.0074609397, -0.003371337, 0.02232265, -0.007160095, -0.0006623276, 0.011830703, -0.0008912514, 0.014696246, 0.02035212, -0.039801706, 0.0039109765, -0.013665854, 0.0047947066, 0.036251742, 0.033814903, -0.009062936, 0.015508526, -1.337494e-05, -0.008461247, 0.03929027, 0.041155506, -0.034627184, -0.0031193797, -0.023495942, -0.0016245594, 0.014538303, 0.05679941, -0.021961637, -0.006528322, -0.003589449, -0.022473073, -0.005625789, 0.021660792, 0.018276293, -0.0031833092, -0.008709444, -0.02015657, 0.0011272262, -0.0012231203, -0.007069842, 0.00447882, -0.042990655, 0.04362243, -0.016305763, -0.032130174, -0.023240225, -0.007889642, 0.014214895, 0.036522504, -0.028670466, 0.04344192, 0.017178211, 0.020427331, -0.0029896407, 0.027271539, 0.042148292, 0.014929401, -0.007611362, -0.03907968, -0.006731392, -0.039591115, -0.019118657, -0.005084269, -0.019329248, 0.03519879, 0.020803386, 0.010792791, 0.00474958, -0.002143516, 0.030340152, -0.03128781, -0.00033939, -0.009732314, 0.026910527, 0.02008136, 0.016245594, -0.039470777, -0.003805681, 0.048977457, 0.011146283, 0.006400463, -0.0016508834, 0.020427331, 0.02978359, 0.024248054, -0.0025590572, -0.006806603, -0.012530167, -0.015854497, 0.026414134, 0.012658025, 0.026564555, 0.027632553, 0.02361628, 0.022894254, 0.00062096154, 0.008401078, -0.008491332, 0.043050826, -0.018682433, -0.01119893, -0.020051274, 0.030355195, 0.002694437, -0.007919727, -0.0050316215, -0.011056029, -0.012056337, 0.038568243, -0.03847799, -0.003568766, -0.059747685, -0.015064781, 0.0052046073, 0.02537622, 0.012139069, -0.022277523, -0.023104845, 0.003339372, 0.0041027647, 0.009506681, -0.012906222, -0.01316194, 0.008897471, 0.019058488, 0.014470613, -0.033423807, 0.026654808, 0.0020212978, 0.00793477, -0.013334925, 0.011928478, -0.004960171, -0.01601996, 0.010168538, 0.0095367655, -0.04226863, -0.018351505, 0.012913743, 0.018953193, 0.019118657, 0.0019912135, -0.043802936, -0.0012240604, -0.016862325, 0.010537073, -0.019554881, 0.019554881, 0.018471843, -0.012259407, 0.009935385, 0.035319127, -0.021796172, -0.018276293, 0.030866629, -0.012673068, 0.0144480495, 0.002293938, 0.02218727, 0.045758422, -0.0016302003, -0.022834085, 0.034657266, -0.0038996947, -0.021751046, 0.024985122, -0.003941061, 0.015493483, 0.022112058, 0.0074007707, 0.028219199, 0.0081303185, -0.012800926, -0.00016722715, 0.008626712, 0.019299164, 0.0009956068, 0.006968307, 0.0027358031, -0.01586954, -0.021329863, 0.006509519, -0.0076828124, -0.019765474, 0.012026252, 0.02123961, -0.011875831, 0.015598779, -0.009250963, 0.0136357695, 0.015222724, 0.0023503464, -0.01513247, 0.016396016, -0.015094865, 0.033213217, -0.01404943, -0.019991105, -0.0032265554, -0.026594639, -0.013763629, 0.03405558, 0.021675834, -0.009717273, -0.0013895248, -0.027602468, -0.007761784, 0.012221801, -0.039109763, 0.0025496557, -0.010191102, 0.0014073874, 0.012733237, 0.014087036, 0.019825641, -0.0045841155, -0.006983349, 0.0045615523, 0.023856957, -0.01586954, -0.0023240226, -0.032641612, 0.028956268, -0.0061033797, 0.030159645, -0.04112542, -0.014342754, -0.006313971, -0.015583737, -0.012966391, -0.02645926, -0.0015484082, -0.0046668476, -0.06558406, -0.034085665, 0.03637208, -0.032551356, -0.011371916, 0.021344906, -0.0032321964, -0.033002622, 0.0070547997, -0.031859417, 0.0038169625, 0.013146898, 0.008604148, 0.016245594, 0.004986495, -0.0031363023, 0.01499709, -0.0067125894, 0.03330347, 0.00474958, 0.036853433, 0.009371301, -0.0155386105, -0.0072954753, 0.0060883374, -0.0033017667, -0.026684893, 0.0025045292, 0.012056337, 0.027707763, -0.003758674, -0.038357653, -0.03297254, -0.036281828, -0.011732929, -0.0015108027, 0.0053963955, 0.016471228, 0.031137388, 0.022533242, -0.010837917, -0.017133085, 0.027692722, -0.026353965, 2.2871809e-05, 0.02029195, 0.010168538, 0.021074146, -0.024955038, -0.0062387595, 0.0035819279, 0.0009927864, 0.009153189, 0.024894869, -0.017885195, -0.013560559, 0.034777604, -0.037364867, 0.014575908, 0.0146059925, -0.001207138, 0.013688417, -0.001336877, -0.0054866485, -0.0009993673, 0.00013255954, -0.010063243, -0.029934011, 0.0081303185, -0.02794844, -0.011642676, 0.004057638, 0.032882284, -0.027091032, -0.03182933, 0.011108677, 0.009311132, -0.029482745, -0.011860788, -0.0040802015, -0.006189872, 0.022473073, 0.010770228, -0.035710223, -0.008882429, -0.00902533, -0.028444832, 0.016004918, 0.0082882615, 0.011883351, -0.009897779, 0.016004918, -0.0029839997, 0.00059510773, -0.009988032, 0.021194484, -0.014643598, 0.015643906, 0.013282278, -0.008912514, -0.00073800876, 0.0017072916, 0.00043927974, 0.00502034, 0.009446512, 0.0022206074, -0.043472007, 0.017464014, -0.05442274, -0.0032115134, -0.0040388354, -0.0013067926, 5.4704313e-05, -0.049218133, 0.012304533, -0.0020175374, 0.00015500534, 0.0023578675, -0.0006886515, 0.0047044535, 0.025812443, -0.019103615, -0.016050046, -0.0009438991, 0.030926798, -0.00043551918, 0.018832855, -0.019434545, -0.00058053556, -0.025962867, -0.004287032, -0.0040425956, -0.015598779, -0.0030573306, 0.007754263, 0.004335919, 0.012244364, -0.012334618, 0.00488496, -0.011800619, -0.00019519626, 0.03309288, 0.019208912, -0.011371916, 0.02361628, 0.018020576, 0.013801234, -0.0054640854, 0.003944821, -0.020171613, 0.0050052977, -0.0022149663, 0.031799246, 0.010958255, 0.03194967, -0.005106833, -0.012530167, -0.008017502, 0.011996168, 0.033483975, 0.006201154, -0.033544146, -0.02170592, -0.023255268, -0.00077843474, 0.0034484281, -0.0049000024, -0.010093328, -0.046901632, -0.008716965, -0.0067689978, 0.02639909, 0.015794327, -0.0034296254, 0.0021529172, -0.023841914, -0.0010191102, 0.017118042, -0.01791528, -0.034356423, -0.022743832, -0.021630708, 0.008814739, -0.009581892, -0.0022168467, 0.01629072, -0.0033243299, -0.022006763, 0.032942455, -0.01465864, 0.0023390648, 0.008686881, 0.012515125, -0.026985737, 0.004866157, -0.029076606, 0.0038508074, -0.027933396, 0.0026587117, -0.053640544, -0.009544287, -0.0093788225, -0.00024984183, 0.009860173, 0.003989948, 0.043802936, 0.008732007, -0.04079449, 0.021660792, 0.02205189, -0.011875831, -0.027256496, 0.0076564886, 0.035168704, 0.027602468, -0.01805066, 0.03983179, 0.0022469312, 0.0048473543, 0.0046367636, -0.0054189586, -0.012522645, 0.0076452065, 0.013944135, -0.015899623, -0.0074195736, 0.02761751, 0.012793406, -0.019088574, -0.008303304, 0.00078125513, 0.001234402, -0.013207067, -0.025977908, 0.050842695, -0.013003997, 0.00079300685, 0.0030573306, 0.0012814088, -0.022307608, 0.039711453, -0.006900617, 0.023059718, -0.014440528, -0.0022563324, 0.023180056, 0.030701164, -0.020231782, 0.0044750595, 0.02321014, 0.010770228, 0.029166859, -0.00025665783, -0.003967385, -0.017749816, -0.025180671, 0.0011112437, 0.022081975, -0.019750431, -0.02015657, -0.015914666, 0.004008751, -0.027903313, 0.020953808, 0.0044938624, -0.011394479, 0.008303304, -0.011815662, 0.011755493, 0.00087902957, 0.011424564, 0.008927556, 0.017794942, 0.023721576, 0.03616149, 0.0047984673, -0.024473688, 0.044133864, 9.871455e-05, 0.011108677, 0.006596012, -0.016666776, -0.019208912, -0.015493483, -0.004414891, 0.0066937865, 0.022743832, 0.019795557, -0.031528488, 0.008393557, 0.013966698, 0.013425179, -0.0023785506, 0.005998084, -0.058724813, 0.00848381, -0.0042983135, 0.0066749835, -0.02713616, -0.0011244058, 0.0030554503, -0.01770469, -0.007919727, -0.009281048, -0.020216739, 0.027060948, -0.029873842, 0.005388874, 0.01146217, -0.013349967, -0.011131241, -0.00583638, 0.02172096, -0.039922044, -0.034717437, 0.018291336, 0.023029635, -0.039049596, 0.027331708, -0.018411674, 0.03751529, 0.02442856, -0.0044336934, 0.00251017, 0.009115583, -0.0069457437, -0.008521416, 0.011191409, 0.0064907167, 0.028911142, 0.021059103, -0.0020664246, -0.040343225, 0.020006148, -0.010582199, 0.00072437676, -0.0061748303, -0.027376834, -0.008799697, -0.023962252, 0.0015230245, 0.01201121, 0.021194484, 0.0057498873, -0.004937608, -0.011071072, 0.028805844, -0.014839147, -0.025195714, 0.04377285, 0.03501828, 0.10138454, -0.01201121, -0.0053963955, 0.016170382, -0.0035104775, 0.016501311, 0.005795014, -0.008528937, 0.03447676, -0.018155957, -0.025270924, -0.0004775904, 0.007844516, 0.0031419431, 0.03074629, -0.008912514, -0.008829782, -0.025436388, 0.012236844, 0.0124474345, 0.021284737, 0.000312126, -0.0026568316, -0.005035382, 0.0059679993, -0.0056069866, -0.008198008, 0.004802228, 0.013440221, 0.021675834, -0.014553345, 0.0055731414, -0.027091032, 0.02497008, 0.021901468, -0.020683048, -0.017764859, -0.005881507, 0.023706533, 0.007897164, 0.016907452, -0.001099022, -0.023706533, 0.029693335, 0.039260186, -0.0040388354, 0.00080710894, 0.025496557, -0.002130354, 0.0016565241, 0.014951964, -0.011289184, -0.004591637, 0.006438069, -0.00046936417, 0.0113794375, 0.01356808, -0.00658097, 0.012943828, 0.038177148, 0.013139376, -0.038929258, 0.0077392207, -0.023165014, 0.00590407, -0.013079207, -0.01987077, -0.0049225655, 0.030926798, -0.016170382, 0.027015822, -0.024413519, 0.0373047, -0.01465864, 0.0066035334, -0.02172096, 0.00066185754, -0.043502092, -0.03528904, 0.0017242141, 0.020051274, 0.0007079243, -0.020367162, -0.00035513734, -0.0011356873, 0.017403845, -0.0027922115, -0.023450816, 0.027903313, 0.029151816, 0.0077918684, 0.009784962, 0.0191337, -0.014192332, 0.005862704, -0.008679359, 0.012229322, -0.015884582, 0.0053287055, 0.02321014, 0.012861095, -0.03155857, 0.027542299, 0.023586197, 0.0013528594, 0.019314207, -0.010236229, 0.028414749, 0.0057574087, 0.03920002, 0.0014609753, -0.011003382, 0.008032544, -0.03709411, 0.034115747, 0.040975, 0.016802156, 0.0045013833, 0.013387573, -0.0011356873, -0.01771973, 0.011153804, -0.006859251, -4.168927e-05, -0.017930323, 0.016606608, -0.04374277, 0.00014748424, -0.034416594, -0.014628556, -0.023465859, -0.017464014, 0.007897164, -0.0116953235, -0.0136959385, -0.00732932, -0.008995246, 0.01431267, -0.037425037, 0.005136917, -0.0101309335, -0.020036234, -0.016245594, 0.022036849, -0.020216739, 0.0006689086, -0.0135756, 0.002517691, -0.00976992, 0.00045620222, -0.009469075, 0.008769613, -0.021736003, 0.01078527, -0.009175752, -0.011710366, -0.00076762313, -0.0026436697, 0.027437003, 0.016696861, 0.0124474345, -0.024503771, -0.0044750595, -0.0065997727, -0.017855112, -0.031167474, -0.033423807, -0.016606608, -0.013936614, -0.02572219, -0.022307608, -0.022638537, -0.023826871, 0.009604456, 0.0104092145, 0.002748965, 0.012740757, 0.015192639, -0.0047307773, 0.0023014592, 0.001330296, 0.006133464, -0.009047894, 0.004114046, -0.0026662329, -0.002382311, -0.021269694, -0.014500697, -0.030520659, -0.014267542, 0.012973912, -0.00063882413, -0.0073330807, 0.0072841938, -0.0063402946, 0.03956103, 0.0014374718, -0.016365932, -0.012003689, -0.003805681, -0.022412904, -0.024473688, -0.015613821, 0.014771457, 0.022849128, -0.02456394, 0.0007897164, -0.023360563, -0.026007993, 0.014741372, -0.01078527, -0.002517691, -0.042990655, -0.008318346, 0.00075258093, 0.010762706, -0.0021867622, -0.016035004, -0.020938765, 0.0018642948, 0.009461555, -0.030701164, 0.011830703, -0.014056952, -0.0035988505, 0.004790946, 0.028535085, -0.017539226, -0.013673375, -0.016110213, 0.0052497336, -0.0070999265, 0.005667155, -0.00058382604, -0.046179608, 0.0074045314, 8.508254e-05, -0.004166694, 0.01865235, 0.026699934, 0.029918969, -0.018155957, 0.01017606, -0.0021585582, 0.0008522356, -0.027767932, 0.0016922494, 0.04524699, 0.009138146, 0.017614435, 0.0022506916, 0.005035382, 0.0021924032, 0.045577917, -0.020216739, -0.0059529576, 0.008897471, 0.014410444, 0.0150422165, -0.009341217, -0.028760718, -0.0015361864, -0.022157185, 0.016651735, 0.0068630115, 0.027512215, -0.015508526, -0.0019667698, 0.023375604, 0.012131548, 0.007972375, -0.0047382982, 0.031678908, -0.004132849, 0.008581584, 0.015034696, 0.022442987, -0.020803386, 0.018095788, 0.012808448, 0.034897942, 0.010905608, -0.01770469, -0.032671694, 0.020863555, -0.016907452, -0.0009796243, -0.024804616, 0.002205565, -0.025767317, 0.0039109765, -0.0004254127, 0.0150422165, 0.0020551428, -0.0066674626, -0.004648045, -0.018757645, 0.0072428277, 0.0062801256, -0.0015023414, -0.005257255, 0.009739836, -0.022277523, -0.009047894, 0.00970223, 0.00468189, -0.02035212, -0.0015324259, 0.009807525, 0.007430855, 0.0053512687, 0.017148128, -0.0055693807, 0.01872756, -0.039500862, -0.019073531, 0.0044073695, 0.027301624, 0.0052910997, -0.0059755207, -0.015290413, 0.021390032, 0.0025929022, -0.00026582417, 0.0056220284, -0.0051256353, 0.007844516, 0.012266928, -0.017403845, 0.010198623, -0.031017052, -0.014094558, 0.012056337, -0.008401078, -0.049188048, -0.014974527, -0.034296256, 0.0015897743, 0.0106047625, -0.014921879, -0.019148743, 0.03868858, 0.0062049143, -0.015899623, -0.016741987, 0.008107755, -0.00827322, 0.012372224, -0.016426101, -0.0038658497, 0.0019113016, 0.0028373383, -0.0019705305, -0.03468735, -0.012297012, 0.008559021, 0.0015831933, 0.018802771, -0.00018132922, 0.046961803, 0.018757645, 0.014636077, -0.007130011, 0.008386036, 0.007821953, 0.030355195, 0.032340765, 0.023586197, -0.01866739, -0.014575908, -0.006468153, -0.0056633945, -0.006806603, -0.0102888765, -0.015749201, 0.023917126, 0.040252972, -0.012635462, 0.008694401, -0.024684278, 0.016922494, 0.006750195, 0.014575908, 0.017885195, -0.021946594, 0.016110213, 0.009852652, 0.03522887, -0.0057461266, 0.012582814, 0.002999042, 0.0248347, 0.009401386, -0.0027959722, -0.026594639, -0.008995246, -0.008055107, -0.027737848, -0.0036402165, 0.01078527, 0.0061785905, -0.0016574643, 0.0062613226, 0.01051451, 0.015508526, -0.0041441307, 0.004497623, 0.0006016887, -0.010770228, 0.018216124, -0.007558714, 0.011251578, -0.016426101, 0.006532083, -0.003100577, -0.024263095, 0.021480286, 0.0102888765, -0.020051274, -0.0092284, -0.02930224, -0.0023315437, 0.048345685, -0.011251578, 0.0028053734, -0.019464629, 0.01322963, -0.009438992, -0.015719118, 0.0064305477, -0.028414749, 0.035108533, 0.0116953235, -0.01683224, 0.029888885, 0.013222109, 0.0046706083, 0.01146217, 0.0013744825, 0.007987417, -0.0067125894, 0.02870055, 0.0074045314, -0.014733852, -0.0065358435, 0.0034559492, 0.020216739, -0.010800311, 0.023330478, -0.02293938, -0.0007563415, -0.017373761, 0.011680282, -0.0015822531, 0.018516969, 0.0070811235, 0.004200539, 0.030986967, -0.010679974, -0.017945364, 0.016320806, -0.026128331, 0.0014402922, 0.0054603247, -0.0013237151, 0.01961505, -0.0013763629, 0.0011883351, 0.0058589433, 0.0075060665, -0.012139069, 0.0075624743, -0.022849128, 0.0019498473, -0.0022262482, -0.018216124, 0.00454651, 0.012996475, -0.004460017, 0.008040065, 0.002965197, 0.02599295, 0.0038959342, 0.010424256, -0.0038395259, -0.023706533, 0.0036477377, 0.012462476, -0.004482581, 0.0006486956, -0.0099128205, -0.009138146, -0.02531605, 0.02719633, 0.020066317, 0.017764859, 0.013139376, -0.01797545, -0.010484425, 0.044404626, -0.032100093, -0.0051444382, -0.019419502, 0.012259407, -0.008175445, -0.000103767794, -0.0069231805, 0.041576687, 0.022653578, 0.016531397, 0.012297012, 0.01892311, -0.0050052977, 0.00023644484, 0.025812443, -0.0025628177, -0.021359948, -0.02497008, -0.005215889, -0.01119893, -0.020652965, 0.0053023812, -0.01486171, -0.010815354, -0.004422412, -0.009393864, -0.020743217, -0.013041602, 0.0041441307, 0.029452661, 0.014019346, 0.02172096, -0.029964097, -0.026790189, -0.0012146591, 0.017764859, -0.0025458953, -0.0037079065, 0.010326482, 0.023556111, 0.0073180385, 0.0050165793, 0.01635089, -0.02110423, -0.007374447, -0.017087959, 0.009604456, -0.011341832, 0.011725408, -0.01791528, -0.0064907167, -0.0006134404, 0.016140299, 0.031137388, -0.018140914, -0.007069842, 0.011161325, -0.0022506916, -0.006208675, 0.024443602, -0.0029971618, -0.0055806623, -0.0058739856, -0.040222887, -0.0026098245, 0.01791528, 0.0031513444, 0.003888413, -0.0039034553, -0.0023033395, -0.01526785, 0.005407677, -0.021149358, -0.0056069866, -0.008213051, -0.0037981598, 0.0092284, 0.027301624, 0.018501926, 0.016380975, -0.017193254, -0.028535085, -0.008626712, -0.0116351545, -0.0011422683, -0.006975828, -0.0022281285, 0.015358103, -0.017629478, 0.023601238, -0.022127101, -0.004538989, -0.012906222, 0.015628863, 0.0059792814, 0.0005645532, 0.0138538815, -0.00089642213, -0.009777441, -0.0027658876, 0.0019385658, -0.004531468, -0.009348738, 0.0013697819, -0.015704075, 0.015230245, 0.026218584, 0.00015512286, 0.019299164, -0.0044524963, 0.012236844, -0.006900617, 0.019660177, 0.009867694, 0.02999418, 0.012500082, -0.0057010003, -0.0035198787, 0.017990492, -0.02897131, 0.01872756, 0.0034615903, 0.03005435, -0.001459095, 0.008927556, -0.0037436318, 0.003555604, 0.014079515, 0.019554881, -0.0066712233, -0.022984507, -0.009168231, 0.0031099783, 0.009604456, 0.0115373805, -0.031708993, -0.005896549, -0.0049300864, -0.020306993, -0.0119134355, -0.027813058, -0.010063243, 0.017328633, 0.016741987, 0.012582814, -0.00101817, 0.019750431, -0.0015549891, -0.0042719897, 0.0055806623, -0.025977908, 0.003982427, 0.015207681, 0.01594475, -0.0045352285, 0.03194967, -0.009115583, 0.0104468195, 0.027557341, -0.019148743, 0.007137532, -0.011815662, -0.007867079, 0.018847898, 0.011492253, -0.013771149, 0.019284122, -0.0043848064, 0.030310066, -0.012304533, -0.005798775, 0.010777748, -0.005753648, -0.008604148, -0.007306757, -0.008401078, 0.02767768, 0.028324494, -0.026880441, -0.0046292422, -0.012635462, 0.0028937464, 0.007874601, 0.007761784, -0.007502306, 0.027978523, 0.012936306, 0.006016887, 0.03405558, 0.003833885, -0.0070171943, -0.022773916, 0.011176367, 0.030956883, 0.02442856, -0.00997299, -0.04819526, 0.016396016, -0.016065087, -0.034717437, 0.013169461, 0.02713616, 0.001037913, 0.015839454, 0.0013754227, 0.025962867, 0.004422412, 0.0332433, 0.013447742, 0.008799697, 0.004851115, 0.0034615903, 0.002348466, -0.009288569, -0.016787114, 0.017012747, 0.01648627, -0.025015207, -0.0006294228, 0.008318346, 0.02856517, 0.004403609, 0.0125076035, -0.009957948, 0.0009269766, -0.006637378, -0.011650197, -0.012898701, 0.020111443, -0.0032622807, -0.008867387, -0.0045013833, 0.01404943, -0.0010078285, 0.0043321582, -0.0026963174, 0.007814432, 0.01934429, -0.034958113, -0.012898701, 0.022066932, 0.012545209, -0.004805988, -0.0063214917, 0.0060620136, 0.02713616, -0.01526785, -0.0045164255, 0.013086729, 0.025677064, 0.010807833, 0.0066712233, -0.023841914, -0.015328019, 0.010837917, 0.003209633, -0.004016272, -0.017057873, 0.018637307, 0.0061109005, -0.022849128, 0.004437454, 0.009273527, 0.00739701, -0.012846054, -0.008002459, -0.016847283, 0.009153189, -0.017945364, -0.016185425, -0.0017016508, -0.0107251005, 0.013899009, 0.00035842782, 0.017163169, 0.000400264, -0.009250963, 0.005189565, -0.00888995, -0.014583429, -0.0075474326, 0.021931551, 0.034145832, 0.0039184974, 0.0011366275, 0.0053512687, 0.0032698018, 0.013553037, -0.0084462045, -0.009386343, 0.010048201, -0.001872756, 0.002260093, -0.013492868, 0.0069795884, 0.002876824, -0.0056333104, 0.0072578695, -0.010687496, 0.001953608, 0.0054603247, -0.019795557, -0.005110593, 0.0006689086, 0.010973297, -0.007776826, -0.002421797, 0.0026342683, 0.008205529, 0.013124335, -0.014899316, -0.013801234, -4.0190924e-05, 5.4498655e-06, -0.000848005, -0.022382818, 0.0042531868, -0.021314822, 0.016847283, -0.023556111, 0.0010397932, 0.009183274, 0.008762091, -0.019720346, 0.00631021, 0.013771149, 0.014515739, -0.019991105, -0.0053324657, 0.022097016, 0.0055957045, -0.031438235, 0.031859417, -0.019178826, 0.0017665203, 0.010815354, -0.013590643, -0.013207067, 0.043261416, 0.020848513, 0.005392635, 0.0118532665, 0.0231951, -0.0011883351, -0.009830088, 0.0050541847, -0.02361628, -0.014094558, 0.008807218, -0.0006143805, -0.0033619355, 0.006351576, 0.0025872614, -0.003079894, 0.008671838, 0.009559329, 0.022352735, -0.0009833849, 0.008055107, 0.0023334238, -0.009326175, -0.0025327334, -0.0061522666, 0.009281048, 0.022021806, 0.0007431795, 0.0103490455, -0.020186655, 0.022006763, 0.020698091, 0.011747971, -0.0054227193, 0.019479671, -0.008844824, 0.01356808, -0.008175445, -0.030204771, 0.02761751, -0.008198008, -0.00739325, -0.0027113596, -0.018637307, -0.015583737, -0.01397422, 0.0076414463, -0.0136357695, 0.022036849, -0.0019836924, -0.03351406, 0.0066298572, -0.01994598, -0.0031532247, 0.0014308909, 0.008453726, 0.022442987, 0.0011347473, -0.003576287, -0.00096458214, 0.010777748, -0.0027113596, 0.002340945, 0.01893815, -0.00092368614, 0.018742602, -0.014914358, 0.0072277854, 0.048285518, 0.0063741393, 0.0082882615, 0.009957948, 0.0027508454, 0.006426787, 0.004805988, 0.0033074075, -0.00037135472, -0.007028476, 0.014748894, -0.006016887, -0.017614435, 0.013402616, -0.006893096, -0.0031908303, -0.0035048365, -0.016275678, 0.020592796, 0.000604039, 0.0031795485, 0.008062628, 0.020863555, -0.02151037, -0.0053700716, 0.0009880856, 0.019434545, -0.015343062, 0.019554881, -0.0046706083, 0.006505759, 0.009739836, 0.0029915208, -0.0031626262, 0.0002056553, -0.007306757, -2.4840223e-05, 0.0050090584, -0.0036458573, -0.016711904, 0.012342139, -0.010950734, -0.014132163, -0.0064568715, -0.01893815, -0.005136917, 0.017554266, -0.027452046, -0.0012052576, -0.003989948, -0.013583122, -0.00597176, -0.0022168467, -0.014237458, -0.015463399, 0.008370994, -0.0033675763, 0.015749201, -0.013959177, -0.010574679, 0.007633925, 0.009371301, -0.030385278, 0.014147205, -0.015914666, 0.013981741, -0.002083347, -0.02767768, -0.009664624, -0.01567399, 0.023541069, 0.016245594, 0.014711288, 0.0038376455, -0.016441142, 0.006772758, -0.023796787, -0.011432085, 0.0056220284, 0.007306757, -0.011274141, -0.009175752, -0.017734773, 0.0047947066, 0.00970223, 0.015553652, -0.0369136, -0.006058253, 0.019254038, 0.009679667, 0.018712519, 0.013214587, 0.036462333, 0.028189115, 0.002728282, 0.009664624, -0.013680897, 0.008476289, 0.0014008065, 0.0049488894, 0.003046049, 0.0053136633, 0.008837302, -0.004166694, -9.981627e-06, 0.0011507296, -0.011890872, 0.0031193797, 0.0017749816, 0.02524084, -0.013462784, -0.02334552, -0.01085296, 0.00072296656, 0.0018934391, -0.0058062957, -0.028459875, -0.024413519, -0.0034540691, 0.0044487356, 0.017403845, -0.00056737365, -0.027798017, 0.014703767, 0.0046029184, 0.0015578095, 0.008859865, 0.022112058, 0.002124713, 0.0054001557, -0.016260637, -0.044976227, -0.0057235635, -0.01309425, -0.022382818, 0.007152574, 0.0020927484, 0.0027583665, 0.011905915, 0.009529244, -0.015899623, 0.0018953193, -0.005712282, -0.005027861, -0.0021679595, -0.018817814, 0.028805844, 0.010303918, -0.023315437, 0.011213973, 0.008235614, -0.020532627, 0.010868002, 0.0026549513, 0.0043584825, 0.006163548, -0.0063741393, 0.015658949, -0.010868002, 0.018547054, 0.029708378, -0.03745512, -0.008438684, -0.023646366, -0.025060333, 0.0026624724, 0.015079822, 0.0065772096, -0.013176982, -0.022307608, -0.00023421201, 0.016501311, -0.007979896, -0.008513895, -0.004290792, -0.011559944, -0.011687802, -0.011890872, -0.0070059127, 0.0073443623, 0.005106833, -0.012372224, 0.0051858043, 0.015049738, -0.007152574, -0.006941983, 0.024172843, -0.010958255, 0.009130626, 0.0009547107, 0.031107305, 0.0028185353, 0.0027057189, 0.001573792, -0.0035631252, -0.020743217, -0.0064117447, -0.0023559872, 0.006396703, -0.0039109765, -0.0023353042, 0.0056558736, 0.014733852, 0.018125871, 0.008829782, 0.011033466, -0.0025195712, -0.0073330807, -0.009213358, 0.01486171, 0.0027752891, 0.001519264, -0.008837302, -0.009288569, -0.03751529, 0.014583429, -0.007709136, -0.0048811994, 0.0040125116, 0.008235614, 0.028760718, 0.023917126, -0.009205837, -0.02083347, 0.003737991, -0.0073406016, -0.004565313, 0.01567399, -0.012093943, -0.01295887, 0.016230552, 0.0076640095, 0.0054866485, -0.006866772, 0.01601996, 0.0023766703, 0.011056029, 0.014500697, -0.0057912534, -0.012612899, -0.025255883, 0.011973605, -0.024052504, -0.007836995, 0.01302656, -0.011514817, -0.0011902155, 0.0032058724, 0.019524798, 0.0052346913, 0.017087959, -0.007423334, -0.020367162, 0.0047458196, 9.6658e-05, 0.0037135473, 0.036612757, -0.0146661615, -0.013598165, -0.0003264631, -0.008551501, 0.02931728, -0.056979917, -0.0003311638, 0.00014677913, 0.018757645, -0.014741372, -0.014440528, -0.004851115, -0.0085665425, 0.0017354958, -0.0103490455, 0.010777748, 0.021420117, 0.0132597145, 0.03366448, 0.012763321, 0.018020576, 0.0038244836, -0.0074647004, -0.0069645466, -0.006351576, -0.008920034, 0.0071412926, -0.019690262, 0.021329863, 0.0071450532, 0.014982048, 0.02293938, 0.023661407, -0.016952578, -0.025556726, -0.0011093635, -0.0015907144, -0.0058326195, 0.02531605, 0.008882429, 0.01180814, 0.014267542, 0.011191409, -0.007171377, -0.0010792791, 0.008062628, -0.015192639, 0.01201121, 0.028535085, 0.020668006, 0.010356566, -0.0066862656, 0.010454341, 0.024714362, 0.0011018424, 0.00203634, -0.0015164434, 0.016456185, -0.015328019, 0.01629072, 0.020472458, -0.015974835, 0.01608013, -0.01988581, -0.01654644, 0.0019460868, 0.0036270546, -0.0012052576, -0.027121117, -0.002762127, -0.0024876066, -0.0074458974, -0.022954423, 0.009040372, -0.008137839, -0.015395709, -0.0059830416, 0.014914358, 0.01452326, -0.01371098, 0.0053324657, 0.0060281684, -0.017193254, 0.015365625, 2.258536e-06, 0.0049000024, -0.031378064, 0.025060333, 0.04629994, -0.01994598, 0.01371098, 0.009619498, -0.013959177, 0.01824621, 0.0052083675, -0.011146283, -0.0075699957, 0.016185425, -0.008732007, 0.008852345, -0.006765237, 0.0026831555, 0.0010538953, -0.009732314, -0.0020532627, 0.0034991957, -0.02408259, 0.00732932, -0.011973605, -0.013041602, -0.011251578, 0.022879211, 0.01031144, 0.0034728718, -0.008438684, -0.009085499, 0.014816584, -0.007491024, 0.006189872, 0.0068968562, 0.00052929803, -0.008626712, 0.009115583, 0.002489487, -0.000522717, -0.0064831953, -0.015523568, 0.0017975449, -0.0072428277, -0.017178211, 0.008634233, -0.009408907, 0.024112673, 0.0046254816, -0.022127101, -0.0038508074, -0.0039335396, 0.013778671, -0.015350582, -0.018712519, 0.025601853, -0.023556111, 0.023826871, 0.010935692, -0.03838774, 0.02624867, -0.008551501, -0.008716965, 0.017313592, -0.0034296254, 0.027452046, -0.0041554123, 0.02008136, 0.0015521687, 0.014214895, -0.017689647, -0.017133085, -0.013124335, 0.00038921737, 0.030986967, -0.015418272, -0.0017044712, -0.00018156426, -0.014034389, 0.013410136, -0.0038733708, 0.017855112, 0.0058739856, 0.0021378752, 0.008303304, -0.0011084233, 0.00040802013, -0.005625789, -0.0092584845, -0.00024443603, 0.010710059, 0.0231951, -0.02409763, -0.003922258, 0.015929708, -0.001208078, 0.0019761713, -0.027256496, 0.024669236, -0.00888995, 0.011973605, 0.0048398334, -0.017659564, -0.010777748, -0.011432085, 0.011244057, 0.006058253, 0.0066185757, -0.025451431, 0.00075164076, 0.008363472, 0.02802365, 0.0135379955, 0.019780515, 0.004471299, -0.010642368, 0.016441142, -0.0020739457, -0.0014149086, -0.010010595, 0.0004200069, -0.036943685, -0.019900853, -0.0005236572, -0.020457415, 0.021059103, -0.0019780516, -0.0041554123, 0.008829782, -0.01452326, 0.00936378, -0.0054791276, -0.020713132, 0.025075376, -0.004569073, 0.012402308, -0.0067201103, -0.00603945, -0.0041478914, -0.017373761, 0.008228092, 0.0024650432, -0.0017054114, 0.0072165034, 0.00038945238, 0.015974835, 0.016185425, 0.020306993, 0.013583122, 0.022021806, -0.010191102, -0.032009836, 0.017373761, -0.014696246, -0.014485655, -0.00024608127, 0.020201698, -0.0046254816, -0.004463778, 0.013207067, -0.025165629, -0.008694401, -0.0005664335, -0.013425179, 0.015583737, 0.023510985, 0.016095173, 0.0004369294, 0.007972375, 0.005599465, 0.011740451, -0.0030836544, -0.0092284, 0.0043171165, 0.024924953, 0.020923724, -0.009815047, -0.00064963574, 0.012906222, -0.0029369928, -0.014944443, -0.009416427, 0.0029839997, 0.009288569, -0.009800005, 0.007502306, 0.00053023815, -1.8773391e-05, -0.0147865, 0.0075098267, 0.0010661171, -0.00053305854, -0.010672453, -0.024759488, -0.008213051, 0.005708521, -0.021074146, 0.015899623, 0.03577039, 0.0073105176, 0.0040350747, -0.01729855, -0.004802228, 0.024458645, -0.022217354, -0.005272297, 0.004527707, 0.0017326754, -0.012139069, -0.002211206, -0.0016320805, 0.020983893, 0.010747664, 6.334184e-05, 0.011552422, 0.015899623, -0.030686123, 0.017900238, 0.0128836585, -0.008904993, -0.0017900238, 0.045818593, -0.0048172697, -0.0023503464, 0.009416427, -0.02224744, -0.0055468176, 0.01004068, 0.0029257112, -0.0083484305, 0.021435158, 0.017885195, 0.010003074, -0.015027175, 0.009348738, -0.020111443, 0.015568694, 0.002361628, -0.011424564, -0.0075361505, -0.0073518837, 0.002320262, -0.016125256, -0.014741372, -0.020592796, 0.0085063735, 0.0024500012, 0.007912206, -0.018125871, 0.0009034732, 0.019660177, 0.0022694946, -0.00052553747, -0.0049714525, 0.010800311, 0.0043998486, 0.00094013853, -0.023571154, -0.000109878696, 0.0103490455, -0.0067163496, -0.007904685, 0.0009805645, 0.00976992, 0.010153497, -0.007987417, -0.0035800475, 0.015658949, 0.0012720075, 0.00014713168, 0.010454341, -0.021209525, 0.003006563, 0.011146283, -0.0072089825, -0.0015625103, 0.0318895, -0.00057959545, -0.0021905228, 0.032731865, 0.004512665, -0.006983349, -0.0003927429, 0.005501691, 0.004565313, -0.00030977564, -0.014282585, -0.011040987, 0.0006162608, 0.018336462, 0.02199172, -0.0059266333, -0.0029745984, 0.0023390648, -0.03886909, 0.0035368013, -0.015418272, -0.004520186, -0.006656181, 0.002015657, -0.012658025, -0.0005645532, 0.0047382982, -0.002109671, -0.0010820995, -0.010454341, -0.005027861, -0.016681818, 0.033754736, 0.003623294, 0.00035866286, 0.00115355, -0.004354722, -0.013605685, -0.004986495, 0.0008390737, 0.0032735625, 0.003407062, 0.0010463742, 0.01743393, -0.0066298572, -0.017885195, 0.0035725266, 0.004471299, 0.0033130483, -0.0035462026, -0.014778978, 0.004403609, -0.0020814668, 0.015057259, -0.0022751354, 0.015493483, 5.8934937e-05, 0.015749201, -0.0034766323, -0.023495942, 0.025526643, -0.01865235, 0.00624252, 0.002145396, 0.021359948, -0.019178826, 0.009852652, 0.016922494, 0.020442372, -0.01526785, -0.0060958583, 0.0063929423, -0.0016913093, -0.010597242, 0.02232265, 0.009830088, -0.0012259407, 0.0048548756, -0.015628863, -0.016741987, -0.017674604, 0.0039260187, 0.0271512, -0.0057047606, -0.016155342, -0.0038508074, 0.028489958, -0.0025891415, -0.022367777, -0.00017474826, 0.01201121, 0.018742602, -0.016110213, -0.0056145075, 0.023465859, 0.051474467, -0.009935385, -0.022382818, 0.018471843, 0.020322034, 0.0014619154, -0.004302074, 0.026805231, -0.00020330497, 0.041065253, 0.011620113, 0.0030140842, -0.015117428, 0.0057649296, 0.012703152, -0.01432019, 0.007897164, -0.019524798, -0.0084462045, -0.022804001, -0.030009223, 0.0047759037, 0.01064989, 0.005862704, 0.010303918, 0.02172096, -0.007449658, -0.009047894, 0.0036815826, 0.00875457, 0.0025835007, -0.01635089, 0.0077392207, 0.010394172, -0.0020100162, -0.021254653, -0.016877368, -0.014350275, 0.0036195335, 0.021119272, 0.012853574, 0.01262042, 0.0002022473, 0.0022751354, 0.0005622029, 0.011086114, -0.010687496, 0.025646979, -0.013372531, -0.0014120882, 0.013680897, -0.0046894113, 0.007430855, 0.0060883374, -0.0116351545, -0.004354722, 0.011394479, -0.0017383161, 0.013402616, -0.005535536, 0.0045841155, -0.009250963, 0.004911284, -0.0067802793, 0.009642061, -0.013380052, -0.0146059925, 0.023180056, -0.016877368, 0.004132849, 0.016711904, 0.040975, 0.012680589, 0.0054114377, 0.025827486, 0.00023115656, 0.001940446, -0.011988647, -0.0039523426, 0.015207681, 0.005366311, -0.02931728, 0.0055656205, 0.002184882, -0.011657719, 0.0028993874, 0.0021265934, 0.02409763, 0.024248054, -0.015734158, 0.018411674, 0.0064831953, -0.0037831175, 0.0063929423, -0.009454033, 0.020442372, 0.0073857284, 0.012740757, -0.004805988, -0.033875074, 0.02632388, 0.024052504, 0.01064989, 0.0023841914, 0.01764452, 0.002741444, -0.01567399, -0.011071072, 0.018020576, 0.009514202, -0.02293938, 0.0055731414, -0.0074722213, 0.0055731414, 0.010454341, -0.023180056, -0.014342754, 0.014756415, -0.012635462, -0.0010200504, 0.003027246, -0.0255116, -0.014613514, -0.0047721434, 0.0014619154, -0.017418887, -0.0053287055, -0.027858187, -0.016982663, -0.023601238, 0.0070322366, -0.015373145, -0.023059718, -0.013184503, -0.014004304, -0.011552422, 0.005027861, 0.0030554503, 0.015839454, 0.005509212, 0.0049902555, -0.014921879, 0.012500082, 0.008559021, 0.04187753, 0.018757645, 0.0006665582, 0.030490573, 0.01934429, 0.011229015, 0.020998934, 0.026504386, 0.023495942, -0.0032039923, 0.022442987, 0.009153189, -0.013801234, 0.020231782, 0.025887655, -0.0092284, 0.024383433, 0.006058253, 0.013169461, 0.030866629, 0.020367162, -0.0069118985, 0.005261015, 0.0023917125, 0.0044336934, -0.015749201, 0.015974835, 0.012342139, 0.011966083, 0.017343676, 0.005779972, -0.00929609, -0.002348466, 0.008897471, 0.008498852, -0.0050241007, -0.00651328, 0.00902533, -0.010364087, -0.013440221, -0.021961637, -0.0033017667, -0.01370346, 0.021194484, 0.008814739, -0.01934429, 0.024248054, 0.012124027, 0.0026662329, 0.0039260187, -0.0019686501, 0.023119887, 0.008559021, -0.02408259, 0.019645136, -0.0034239846, 0.002686916, 0.0049000024, 0.0009862053, 0.006697547, -0.01961505, 0.0076226434, -0.00658097, -0.011296705, 0.004350961, 0.0074007707, -0.0035744067, 0.0028185353, -0.004978974, -0.017960407, 0.010085806, 0.0054603247, -0.015230245, -0.011920957, -0.0052346913, -0.005693479, 0.0068178847, -0.011785577, 0.0022168467, -0.0028580213, 0.012026252, -0.0001282114, 0.012108984, 0.008047586, 0.0072578695, -0.028459875, 0.040824577, -0.03658267, -0.016681818, 0.019314207, -0.004978974, 0.0031983515, -0.003758674, 0.0014440528, -0.008213051, 0.0016104573, -0.0058250986, 0.0002639439, -0.01119893, 0.006866772, 0.0016170383, 0.0015653307, -0.0042118207, 0.0054001557, -0.0012842292, -0.01791528, 0.010830396, 0.0040689195, 0.010273834, 0.00081839063, -0.014560866, 0.0028862255, 0.00013831789, -0.028715592, -0.0154784415, -0.0049639316, 0.003683463, -0.002382311, 0.022202313, 0.024473688, 0.0066862656, 0.010334003, -0.01756931, -0.00014172589, -0.000916165, 0.00052694767, 0.0020607838, -0.010266313, -0.015764244, 0.022819042, 0.02029195, 0.0036872234, -0.0015850737, 0.0075211083, -0.008844824, -0.0049075233, -0.003175788, 0.004117807, -0.02123961, 0.017930323, -0.009288569, 0.007927248, 0.010078285, 0.011815662, -0.031979755, -0.01729855, -0.00257786, -0.01037913, -0.014102078, -0.013003997, -0.013342447, 0.0015004611, 0.012372224, -0.016110213, 0.017674604, -0.016907452, 0.009085499, -0.0044336934, -0.027828101, -0.01180814, -0.014703767, 0.0050316215, -0.01866739, 0.0107251005, 0.0069118985, -0.011763014, -0.0043735243, 0.031017052, -0.028324494, 0.004328398, -0.013049123, 0.0023841914, -0.012928786, 0.0015888342, 0.0068404484, -0.0011432085, 0.0008014681, -0.006396703, 0.017494097, -0.0025571769, 0.01112372, -0.020848513, 0.015147513, 0.014748894, -0.0062575624, -0.021766087, 0.020938765, 0.004805988, 0.01648627, 0.0049000024, 0.033875074, -0.036011066, 0.01017606, -0.023661407, -0.020788344, -0.004008751, 0.023480901, 0.0049225655, 0.012259407, -0.0031024572, -0.011417042, -0.0046518054, 0.010461862, -0.008295783, -0.008995246, -0.010183581, -0.02015657, 0.00042047698, -0.027075991, -0.012868617, -0.019509755, -0.019825641, -0.008070149, 0.023044676, 0.010898086, -0.0026681132, -0.014530782, -0.0026248668, -0.0036928642, -0.014026867, 0.021374991, 0.016877368, -0.0031532247, 0.01934429, -0.005084269, 0.0073029962, 0.010928171, 0.012996475, 0.015072301, -0.023014592, 0.0076978547, 0.00029684874, -0.03128781, 0.01289118, -0.013440221, 0.0062726047, -0.006201154, 0.0019780516, -0.009950426, 0.006701308, 0.0062199566, 0.015147513, 0.0017430169, -0.010589721, 0.03182933, 0.010710059, -0.011702845, -0.0018135273, 0.009784962, -0.01146217, -0.013522953, -0.0032171542, 0.0024650432, -0.001499521, 0.00076292246, 0.014365317, 0.0024800855, 0.0074647004, -0.017990492, -0.001594475, 0.01146969, -0.0040839617, 0.0076376856, 0.008137839, 0.005610747, -0.0016800276, -0.0072729117, 0.016245594, -0.023751661, 0.012861095, 0.024217969, -0.006351576, 0.009589413, 0.0038282443, -0.021329863, 0.0072992356, -0.020111443, -0.0064117447, -0.017584352, 0.0072841938, 0.004328398, 0.015704075, -0.008709444, 0.011958563, 0.011161325, 0.013545516, 0.0047721434, 0.0046142, 0.0038150824, 0.009747356]"
ドドンパ,fromCluster,0.4439,57.0,2.7078,"[-0.0146602, -0.002461023, -0.007965729, 0.038072515, 0.011262032, 0.018042069, -0.019003661, 0.030526465, -0.0010766976, -0.0140245715, -0.027511304, -0.0026260419, -0.006291092, -0.04319014, 0.0007981008, -0.023518253, -0.043320525, -0.018971065, -0.019215537, -0.019965254, 0.008963991, 0.015083953, -0.006661875, 0.01341339, 0.020845354, 0.04201667, 0.01928073, 0.025653314, -0.0045512626, 0.0061647813, 0.0007782374, 0.050589506, -0.015173593, 0.009192166, -0.0020189353, 0.021480983, 0.037909534, -0.0015554562, 0.03872444, -0.06721363, -0.044722166, -0.021301704, -0.052186728, 0.0099418815, -0.012671824, -0.017879087, -0.0016318539, 0.030705744, 0.00081287103, 0.00039064666, 0.027038656, 0.0186614, -0.017813895, 0.007900536, 0.014472771, 0.0046612755, 0.038268093, -0.0012763501, -1.203263e-05, -0.03163474, 0.024007197, -0.0143668335, -0.027951354, 0.037974726, -0.010373782, -0.0019068854, 0.034552112, 0.02746241, -0.0019792086, 0.01625742, 0.020046744, 0.003438913, -0.017569423, 0.016558936, 0.003243335, 0.01758572, 0.054501068, 0.010178205, -0.027837267, 0.035497405, -0.010406379, -0.036540486, 0.04283158, -0.021546176, -0.012223625, 0.0014729467, 0.036475293, -0.0586408, -0.012932595, 0.020551987, 0.040191278, 0.0022104387, -0.012728867, 0.0076642125, 0.034878075, 0.014097913, -0.030461272, -0.01831914, 0.031846616, 0.012231774, -0.051143643, 0.0012997787, 0.014684647, 0.00184373, 0.0032168506, 0.02984194, -0.00046042318, 0.02255666, 0.013372645, -0.00453089, -0.00603847, 0.02247517, 0.048666324, 0.031928107, -0.02852179, 0.003536702, 0.015181742, 0.01901996, -0.025571821, -0.028635878, -0.01137612, -0.008161306, -0.015955904, -0.010512317, 0.0042252997, -0.027136447, 0.005064655, 0.028277317, -0.0382029, -0.023143396, -0.016314464, 0.025343647, 0.019134047, 0.039930508, 0.016314464, 0.009395893, -0.017357547, -0.0042538214, -0.013584522, 0.035236634, -0.026240047, 0.015157294, -0.0017245497, -0.019068854, -0.031243583, 0.016998988, 0.03846367, 0.04941604, -0.010601956, 0.051274028, 0.026435625, -0.025294753, -0.0026871602, -0.018856978, 0.01360082, 0.017960578, -0.044396203, 0.0060017994, 0.00844245, 0.0068981987, -0.03313417, 0.032938592, 0.012696271, 0.020307515, -0.0028949617, -0.02648452, 0.0471017, -0.004131585, 0.009444787, 0.041527726, -0.027266832, -0.010789386, 0.029173717, 0.005969203, -0.018286541, 0.01848212, -0.008841755, 0.051437013, -0.04123436, 0.04948123, -0.0164367, 0.031765126, 0.048340358, -0.031439163, 0.018498419, -0.0054680347, 0.018449524, -0.035073653, -0.02790246, -0.056000497, -0.0020688483, -0.033606816, 0.0014709095, -0.0076927342, 0.018139858, 0.00091473456, -0.010455273, 0.0035611491, -0.0074075162, 0.009501831, -0.00261993, -0.056261268, 0.017031584, 0.013657863, -0.015939606, 0.033443835, -0.015752178, 0.029124822, 0.027657988, -0.025262157, 0.019248134, -0.026500817, -0.022882625, 0.028635878, -0.015238785, 0.008092039, -0.025262157, 0.024919895, -0.024007197, 0.002050513, -0.009461085, 0.005916234, -0.026272643, 0.024496144, -0.042798985, 0.006816708, 0.0007649952, 0.053457983, -0.013144471, 0.00915142, 0.052740864, 0.0028868127, 0.037257608, 0.0050768787, -0.006388881, -0.0047509153, -0.007020435, 0.01652634, -0.01573588, 0.051339224, -0.029793046, 0.015629942, -0.026663799, -0.010088565, 0.018368034, 0.0029479307, -0.0012091201, -0.027560199, -0.0048283315, -0.01742274, -0.032987487, -0.018139858, 0.011808021, 0.03117839, 0.0065518627, 0.020503093, 0.022084014, 0.0011449462, 0.018693997, -0.02728313, -0.0066944715, 0.0013924745, -0.022540363, 0.019166643, -0.011164243, 0.0027136446, -0.040680222, 0.011139796, 0.0012417166, -0.011506505, -0.029695258, -0.013348198, 0.017650913, 0.0071874913, 0.009811495, -0.019851167, -0.016836004, 0.026060767, 0.009395893, 0.02478951, 0.032058492, 0.020584583, -0.027820969, -0.050622102, -0.038887423, 0.021366896, -0.03241705, 0.0471017, 0.04292937, 0.020111937, -0.012182879, 0.010553062, -0.0118650645, 0.03029829, 0.025196964, 0.027837267, 0.012802209, 0.00049709406, 0.026598606, 0.030428676, -0.056913193, -0.008409853, -0.015654389, -0.03432394, 0.016224824, -0.012337712, -0.016721917, 0.044200625, -0.03241705, -0.0030579434, 0.0067189187, -0.005606569, -0.008858053, 0.0026138183, -0.013511179, 0.004221225, -0.0032514841, 0.02522956, -0.056522038, -0.032580033, -0.0026728993, -0.0060669924, -0.04139734, -0.026582308, 0.056522038, 0.022703344, 0.0067189187, -0.026419327, 0.0020759788, 0.013160769, -0.018824382, -0.020323813, -0.01021895, -0.021790648, 0.010235248, -0.0006478521, 0.008825457, -0.012182879, -0.0027523527, 0.013967528, 0.0003718019, 0.030754639, 0.013853441, 0.0060832906, -0.004604232, 0.0027564273, 0.0037119072, -0.017536826, -0.00017100341, 0.012451799, 0.00060354144, -0.020307515, 0.014293492, -0.013902335, 0.04824257, -0.018938469, 0.0127696125, -0.0061118123, -0.016184079, -0.01831914, -0.020274919, 0.01608629, -0.008291692, -0.0063725826, -0.003944156, 0.004604232, 0.041006185, -0.028586984, -0.03944156, 0.0054272893, -0.017210864, 0.010724193, -0.026142258, 0.03624712, 0.028146932, -0.017781299, -0.0001883202, 0.005109475, -0.030412378, -0.007321951, -0.0036202301, -0.007908685, 0.012117687, -0.01732495, 0.020160832, 0.015173593, 0.029010735, 0.017406441, -0.0019822645, 0.003349273, 0.0038035845, -0.020405304, -0.012003599, 0.035138845, -0.022149207, -0.018058367, 0.018449524, 0.009192166, 0.024316864, -0.040908396, -0.027625391, 0.0063318373, -0.010618255, -0.012802209, 0.019052556, -0.011628741, 0.0073260255, 6.659329e-05, -0.0070489566, 0.027413515, 0.022230698, 0.0068370807, -0.020649776, 0.006054769, 0.028277317, -0.0015972202, 0.007114149, -0.0050524315, -0.027332025, -0.0034939193, -0.0061036632, 0.041266955, -0.003891187, 0.0014535927, -0.021040931, 0.04948123, 0.070603654, 0.04071282, 0.021969927, -0.04217965, -0.030722043, 0.025734805, -0.031944405, 0.031862915, -0.035236634, 0.019769674, 0.001474984, 0.014358684, 0.042310037, 0.0009305234, 0.00968111, -0.035953753, -0.0011133684, 0.020503093, -0.009306253, 0.0122073265, -0.017602019, -0.0075542, -0.019655587, 0.019443711, -0.0039482308, 0.007497156, -0.003950268, -0.031781424, -0.010210801, 0.0063644336, -0.057467334, 0.011164243, -0.01651819, 0.0054069166, 0.030167906, 0.012362159, 0.019264432, -0.0248873, 0.049644213, 0.031162092, 0.001377195, 0.009933732, -0.0009768713, -0.039474156, 0.040908396, -0.008507643, 0.05071989, 0.016151482, -0.027706882, 0.01127833, -0.010292292, -0.0093714455, 0.0034653975, -0.028603282, -0.013608969, -0.031944405, 0.01047972, 0.0028053217, 0.017650913, 0.008238723, 0.01812356, 0.010724193, -0.036670875, 0.026582308, 0.03777915, -0.023387868, -0.022572959, -0.0012529215, -0.02941819, -0.033541624, -0.013274856, -0.018954767, 0.0382029, -0.018221349, 0.04814478, 0.00053682085, 0.009656663, -0.0011775425, 0.02229589, 0.0025567748, 0.02159507, 0.00076092064, 0.004176405, 0.039213385, 0.013934932, -0.023844216, 0.02879886, 0.016950093, -0.00603847, 0.012223625, -0.0014790585, 0.028212124, -0.0057614017, 0.0074767834, -0.0035611491, -0.0023265632, 0.0050157607, -0.020666074, 0.017178267, -0.018742891, -0.0003341124, 0.0022776686, 0.04165811, -0.023648638, 0.0098196445, 0.028277317, -0.0186614, -0.01056936, -0.026435625, -0.022181803, -0.006229974, 0.021122422, -0.0037159817, -0.016208526, -0.034552112, 0.016037395, 0.018677698, 0.020894248, 0.016819706, 0.0062258993, 0.006323688, -0.055478957, 0.009314402, 0.0026586384, 0.029630065, 0.034943268, -0.021692859, 0.018351736, 0.005891787, -0.028261019, -0.012582184, 0.009607769, 0.00085056055, -0.0069715404, 0.0022715568, 0.010463422, 0.00759902, -0.01146576, -0.02275224, 0.020812757, -0.0057817744, 0.017145671, 0.0061892285, 0.0059406813, -0.0008755171, 0.022018822, -0.025245858, 0.0066496516, 0.033264555, 0.012810358, 0.0014739654, -0.005032059, 0.006054769, -0.013641565, 0.0142445965, 0.005537302, 0.00088315684, -0.024104986, 0.016102588, 0.031308778, 0.01820505, -0.019655587, -0.022735942, -0.0034939193, 0.00032570865, -0.00143322, -0.0031496205, -0.009379595, 0.023355272, -0.006751515, 0.03484548, -0.014057168, -0.00573288, -0.0067555895, -0.0032066642, 0.011082753, 0.016803408, 0.011433164, 0.010341186, 0.037387993, 0.060009845, -0.012557737, 0.03706203, -0.0012223624, 0.019737078, 0.020861652, 0.01732495, -0.015442512, -0.0016848228, 0.016591532, 0.035823368, 0.0037872863, -0.023159694, 0.033085275, -0.009208464, -0.036768664, 0.041332148, -0.018188752, 0.008271319, -0.0046246047, 0.01591516, -0.0012193065, -0.020128235, -0.04009349, -0.0038178454, 0.001151058, -0.01786279, -0.04061503, -0.005260233, -0.0043516103, 0.0213343, -0.01564624, -0.02017713, -0.012745165, -0.008980289, -0.022540363, -0.009844092, -0.08553278, -0.006877826, -0.02319229, 0.03983272, -0.016836004, 0.0013822882, 0.039311174, -0.026142258, -0.00012510116, 0.0013619155, 0.0003506652, 0.004176405, -0.01732495, 0.023208588, 0.0057084328, 0.00028725518, 0.013828994, -0.017895386, -0.02914112, -0.0025038058, 0.0040317588, -0.004681648, 0.010724193, -0.012940744, -0.025213262, -0.004176405, 0.012728867, 0.019134047, -0.028456597, -0.0018804009, 0.024740616, -0.0046286792, -0.014986163, 0.002679011, -0.015711432, -0.0086869225, -0.024398355, 0.0016155557, 0.022735942, -0.0066333534, 0.033329748, -0.024202777, 0.0033676084, -0.013804547, 0.0072975038, 0.0041662185, 0.0034552112, -0.01137612, -0.026761588, 0.02984194, 0.016371507, 0.016901199, -0.01430979, -0.031048005, 0.011156094, -0.010887175, 0.019639289, 0.013234111, -0.008898798, -0.03305268, 0.011791723, 0.022670748, 0.0069633913, -0.00915957, -0.00084648596, -0.0035570746, 0.016591532, 0.017879087, 0.03663828, 0.019785974, -0.0022552586, -0.019411115, 0.04051724, 0.0045716353, -0.024056092, 0.008507643, 0.03181402, -0.017781299, 0.040419452, 0.009110674, 0.024854703, 0.030966515, -0.010210801, 0.013274856, -0.009746303, 0.0012631079, 0.004388281, -0.04586304, -0.022002524, 0.0134541355, -0.010178205, -0.0204379, -0.0101619065, 0.042147055, -0.010740492, 0.011066454, -0.007154895, 0.03500846, -0.0103900805, 0.040321663, 5.5802117e-05, -0.032368157, -0.0038565535, 0.021203913, 0.01199545, 0.010023372, -0.0036996836, -0.017129373, -0.020242322, -0.0031190615, -0.04423322, -0.020291217, 0.033280853, 0.0010400267, 0.0038647025, -0.022458872, 0.018938469, -0.042244844, -0.0067392914, -0.007199715, -0.010047819, 0.02177435, -0.036442697, -0.007020435, 0.0092573585, 0.008923246, 0.0092573585, 0.011759127, 0.011799872, -0.008646177, 0.0026830856, -0.008360959, 0.017015286, 0.0006570198, -0.009436638, 0.0036283792, 0.018563611, -0.014073466, 0.010349335, -0.038757037, 0.0018335436, 0.0036243047, -0.011139796, -0.014057168, 0.037029434, 0.046710543, -0.009086227, 0.008092039, 0.010903473, 0.00075786473, -0.034878075, 0.029744152, 0.005394693, 0.012345861, -0.009689259, 0.010007074, -0.016355209, 0.021432089, -0.013494881, 0.010251546, 0.0058795633, 0.014554262, 0.00028368994, 0.03370461, -0.004816108, -0.025979277, 0.01030859, -0.01678711, 0.0016461147, 0.009444787, -0.0008958898, -0.016901199, -0.018987363, -0.013869739, -0.0435487, -0.038854826, -0.00049098226, 0.01875919, 0.019297028, -0.001994488, 0.01742274, 0.003145546, -0.018286541, -0.0002545315, -0.021040931, -0.006816708, 0.017113075, 0.0053295004, 0.014578709, 0.004017498, -0.007843493, 0.01812356, 0.02798395, 0.03183032, -0.0036467146, 0.013095576, 0.04165811, 0.007982027, -0.00031042914, 0.0057614017, -0.027446112, -0.013608969, -0.019264432, 0.01483948, -0.011425015, 0.026288942, -0.016656725, 0.02159507, 0.02870107, 0.00136599, 0.006238123, -0.027967652, -0.0018844755, 0.012916297, 0.007134522, 0.030184204, 0.01884068, 0.035204038, 0.016363358, -0.026761588, -0.042049266, -0.008507643, -0.0051216986, -0.017553125, -0.04123436, -0.020503093, -0.0497746, -0.022768538, 0.009982627, -0.015442512, -0.0033818693, -0.009738154, 0.011433164, 0.016664874, -0.022947818, 0.0005938644, 0.009021034, -0.037387993, 0.025571821, 0.0027075328, 0.010341186, 0.010699746, -0.02674529, 0.0093307, 0.022703344, -0.012574035, 0.01474984, 0.005561749, 0.003768951, 0.020584583, -0.025278455, 0.055739727, 0.033150468, -0.020600881, -0.014806883, -0.041821092, -0.027592795, -0.014627604, 0.009192166, 0.0051054005, -0.009575172, 0.0075949454, -0.0010420639, 0.034454323, 0.029401891, 0.0027869863, -0.009289955, 0.01554845, 0.0030742416, 0.016673023, -0.0141386585, 0.02113872, 0.007191566, -0.02914112, 0.0072363857, 0.009501831, -0.02123651, -0.01360082, -0.025245858, -0.019965254, 0.020307515, 0.022833731, -0.012647376, 0.0053132023, 0.043842066, 0.034552112, 0.010194503, 0.021709157, 0.01936222, -0.03341124, 0.035204038, 0.023338974, 0.020551987, 0.017373845, -0.011897661, -0.013519328, -0.01306298, -0.005916234, -0.022882625, -0.002416203, 0.004547188, 0.0067189187, 0.024773212, -0.0019028109, -0.005631016, 0.0036589382, -0.020193428, 0.010430826, -0.017960578, 0.022833731, -0.024496144, -0.00033385775, 0.010487869, -0.012516991, 0.0031210987, 0.005186891, -0.016094439, 0.0039604544, 0.03768136, -0.017439038, 0.008507643, -0.011913959, -0.02772318, 0.005341724, 3.1084295e-05, 0.020128235, -0.020160832, 0.013209663, 0.018596208, 0.002212476, -0.0052439347, 0.05349058, -0.016053693, -0.008760264, 0.021448387, -0.008890649, 0.009273657, 0.0239909, -0.018710295, -0.0065722354, 0.031504355, -0.019182941, 0.026712693, 0.0076805106, -0.012712569, 0.053620964, 0.00019901588, -0.015515854, -0.01848212, 0.02095944, -0.023779023, 0.056261268, 0.00067535526, 0.0074930815, -0.033834994, 0.015483257, -0.0051746676, 0.00086889596, 0.005500631, -0.050752487, 0.010724193, 0.01564624, 0.018547313, 0.03438913, 0.004995388, -0.023599744, 0.024414653, -0.010064118, 0.0052643074, 0.011343523, 0.014733542, 0.02167656, 0.0058428925, -0.024675423, 0.0057817744, 0.008185754, 0.11265292, -0.008104263, 0.0055739726, 0.02211661, 0.023501955, -0.0015483258, 0.003243335, 0.0032453723, 0.025669612, 0.0067107696, -0.010145608, -0.01786279, 0.014872076, 0.03145546, 0.010210801, -0.031325076, -0.042244844, -0.04123436, 0.010243397, -0.019574096, -0.012288817, -0.011971002, 0.014896523, -0.021692859, 0.0025608493, -0.01608629, -0.0159885, 0.0577607, 0.02123651, -0.01190581, -0.02879886, 0.022361083, -0.007053031, 0.024284268, 0.003273894, 0.0048731514, 0.020307515, 0.020633478, 0.02407239, 0.020975739, -0.0018355809, 0.0059732776, -0.0016501893, 0.02095944, -0.019590395, 0.0018009474, 0.016998988, -0.011661338, -0.00029744153, -0.020389006, -0.0002258824, -0.025522927, -0.016950093, -0.01962299, 0.0073789945, 0.01369046, -0.008418002, -0.0124355005, -0.019574096, -0.024056092, -0.01190581, -0.008291692, -0.0030559062, 0.0041723303, 0.009452936, -0.016452998, -0.028440299, 0.010797535, -0.011090902, 0.0052643074, -0.011473909, -0.0061973776, 0.009795197, 0.012378457, 0.0026810484, -0.011962853, 0.034715094, -0.0067841117, -0.030689446, 0.012125836, 0.011082753, 0.011042007, -0.00786794, 0.0005016779, -0.01341339, 0.022100313, 0.03614933, 0.040549837, 0.008316139, 0.013274856, 0.022801135, 0.013853441, 0.0026097437, -0.02452874, -0.020568285, 0.0041723303, -0.011147945, -0.014293492, -0.020128235, -0.0025160294, -0.018547313, -0.019231835, 0.012557737, -0.0032596332, 0.0068900497, -0.028717369, -0.009762601, -0.0019343885, -0.009990776, -0.006344061, 0.013649714, -0.037257608, -0.011620592, -0.03536702, 0.011367971, 0.007839418, 0.018563611, 0.009216613, -0.004033796, -0.0034653975, -0.025718506, 0.025702208, 0.0016165744, -0.013128173, 0.015923308, 0.012248072, 0.014089764, -0.014130509, -0.008955842, -0.011482058, -0.011767276, -0.017553125, -0.00844245, 0.024056092, 0.029467084, 0.030200502, -0.0038484044, -0.002092277, -0.019117748, -0.0033064904, 0.025620716, -0.007892387, -0.016966391, 0.010528615, -0.043320525, 0.006938944, 0.02612596, 0.0035163292, -0.004587934, 0.0077945977, -0.0042986413, 0.009273657, 0.008597283, 0.015556599, -0.0037669137, -0.0018528977, -0.010381931, -0.01651819, 0.0052724564, 0.0051746676, -0.002670862, 0.008743966, -0.004019535, 0.0057002837, 0.0040215724, 0.021008335, -0.00061627437, -0.0030273844, -0.020063043, -0.039017808, -0.0068737515, -0.006833006, -0.03305268, 0.023501955, 0.015149145, -0.0026321537, 0.024251672, -0.0032148133, 0.018547313, 0.008980289, 0.030510167, 0.020503093, 0.0026138183, 0.0022287741, 0.0041967775, -0.0077497778, -0.017096777, 0.015092102, -0.012598482, 0.0015136922, 0.008475047, -0.025457734, -0.0022084014, -0.012028046, 0.0066781733, 0.014277193, 0.028994437, -0.037876938, -0.024675423, -0.0032637077, -0.0010777162, 0.014774287, -0.0009824738, 0.005891787, -0.026794184, 0.0015513817, 0.008817308, 0.045634866, 0.0005067711, 0.032645226, -0.012419202, -0.059716478, -0.027706882, 0.0024325012, 0.028261019, -0.0020566247, 0.0056350906, 0.0037200563, -0.00799425, 0.012957042, -0.009982627, -0.0019680036, 0.011351672, -0.00031017448, -0.010080416, 0.019036258, 0.013258558, 0.008491345, 0.045895636, 0.024854703, -0.01617593, 0.035236634, -0.0222144, -0.023436762, -0.008075741, 0.004693872, -0.016477445, 0.0168849, -0.0018029846, 0.0017204751, 0.008866202, -0.0071304473, -0.01448907, -0.009713707, 0.0011378156, -0.030852428, 0.032400753, -0.0068207826, 0.0186614, -0.011579847, 0.010072267, 0.0038748889, 0.017960578, -0.004123436, -0.022964116, 0.012182879, 0.018042069, 0.005378395, -0.031325076, 0.01012931, -0.011213138, -0.021350598, 0.0052643074, 0.023061905, -0.003265745, 0.012223625, 0.026859377, -0.011685785, 0.017765, -0.014676498, 0.015964054, 0.01724346, 0.0029336698, 0.010104863, 0.02522956, 0.00072679634, 0.029157419, 0.006229974, 0.008475047, 0.012842955, 0.0007227218, -0.01297334, -0.023208588, 0.0060466197, 0.038333286, 0.0029683034, 0.0005785849, -0.009632216, -0.0069430186, -0.004221225, 0.0009228836, 0.023616042, 0.020454198, 0.009477383, -0.0063481354, 0.00528468, -0.0036181929, 0.006140334, -0.03165104, -0.0065355645, 0.020812757, -0.01972078, -0.019574096, -0.016738215, 0.021269107, -0.03207479, -0.0064988937, -0.0030253471, -0.017732404, -0.03241705, 0.017096777, 0.0018070592, -0.007191566, 0.033900186, -0.021073528, 0.010243397, -0.0023510105, -0.013388943, 0.0044290265, -0.020943142, -0.0025527002, -0.017096777, -0.015890712, -0.00032214343, -0.01190581, -0.0005836781, 0.0168849, -0.0038504417, -0.0018396555, -0.01279406, -0.031227285, -0.016037395, 0.003925821, 0.016208526, -0.006922646, 0.0018427114, -0.007831269, 0.021692859, 0.0092573585, -0.01056936, 0.013128173, -0.010137459, 0.0023591595, -0.012036195, -0.034160957, 0.012753314, 0.030412378, -0.01599665, -0.037094627, -0.013470434, 0.022719644, -0.01830284, -0.022638151, -0.019476308, -0.007859791, -0.0006458148, -0.0037241308, 0.0055821217, 0.008267244, 0.043157544, 0.0066170553, 0.021872139, -0.017031584, -0.0041662185, 0.009868539, -0.0048527787, 0.028146932, -0.019117748, 0.018645102, 0.02329008, 0.014456473, 0.015426214, -0.023501955, 0.023534551, -0.019851167, 0.03663828, -0.005333575, 0.00497909, 0.03261263, -0.011653189, 0.041625515, 0.0044819955, -0.011473909, -0.002316377, -0.006959317, 0.0063196137, 0.03624712, 0.022181803, 0.019737078, 0.006185154, 0.02141579, 0.011033858, -0.023681235, 0.018938469, -0.022018822, 0.002424352, -0.005003537, -0.04772103, -0.0142445965, 0.0186614, -0.03057536, 0.007546051, 0.006148483, 0.026337836, -0.019671885, -0.01092792, -0.011571698, 0.005871414, 0.008752115, 0.025115473, -0.0017581646, 0.031488057, -0.01519804, -0.00049098226, -0.037387993, -0.014269044, -0.0032331487, -0.03396538, 0.017406441, -0.015540301, -0.04319014, 0.016640427, 0.014464622, 0.020389006, -0.022768538, -0.013274856, 0.035041057, -0.010764939, -0.023616042, 0.0062340484, 0.008210201, 0.021073528, -0.0021859915, 0.011506505, -0.006869677, -0.020274919, -0.0063399863, -0.013780099, 0.0005111003, -0.02247517, 0.00644185, -0.006629279, 0.004938344, -0.008271319, -0.023567148, -0.0010512316, 0.006425552, -0.018693997, -0.007651989, 0.0101619065, -0.002793098, 0.002114687, -0.02229589, 0.008939544, -0.025555523, -0.021089826, -0.0047427663, 0.039506752, -0.011514654, 0.021806946, -0.0051054005, -0.011587996, 0.0010583622, 0.0010216912, 0.015450661, -0.015597344, -0.015507705, -0.010813833, 0.02505028, 0.019753376, -0.0033350121, 0.025376244, 0.017667212, -0.0074645597, 0.011262032, -0.018270243, 0.0013069091, 0.024121284, -0.012785911, 0.044722166, -0.0019567986, 0.03227037, -0.0131200235, 0.0013313565, -0.053816542, 0.009534427, -0.02522956, 0.012671824, -0.022263294, 0.024039794, 0.0031272105, -0.0008943619, -0.015947755, -0.009762601, -0.020992037, -0.008434301, -0.046612754, 0.04250562, 0.00906178, 0.03777915, -0.02125281, 0.028456597, 0.020454198, -0.003430764, -0.0070245094, -0.032319263, 0.008418002, 0.0077171815, -0.017618317, -0.0004899636, -0.004869077, 0.013755652, -0.010145608, -0.035236634, 0.019345922, -0.012590333, -0.01840063, 0.011327225, -0.008100188, -0.0029010735, -0.020486794, -0.015320276, 0.00080472196, -0.012859253, 0.021106124, 0.012761463, -0.002281743, 0.011392418, 0.008898798, 0.0023917558, -0.002723831, 0.00015648786, -0.010911622, -0.0037322799, -0.0044208774, -0.004555337, -0.017080478, 0.007154895, 0.0027910608, 0.011033858, 0.021888437, -0.008409853, 0.014782436, -0.0002289383, -0.016575234, -0.015809221, 0.0052887546, 0.016314464, 0.012859253, 0.012590333, -0.012696271, -0.005500631, -0.007546051, 0.015149145, -0.01830284, -0.008206126, 0.049285654, 0.014334237, 0.0064662974, 0.005333575, -0.0025099176, 0.0008760264, -0.026533414, 0.016159631, 0.010414528, 0.002949968, -0.010357484, 0.005056506, -0.032645226, 0.0017744628, -0.0066333534, 0.037290204, -0.018270243, 0.0072200876, -0.0027299428, 0.0041417712, 0.007969803, 0.043418314, 0.032922294, -0.002768651, -0.0057288054, 0.010707895, 0.01670562, 0.020666074, 0.0058347434, -0.012508842, -0.010373782, 0.012508842, 0.0013802509, -0.0033248258, 0.0027666136, 0.018905872, -0.01919924, 0.003536702, -0.005944756, -0.0015625866, -0.015955904, 0.009827794, 0.00055821217, 0.02363234, 0.0044575483, 0.004657201, -0.005146146, -0.01910145, -0.014880225, 0.011922108, 0.012541438, -0.018107262, -0.011310927, -0.04863373, 0.016836004, 0.03207479, 0.01332375, 0.0031924031, 0.0054965564, -0.002941819, -0.0083446605, 0.017227162, -0.014089764, 0.0010634554, -0.010952367, 0.017145671, 0.015629942, -0.03751838, 0.0075664236, 0.00077925605, 0.0010028465, -0.009689259, -0.009778899, 0.008145008, -0.007651989, 0.005300978, 0.016281867, -0.020307515, 0.046971314, 0.0008887593, -0.008898798, 0.022801135, 0.006653726, 0.001854935, -0.030119011, 0.0014413691, 0.014676498, 0.025099175, 0.010121161, -0.009224762, -0.023241185, -0.0075949454, 0.016404103, -0.0011877288, -0.026663799, -0.0029520052, -0.0028705145, -0.0046246047, -0.015809221, 0.015140996, 0.0142445965, 0.03329715, -0.006735217, -0.0057817744, -0.002128948, 0.013478583, -0.0080023995, 0.022589257, 0.00145563, -0.0053743203, -0.00090556685, -0.018253945, 0.005056506, 0.004461623, -0.022246996, -0.017520528, -0.018531015, 0.009143271, -0.03546481, -0.020731267, 0.01066715, 0.014073466, -0.012818507, -0.026614904, 0.0048813005, 0.002385644, -0.0030233099, -0.0029092226, 0.0018987363, 0.010292292, -0.00853209, -0.002058662, 0.012419202, -0.016127035, -0.014057168, -0.0017673323, -0.029467084, 0.015206189, 0.003387981, -0.026794184, -0.005093177, 0.011115349, -0.004522741, -0.0050687296, -0.017390143, 0.034519516, -0.008246872, 0.011033858, -0.010096714, 0.008181679, -0.009542576, -0.0073260255, 0.015320276, 0.0010563249, -0.010104863, -0.015377319, -0.006877826, 0.022084014, -0.02177435, 0.0056350906, 0.019476308, -0.017520528, 0.0016389843, -0.0057817744, 0.02301301, 0.017096777, 0.020307515, -0.0077090324, -0.011237585, 0.030363483, 0.008931395, 0.014374983, -0.0044738464, -0.007000062, 0.020372707, 0.014317939, 0.004987239, 0.008291692, 0.0011938406, -0.013657863, -0.008222424, 0.025832593, -0.009395893, -0.011971002, 0.028815158, 0.0088825, -0.014863927, 0.00066160364, 0.0023082278, -0.027886162, 0.026158556, 0.029271506, 0.0018712331, -0.004587934, -0.0037954354, -0.006221825, 0.007729405, -0.0014709095, 0.0079494305, -0.018368034, 0.0077416287, 0.001309965, -0.027429814, 0.0047060954, -0.015532152, -0.0018274318, 0.014350535, -0.0020209725, -0.010422677, 0.0063848062, 0.0023123024, -0.0056106434, -0.014252746, -0.01226437, -0.006299241, -0.0010797535, -0.008540239, -0.030461272, -0.0036324537, -0.0058795633, -0.010137459, 0.015442512, -0.018645102, -0.0011938406, -0.027511304, 0.017129373, 0.014415728, -0.011319076, -0.017194565, -0.023942005, -0.0046531265, 0.011628741, 0.01083828, 0.005667687, 0.0042701196, -0.024056092, 0.027837267, 5.0167793e-05, 0.015858116, 0.005093177, 0.00053070905, -0.0068574534, 0.013364496, -0.028847754, 0.008185754, 0.0009870577, 0.003430764, 0.00095802656, -0.020584583, 0.017976876, -0.01412236, 0.011286479, -0.0052031893, 0.0019160531, 0.028130634, -0.0112946285, -4.0777246e-05, -0.0056921346, 6.531999e-05, 0.013274856, -0.008197977, -0.0060099484, -0.017145671, -0.0049424185, -0.0082305735, -0.01625742, -0.01066715, 0.00012198158, -0.0072200876, 0.010976815, -0.0040154606, -0.008377257, -0.0041213986, 0.0035061429, 0.008087965, 0.0044534737, 0.021008335, -0.020128235, -0.0095914705, -0.035073653, 0.019737078, 0.010251546, -0.022051418, -0.004824257, -0.00041000074, 0.010650852, -0.005292829, -0.009909285, -0.027657988, 0.005186891, -0.01991636, -0.009787048, 0.00968111, -0.004449399, -0.0013344124, -0.011033858, -0.012851104, -0.0064988937, -0.0026056692, 0.037029434, 0.0044045793, -0.0006819764, 0.008719519, -0.0054354384, -0.0059895758, -0.01457056, -0.014456473, -0.0047142445, 0.0213343, 0.004164181, -0.020307515, -0.008499494, -0.0054517365, 0.033932783, -0.00541914, 0.0076112435, -0.017194565, 2.0802445e-05, 0.009216613, -0.024952492, -0.038757037, -0.0026953092, -0.010781237, 0.00906178, -0.014195702, -0.022621853, 0.0035407764, 0.0033248258, 0.01545881, -0.0062788683, 0.011799872, -0.0002531309, 0.012981489, 0.0052969037, -0.02905963, -0.013185216, 0.004050094, 0.014236447, -0.0016023134, -0.011490207, 0.013103725, 0.027054954, -0.01404087, 0.014643902, -0.016950093, -0.013511179, -0.002340824, 0.023159694, -0.01616778, 0.025033982, -0.013177067, 0.0067392914, 0.008393555, 0.01235401, -0.017927982, 0.01554845, 0.014684647, 0.022279592, 0.020812757, -0.012989638, 0.01831914, -0.008418002, -0.009795197, -0.0014760026, -0.003047757, -0.022361083, -0.0030090488, -0.019639289, -0.0025832593, 0.0031598068, -0.010341186, -0.0019028109, 0.00924106, -0.019671885, 0.009102525, -0.0006707714, -0.011123498, -0.028456597, 0.020666074, 0.00058826193, 0.015075804, -0.009697408, -0.009143271, -0.004184554, 0.0071385964, -0.009053631, 0.00026713713, -0.01430979, 0.0058591906, -0.026158556, -0.01750423, -0.013429688, -0.0069878385, -0.015695134, -0.006368508, 0.03147176, -0.004632754, -0.02772318, -0.00035270248, 0.0070408075, 0.009738154, 0.012427351, 0.01226437, -0.0060099484, 0.027234236, -0.0114168655, 0.010585658, 0.010577509, 0.012068791, -0.010601956, 0.014986163, -0.008369108, 0.01660783, 0.010789386, -0.0040358333, 0.029988624, -0.016469296, -0.0051379967, -0.026859377, -0.030885024, -0.005358022, -0.002573073, -0.0010283124, 0.0024956567, 0.0051054005, 0.003257596, 0.0067637386, -0.028733667, 0.011734679, -0.004111212, -0.001354785, 0.010031521, -0.017113075, 0.021529878, 0.010284143, 0.0073097274, -0.026500817, 0.00950998, 0.0065355645, 0.0069104224, 0.010251546, -0.00064072164, 0.008181679, -0.007321951, 0.014383132, -0.008393555, 0.041984074, -0.013429688, 0.037974726, -0.011319076, 0.006132185, -0.00021136683, -0.011547251, 0.010528615, -0.02061718, -0.0025954829, -0.012842955, 0.011587996, -0.015719581, 0.03347643, -0.0026240046, -0.0049098223, 0.005341724, -0.015475108, 0.01820505, -0.0075012306, -0.0023041533, -0.008931395, -0.013967528, -0.003950268, 0.031765126, -0.011628741, 0.018889574, -0.028195826, 0.02265445, -0.0037669137, -0.012419202, 0.00081898284, 0.02568591, 0.006722993, -0.009632216, 0.0059895758, 0.0019333699, -0.02069867, -0.011164243, -0.003019235, 0.021969927, -0.010618255, 0.0053824694, -0.0060832906, 0.002566961, 0.0029173717, -0.012598482, 0.018433226, 0.00019634196, 0.012166581, 0.0020301403, 0.012158432, -0.035301827, -0.026712693, -0.0061647813, -0.014643902, -0.02426797, -0.006156632, -0.03689905, -0.008340586, 0.0065355645, -0.0146602, -0.007969803, -0.019525202, 0.02708755, -0.0050687296, 0.006682248, -0.018905872, 0.0028032844, 0.018693997, 0.005011686, -0.0018844755, 0.019883763, -0.013291154, -0.0020861651, 0.011913959, 0.0017551087, 0.015043207, -0.007819045, 0.029727854, 0.015214338, -0.015059506, -0.012989638, 0.027788373, 0.009395893, 0.035138845, -0.008018698, -0.004302716, -0.0037017209, -0.0014505368, -0.0037587646, 0.0007685604, -0.005455811, -0.019525202, 0.000790461, 0.004494219, -0.009713707, -0.0057532527, -0.008026847, -0.018596208, 0.00029718687, -0.004125473, -0.02522956, 0.0018834568, -0.0011612443, 0.002858291, -0.022312189, 0.01412236, -0.007713107, -0.0050891023, 0.0036059693, -0.012150283, 0.0008795916, 0.0025710356, 0.0083446605, 0.016950093, -0.009575172, -0.0061647813, 0.01297334, 0.016037395, -0.002251184, 0.0136823105, -0.00453089, -0.0059488304, -0.0050768787, 0.026288942, 0.00086278416, 0.00058622466, -0.019378519, -0.02035641, -0.0143668335, -0.0053132023, -0.004027684, -0.015067655, 0.0056106434, 0.0052031893, 0.0052520838, -0.015230636, 0.009338849, 0.0022593332, -0.0073423237, -0.00019201277, 0.019785974, 0.0020270844, -0.034095764, -0.009827794, 0.0056106434, -0.010585658, -0.020780161, 0.033378642, 0.0038932243, 0.0052806055, 0.0168849, -0.008145008, -0.018335437, -0.0035774475, -0.0066252043, 0.005855116, -0.000771107, -0.011367971, 0.025376244, -0.005378395, 0.015320276, 0.0008643121, -0.025392542, 0.0047835116, -0.023127098, 0.013926783, -0.0013364496, 0.019036258, 0.0064377757, 0.027853565, 0.0036487519, -0.012720718, -0.010251546, -0.008947693, 0.002497694, 0.012133985, 0.006388881, -0.020046744, 0.014081615, -0.023534551, 0.005704358, -0.0018315064, -0.012166581, 0.016151482, -0.024512442, 0.020845354, 0.005969203, 0.019427413, 0.039865315, 0.011840617, 0.01936222, -0.007260833, -0.007207864, 0.01474984, 0.0021330225, 0.009086227, 0.0045431135, 0.017390143, 0.019688183, -0.0025751102, -0.0074849324, 0.0088825, -0.014831331, -0.023599744, -0.018253945, 0.0039706407, -0.007766076, 0.028994437, -0.02648452, -0.017699808, -0.0006239142, -0.005032059, 0.019932657, -0.0057777, 0.005855116, -0.021709157, 0.007171193, 0.011367971, -0.0034348385, -0.012924446, -0.0038708143, 0.002858291, -0.028049143, -0.002701421, -0.023159694, 0.012052493, -0.00062340486, -0.004294567, 0.008295766, 0.004869077, -0.026337836, -0.008250946, -0.011433164, 0.0030273844, -0.0039298953, 0.012688122, -0.016412253, 0.0065274155, -0.008646177, 0.02522956, -0.026060767, 0.0012692197, 0.006833006, 1.2374828e-06, -0.0008174549, -0.011367971, -0.021024633, 0.03803992, -0.0052969037, -0.00057654764, -0.0037241308, -0.008393555, -0.0055739726, 0.010153757, 0.010797535, 0.01884068, 0.0048120334, 0.01092792, -0.010944218, 0.010292292, -0.00085412577, -0.017406441, 0.008499494, 0.0073626963, 0.0067311423, 0.0002246091, -0.02444725, 0.0222144, -0.013462285, -0.013217812, -0.0093307, 0.027853565, 0.008079816, 0.013812696, -0.015059506, -0.022524064, 0.019785974, -0.01217473, -0.0044982936, -0.0016023134, 0.0032107388, 0.007452336, 0.0064744465, 0.0031699932, -0.0011724493, 0.0022022896, -0.0145950075, -0.013437837, -0.0008607469, -0.010096714, 0.002340824, 0.005276531, -0.0063929553, -0.014717244, -0.0098196445, -0.0031516578, 0.005101326, 0.0156136425, 0.033606816, 0.002031159, -0.015043207, 0.0032025895, 0.013698609, -0.006767813, 0.027739478, 0.016550787, 0.0045920084, 0.0064581484, 0.0204379, 0.014350535, 0.01030859, 0.011433164, 0.006376657, -0.0140245715, 0.007546051, 0.013869739, -0.0061199614, -0.00261993, -0.0056921346, 0.01075679, -0.025311051, 0.009713707, -0.00044259705, -0.031308778, 0.012712569, 0.004229374, 0.007191566, 0.0036854227, 0.0018661399, 0.0038769261, 0.013543775, 0.0099418815, 0.0039686034, 0.0020647738, -0.0069633913, -0.014285342, -0.020209726, -0.00950998, 0.00550878, -0.00062340486, 0.0045675607, 0.0137963975, -0.005863265, -0.0063196137, 0.014154957, -0.00077925605, -0.007851642, 0.009404042, 0.047949202, 0.0102759935, -0.003123136, 0.013584522, 0.0074238144, 0.0044371756, -0.010512317, -0.01892217, 0.003966566, 0.011759127, 0.020323813, 0.0015574935, -0.0075501255, 0.018856978, -0.017145671, 0.0039991625, 0.015964054, -0.019557798, 0.0025343648, -0.0066415025, 0.008169455, 0.008393555, -0.018710295, 0.0055821217, -0.0037506153, 0.0045512626, -0.019329624, 0.02285003, -0.00049709406, 0.017227162, -0.0083446605, 0.0066048317, 0.0015452699, -0.004221225, -0.001452574, -0.0008419021, 0.016012948, 0.021904735, 0.010601956, 0.006507043, -0.0031822168, 0.029271506, -0.0065274155, -0.0025160294, 0.0027808745, 0.031031707, 0.0042171506, -0.010080416, -0.0022328487, -0.01172653, -0.02293152, 0.005561749, -0.012378457, -0.023404166, 0.003145546, 0.009029184, 0.0015085989, 0.017129373, 0.02159507, 0.00022384513, -0.019948956, 0.031748828, 0.003047757, -0.01698269, 0.013046682, -0.0045675607, 0.008132785, 0.003491882, -0.0032800059, 0.0018253946, 0.02888035, 0.00077874673, -0.0091351215, 0.0074075162, -0.02275224, -0.01750423, -0.0014179404, 0.013274856, -0.014676498, -0.01999785, -0.01716197, 0.0047916607, 0.025294753, 0.012745165, 0.0014780399, -0.026940867, 0.010104863, -0.0112946285, -0.004681648, -0.007941281, 0.008303915, 0.003011086, -0.0132259615, 0.008214275, -0.006054769, 0.04283158, -0.023045607, -0.015719581, 0.006547788, 0.0003812243, -0.004241598, 0.009118823, -0.031162092, 0.016632278, -0.0017316801, -0.00741974, -0.0063929553, -0.023795322, 0.0017225124, -0.016648576, -0.0008694053, -0.0078068213, -0.016640427, 0.009925583, -0.0068289316, -0.019166643, 0.00054293266, -0.0040847277, 0.0078353435, 0.008340586, 0.014423877, -0.016836004, 0.002025047, 0.00959962, 0.0027564273, -0.013348198, -0.0012936669, -0.0045268154, -0.022915222, 0.019883763, 0.008271319, -0.016754514, 0.009974478, -0.0020851465, 0.022002524, 0.011808021, -0.013527477, -0.011718381, 0.008947693, 0.0011042007, -0.0021472834, -0.0050768787, -0.0065437136, 0.011164243, -0.0036854227, 0.004746841, -0.008108337, 0.020046744, -0.012500693, 0.0023143396, -0.0053213513, -0.005178742, 0.011066454, 0.019068854, 0.009404042, 0.00024039795, 0.011400567, -0.005586196, 0.024805808, -0.00032392604, 0.0018865127, 0.0026891974, -0.0059325323, -0.0018345623, -0.0074645597, -0.0048527787, 0.012924446, 0.021839542, 0.0017082515, -0.00448607, 0.016819706, -0.0005678892, 0.021171317, -0.00041738583, 0.0019017922, 0.0046694246, 0.0012447725, 0.0023204514, 0.0072404603, -0.0033289003, -0.017520528, 0.0052113384, 0.0065111173, -0.0050279843, 0.01642855, 0.0033289003, -0.004213076, 9.027656e-05, -2.1677834e-05, -0.00078791444, 0.01306298, 0.00019443202, -0.0040011997, 0.0022185878, -0.0023000787, -0.009249209, 0.010650852, 0.0024854704, -0.0112946285, -0.013780099, -0.014146808, 0.006759664, 0.0108464295, -0.0027421664, 0.0039095227, 0.017015286, 0.011604294, 0.004763139, 0.0049098223, -0.025164368, -0.0028195826, 0.0066578006, -0.012182879, 0.01306298, 0.0010726231, 0.003966566, -0.011262032, -0.003553, 0.012003599, -0.028098037, -0.010683448, 0.0021106126, 0.008735817, -0.028847754, -0.023974601, 0.029809345, 0.0021554325, 0.014684647, -0.014529815, -0.010349335, -0.00080981513, 0.008898798, 0.008548388, -0.012296966, -0.013991975, -0.0032168506, 0.01991636, 0.008931395, 0.008369108, 0.027706882, 0.0049546426, 0.0008082872, 0.00066669687, -0.01563809, -0.019948956, 0.013429688, -0.0010471571, -0.0040378706, -0.008613581, -0.0070489566, -0.021627666, -0.005830669, -0.014652051, -0.0039034106, 0.0012131947, 0.0033961304, -0.012671824, -0.009477383, -0.0028562536, -0.0076479143, -0.009518129, -0.0006106719, 0.013633416, 0.0364101, 0.0006942, -0.0031109124, 0.00032214343, 0.00044718094, 0.010593807, -0.005757327, 0.0031210987, 0.014603157, -0.010789386, 0.023681235, -0.005492482, 0.015524003, 0.008605432, 0.01670562, -0.008988438, -0.024137583, 0.008662475, -0.0068981987, 0.014000124, 0.010984964, -0.010072267, -0.006938944, -0.0026301164, -0.008426152, 0.0073504727, -0.003695609, -0.00091728114, 0.015768476, 0.0017948356, -0.009803346, 0.009037333, -0.013201514, 0.0026728993, 0.017406441, -0.010496018, 0.0068044844, -0.00393397, 0.014725393, -0.007244535, 0.0049179713, 0.006539639, -0.0025832593, 0.024202777, 0.00093612587, 0.0035835593, 0.003612081, -0.01616778, 0.019965254, -0.030102713, -0.0008760264, 0.021806946, 0.02764169, 0.0076193926, 0.018286541, 0.0059284577, -0.007028584, 0.014203851, 0.016656725, 0.022687046, 0.013625267, -0.012590333, 0.0029316326, 0.008328362, -0.007268982, 0.005500631, 0.0072975038, 0.03448692, -0.00042655357, 0.0055495254, -0.011547251, 0.036116734, -0.0037893236, 0.011791723, -0.014578709, 0.0012987601, 0.041886285, 0.0013884, -0.016933795, 0.005871414, -0.01981857, -0.011335374, -0.011693934, 0.0043393867, -0.007224162, -0.007053031, 0.026191153, 0.009428489, 0.011498356, -0.01137612, 0.028146932, -0.0015585121, 0.033183064, -0.010447124, 0.013633416, -0.00648667, 0.004221225, 0.008523941, -0.009550725, 0.0093307, 0.029206313, 0.010830131, -0.007696809, -0.03215628, -0.008377257, 0.019492606, 0.004117324, -0.01625742, -0.0041682557, -7.066783e-06, -0.006861528, 0.017373845, 0.011408716, -0.019606693, -0.0063318373, -0.004229374, -0.040484644, 0.0041275104, -0.0027299428, 0.0033248258, 0.016387805, 0.015491406, -0.0013934931, -0.009224762, 0.007293429, -0.016029246, -0.012826657, -0.017080478, 0.014912821, 0.009053631, 0.014880225, 0.006494819, -0.017976876, 0.0013323751, 0.0017133447, -0.0009585359, -0.025604418, 0.0076193926, 0.020421602, -0.02470802, 0.016966391, 0.037127223, 0.0040684296, 0.0061444086, -0.026256345, -0.0054884073, -0.0072486093, -0.016966391, 0.06157447, 0.007199715, 0.016632278, 0.016135184, 0.012036195, -0.0035346646, 0.025294753, 0.0012070829, -0.005944756, -0.014790585, -0.00915957, 0.0038361808, -0.00082815054, 0.012337712, -0.006682248, 0.022442574, -0.012459948, -0.005207264, -0.013592671, 0.013046682, 0.0031924031, -0.038170304, 0.0029988624, 0.003326863, -0.006947093, 0.0038932243, -0.011327225, 0.006975615, -0.019378519, 0.009387744, 0.013869739, -0.0039543426, -0.007570498, -0.013657863, -0.013731205, 0.018824382, -0.010422677, -0.011482058, 0.0046286792, -0.005223562, -0.017993174, 0.0118650645, -0.0017530714, 0.010699746, -0.0017479783, -0.016933795, -0.0016074067, 0.0030436825, -0.007338249, 0.023241185, 0.009713707, 0.0008913059, -0.007171193, -0.002055606, 0.016738215, -6.991181e-06, -0.016355209, 0.024561336, 0.0005587215, -0.0076642125, 0.018710295, 0.006674099, 0.012093239, -0.020470496, 0.009412191, 0.0060180975, -0.0010848467, 0.0018651213, 0.015662538, -0.0128918495, -0.02604447, 0.00075429946, 0.010316739, -0.018808084, 0.022279592, -0.011066454, -0.018824382, -0.0041376967, -0.018710295, -0.00879286, -0.0067555895, 0.0049464935, 0.010699746, -0.02285003, 0.010512317, -0.014130509, 0.05173038, -0.0074319635, -0.022540363, 0.026843078, 0.015809221, 0.010626405, -0.00047621204, -0.010227099, -0.018856978, 0.0088825, -0.017292354, -0.011050156, -0.0056839855, 0.004693872, 0.021122422, 0.004274194, -0.019785974, -0.0050524315, 0.0012773687, -0.011971002, 0.00041713117, 0.0026973465, -0.011204989, -0.011987301, -0.013128173, 0.0037383917, 0.006124036, -0.011539102, 0.024871001, 0.010748641, -0.029825643, -0.00044208774, -0.009216613, 0.03153695, -0.018693997, -0.013763801, -0.021921033, 0.013388943, 0.031129496, -0.014676498, 0.004807959, 0.00038886405, -0.009998925, 0.013959379, 0.018612506, -0.014586858, 0.013470434, -0.012052493, 0.014505368, -0.0076112435, 0.007615318, 0.0130059365, -0.015572897, -0.01875919, 0.008030921, -0.0054272893, -0.0038402553, 0.015475108, 0.0038504417, 0.022915222, 0.020503093, -0.009379595, -0.007969803, -0.00018819288, -0.0328571, -0.0048650024, 0.013462285, -0.0022613704, -0.02061718, -0.016412253, 0.011596145, 0.02079646, -0.008629879, -0.009917434, -0.021399492, -0.0081776045, 0.017031584, -0.0024793586, 0.0006758646, -0.015140996, -0.0017948356, 0.009990776, -0.0024773213, -0.0034592857, -0.010634554, -0.023974601, -0.0126555255, -0.0019252208, -0.0028766263, -0.007847567, 0.016379656, 0.03367201, 0.019965254, 0.008980289, 0.015246934, -0.016102588, -0.012590333, -0.018596208, 0.0074156653, -0.004274194, 0.017911684, 0.014863927, -0.004539039, 0.0050157607, 0.018954767, -0.014154957, -0.008055368, -0.020111937, 0.0067718877, 0.011930257, -0.012826657, 0.01972078, -0.005830669, -0.0128918495, -0.012948893, 0.00728528, 0.026468221, -0.006368508, 0.023485657, -0.017227162, 0.0018416927, 0.0019180904, 0.021024633, 0.018188752, 0.013820845, -0.00662113, 0.009444787, 0.009232911, -0.02834251, -0.0031781422, 0.0045064427, -0.016803408, 0.0117509775, 0.02123651, -0.003972678, -0.014203851, 0.015434363, -0.006959317, 0.011514654, -0.003416503, -0.032302964, 0.011775425, 0.014725393, -0.0112946285, 0.025213262, 0.0013242259, -0.00812871, -0.022312189, 0.019785974, -0.024219075, 0.0092573585, 0.0095914705, 0.0021880288, 0.011115349, -0.012834806, 0.014513517, -0.005802147, -0.009762601, -0.008197977, 0.0054965564, -0.015882563, 0.00078842376, 0.006062918, 0.0049464935, 0.013185216, -0.014464622, -0.005667687, -0.022246996, 0.005810296, 0.013217812, -0.0013058905, -0.037127223, 0.011677636, -0.0022593332, -0.013071129, -0.001580922, -0.002972378, 0.004632754, 0.0005220506, -0.00033614968, 0.0007777281, -0.005586196, 0.026549712, 0.014220149, -0.0057614017, -0.016933795, 0.0036854227, 0.002461023, -0.0018620654, -0.0030375707, -0.017830193, -0.011889512, -0.0075338273, 0.0056187925, -0.0119791515, 0.01607814, -0.0060832906, 0.00064988935, -0.018270243, -0.019834869, -0.0003921746, 0.021692859, 0.015255083, 0.014301641]"
休暇,fromCluster,0.1185,27.0,1.2827,"[-0.008645167, -0.012724224, -0.0025627287, 0.018233996, 0.032114968, -0.019512506, -0.014626769, 0.049222656, -0.0089343535, -0.017488198, -0.0070051723, 0.01047161, -0.027457535, -0.029010013, 0.0025341904, -0.02304363, -0.03515904, -0.0029032843, 0.00029370544, -0.012008867, 0.013865751, -0.025707195, 0.0039572944, 0.02802069, 0.017518638, 0.019756032, 0.0022944699, 0.029984117, -0.011986036, 0.005201559, 0.0086527765, 0.032419376, -0.0050036944, 0.041551594, -0.0037898705, 0.013911412, 0.028142452, 0.008941963, -0.011491374, -0.023332817, -0.040029556, -0.050988216, -0.012663342, -0.0142995315, 0.023378478, -0.005155898, -0.040242642, -0.009444236, 0.0132493265, 0.012130629, -0.001395517, 0.02342414, -0.007256308, 0.070439845, 0.0043339985, 0.028568622, 0.034063175, 0.0038184086, -0.029497065, -0.03232805, -0.06648255, 0.0067274007, -0.027000925, 0.010737967, 0.0061414167, 0.01381248, -0.028096791, -0.022571798, -0.010197643, 0.028264215, -0.014390854, -0.016240127, -0.00019322727, 0.06276878, 0.012716614, -0.028644724, 0.0058712554, 0.022008646, 0.02512882, 0.001025472, -0.030212421, 0.0052205846, -9.922963e-05, 0.00073343125, -0.03217585, -0.01963427, 0.023256715, -0.058841925, 0.0003443607, -0.01967993, 0.009025675, -0.014915956, -0.03476331, -0.04152115, 0.033606563, 0.022465257, -0.011932765, -0.0032552553, 0.038781486, -0.014071226, 0.022937087, -0.025341906, 0.0011377222, -0.031095203, 0.040425286, 0.019040674, 0.0027567884, -0.023363259, -0.006438214, -0.038324874, -0.032449815, 0.0057076365, 0.04234305, -0.03689416, 0.0040333965, -0.025859397, -0.020303965, 0.0076862834, -0.01963427, -0.02015176, 0.025722414, 0.0080439625, 0.023515461, -0.053819206, 0.026011601, 0.014794193, 0.016240127, 0.015357347, -0.010494441, 0.004779194, 0.018705826, 0.0069785365, 0.0037575273, 0.015364957, -0.0048933467, -0.0035558573, 0.01759474, 0.048339874, -0.03719857, -0.018523183, -0.031993203, 0.03263246, -0.035737414, -0.035889618, -0.0010739869, -0.058933247, 0.017062027, -0.0019615244, -0.010776018, 0.04310407, 0.025037497, 0.024641769, 0.014109277, 0.013508073, 0.0050531607, -0.012054528, -0.016574975, 0.019405963, -0.00094508944, -0.006282205, -0.0067730616, -0.011559866, 0.0060538994, 0.025067938, 0.0040410063, -0.021125864, 0.002661661, -0.048400756, -0.0054907463, 0.028583843, -0.057015482, -0.0034055563, -0.021552036, -0.031293068, 0.008264657, 0.019238539, 0.052540693, 0.052814662, 0.0065105106, 0.038811926, -0.019055896, 0.050440285, -0.006617053, -0.03643755, 0.008264657, -0.002319203, 0.011788172, -0.019786473, -0.015661754, -0.037563857, -0.04006, -0.029360082, 0.028979572, -0.029573167, 0.024535226, -0.014596329, -0.01508338, 0.05604138, 0.042038646, -0.03893369, -0.02340892, -0.015616093, -0.0072486983, 0.01887325, 0.010509661, 0.0012366546, 0.027929367, 0.009702981, 0.0070432234, -0.020988882, 0.017244672, -0.019786473, 0.037868265, -0.027168348, 0.009733423, 0.005779933, -0.03097344, 0.013683107, -0.01129351, -0.011674019, 0.015829178, 0.0016295302, -0.013903802, 0.013683107, 0.006666519, 0.03427626, 0.024063395, 0.027853265, -0.004223651, 0.0138277, 0.025615871, -0.018477522, -0.014992058, 0.00037575272, -0.00042688363, -0.025478888, 0.012868817, -0.014147328, 0.031841, -0.04645255, -0.0120393075, 0.033363037, -0.023652446, 0.0112326285, 0.0017864902, 0.011126086, -0.020121321, 0.058811486, 0.018553624, 0.009588829, -0.014748532, -0.0010102516, -0.012229562, -0.011057594, 0.0072639184, 0.024139497, 0.035250362, 6.7369433e-06, -0.04359112, 0.03683328, -0.030395066, 0.011240238, -0.01590528, -0.034063175, 0.019725591, -0.005376593, 0.0035634676, 0.020166982, -0.02767062, -0.026574755, -0.004969449, 0.014482176, 0.04191688, -0.0027739112, -0.04112542, 0.024200378, -0.038233552, -0.027031366, 0.05144483, 0.03479375, 0.028583843, -0.025433227, -0.01340153, -0.0031506151, 0.011955596, -0.001192896, -0.013447192, 0.024626547, 0.022967529, -0.0025684363, -0.017412096, -0.00838642, 0.043347597, 0.009048506, 0.0019453528, -0.0027643985, -0.01296014, 0.017762164, 0.008127674, -0.05114042, -0.04566109, 0.036863722, 0.0030364625, -0.028507741, 0.019405963, -0.007674868, 0.004227456, 0.040090438, -0.009565999, 0.020836677, 0.019405963, 0.018949352, 0.008287488, 0.0033313571, -0.008645167, 0.014162548, -0.02680306, 0.003411264, -0.023439359, -0.03643755, -0.014771363, 0.0028861614, -0.010273745, -0.04097322, -0.00074912724, 0.008150505, -0.023667665, -0.015014889, 0.024322141, 0.03518948, -0.009756253, -0.052510254, 0.025418008, -0.040638372, -0.005989213, -0.010730356, 0.030851677, -0.0072258674, 0.005388009, -0.009292032, -0.018355759, 0.021658577, 0.036346227, 0.029892795, 0.011460934, 0.015859619, 0.06544756, -0.019999558, 0.006491485, 0.0035729804, 0.000473496, -0.049740147, 0.037411653, 0.000115044546, 0.021917323, -0.01172729, -0.01803613, 0.0005517382, 0.03975559, -0.012488308, 0.025889838, -0.009421405, -0.0019444014, -0.0035292218, 0.04386509, 0.011582697, -0.012313274, -0.013363479, -0.005197754, 0.033484798, -0.04325627, -0.036254905, 0.0038697773, -0.016437992, -0.06115542, -0.04060793, -0.04566109, -0.023622004, 0.0032038866, -0.011483764, -0.00774336, 0.008843031, 0.029146995, 0.007998301, -0.0046726516, -0.0049352027, -0.021612916, -0.039542504, 0.0021460713, -0.0022906647, 0.011483764, -0.016925044, 0.026955264, -0.028964352, -0.026879162, 0.020714914, 0.008310319, -0.0021289485, 0.009657321, 0.0152660245, -0.03601138, 0.016833723, 0.013363479, -0.011658799, 0.001339392, -0.001789344, 0.00461177, -0.001391712, 0.003160128, 0.015212754, 0.006072925, 0.010852119, 0.009527948, -0.0017313163, -0.02007566, 0.02882737, 0.04651343, 0.012952529, -0.0028005468, -0.028218554, -0.00019655672, 0.008424471, -0.007705309, 0.03467199, 0.006206103, -0.0049466183, -0.050501168, -0.005353763, 0.0023211055, -0.013279767, -0.023606785, 0.030501608, 0.009855186, 0.039938234, 0.024520006, -0.0056391447, 0.008637556, -0.0073514357, 0.018690607, 0.034915514, -0.034184936, -0.053027745, 0.011833833, -0.05610226, 0.019192878, 0.03308907, 0.0008190458, -0.002947043, 0.020654034, 0.0040752525, -0.010836899, 0.01716857, -0.009063726, -0.02053227, 0.005536407, -0.022084748, -0.030075438, -0.010327017, -0.017457757, 0.01881237, 0.028325096, 0.04182556, 0.035250362, -0.03728989, 0.03467199, 0.0063811373, -0.03646799, 0.022069527, 0.012648122, 0.0016124073, 0.001496352, -0.01546389, -0.013667886, 0.00042046254, -0.023774209, -0.011164136, -0.036863722, -0.029375302, -0.032054085, -0.021064984, 0.008599506, -0.020471388, 0.00043235344, 0.018644946, -0.005604899, 0.04231261, 0.04069925, -0.012998191, 0.03771606, 0.052297167, 0.04027308, 0.0020052828, 0.02759452, 0.013119954, -0.0019092043, -0.06295142, 0.010281355, -0.010836899, -0.0018635433, -0.01506055, -0.00250375, -0.0042008203, 0.021871662, 0.0012889745, -0.051992763, -0.0316888, -0.0117349, -0.004904762, 0.006114781, -0.005776128, 0.015395397, 0.020425728, -0.0012109702, 0.000570288, -0.0098627955, 0.010684695, -0.004699287, -0.012785105, 0.0030060217, 0.02094322, -0.027457535, 0.011339171, -0.008074403, -0.005783738, 0.0026692713, 0.0031372975, 0.0026597586, 0.005524992, 0.029573167, -0.024839634, 0.03628535, 0.0040105656, -0.0021422661, 0.04523492, 0.022860985, -0.0039040232, -0.018781928, 0.017731724, 0.00057504437, 0.0044177105, -0.0393903, -0.002340131, 0.0149844475, -0.0023991098, -0.002469504, -0.011057594, 0.018964574, 0.015273634, -0.017960029, 0.0063050357, 0.028781708, -0.0025969746, 0.010989103, 0.0073704612, 0.034580667, -0.012594851, -0.025783297, 0.045508888, 0.014626769, -0.020836677, 0.019649489, 0.00481344, 0.05604138, 0.010555322, -0.020410508, -0.0015562822, 0.0020414311, 0.027685842, 0.0031525178, 0.003540637, -0.0034512174, 0.003285696, -0.008523404, -0.027838046, 0.007035613, 0.0038450444, -0.039846912, -0.02044095, 0.010844509, -0.028949132, 0.011681629, 0.021080203, 0.0047068973, 0.05665019, 0.004147549, -0.0032780857, 0.011795782, -0.018918911, -0.061885998, 0.024367802, -0.03762474, 0.04276922, -0.011483764, 0.013363479, 0.051475268, 0.012214342, 0.0075721308, 0.012693783, -0.029101335, 0.007823267, 0.0037993833, 0.022784885, -0.023606785, 0.009680151, 0.009961728, 0.02515926, 0.045539327, -0.0052852714, -0.024306921, 0.035402566, 0.011811002, 0.012031698, 0.01546389, -0.022876207, 0.050348964, 0.027442316, 0.0023001775, 0.05865928, -0.022541359, 0.028096791, 0.02132373, 0.004147549, 0.0028214748, 0.006042484, -0.010311796, -0.0072753336, -0.030318964, -0.0026502458, 0.015007279, 0.029968895, -0.016498875, -0.0002763447, 0.014885516, -0.015676975, 0.02261746, -0.0010854022, 0.002783424, -0.0023972073, 0.0075188596, 0.038172673, -0.010585763, 0.0019748423, 0.036133144, 0.018629724, -0.016437992, -0.020060439, 0.015220364, -0.0050075, -0.0046612364, 0.01722945, 0.0072715287, 0.022739222, 0.026894383, 0.03345436, 0.0026863941, -0.0016418967, -0.029938456, -0.0048286603, -0.019299421, -0.0016751912, 0.012008867, -0.031993203, -0.0062936204, 0.01589006, -0.00836359, 0.021049762, -0.022495698, 0.010372678, 0.010311796, 0.0033827259, 0.030729914, -0.01675762, -0.0029356277, 0.023743767, -0.0075036394, -0.01301341, 0.023180613, -0.023667665, 0.0034455098, 0.01170446, -0.0067996974, -0.026650857, -0.00091227057, -0.008287488, 0.017975248, -0.0064267986, 0.006152832, 0.014725702, 0.0029527505, -0.028796928, -0.029923234, 0.0010483025, -0.018736267, -0.040547047, -0.011438103, 0.016559755, 0.0030269497, 0.027564079, -0.041308068, 0.014634379, -0.036041822, -0.036772396, -0.012008867, 0.03975559, 0.030608151, 0.01630101, -0.008736488, -0.0025075548, -0.030882118, -0.041612472, 0.0070850793, 0.0043872697, -0.023134952, 0.010600983, 0.031232186, 0.023530683, 0.01132395, -0.014223429, 0.0152660245, 0.02684872, 0.02725967, -0.013637446, -0.03567653, -0.0149844475, 0.020319186, -0.028918691, 0.028035909, 0.01172729, -0.0029812886, 0.011590307, 0.011194577, 0.00796786, 0.0051749237, -0.000256368, 0.010228084, -0.011970816, 0.008629946, -0.008713658, -0.0030060217, -0.010920611, 0.0026673686, -0.01339392, -0.022526138, -0.03051683, -0.010517271, -0.028599063, -0.01007588, -0.022724003, -0.01922332, 0.027487976, -0.007035613, 0.008310319, 0.011909935, -0.03725945, -0.01925376, 0.025615871, -0.041582033, 0.0053347372, 0.010365068, -0.016620638, 0.0016437992, 0.033637002, 0.03308907, -0.009999779, 0.0022925672, -0.02975581, 0.037776943, 0.018112233, 0.0138277, -5.449009e-05, -0.027168348, -0.02261746, -0.00043639637, 0.010913, 0.002246906, 0.013173224, -0.039633825, 0.0032552553, 0.013949463, 0.030197201, 0.0012718516, -0.02971015, -0.00439488, -0.018218774, -0.018888472, -0.0045090327, -0.040120877, -0.0017674647, 0.022663122, 0.012769885, 0.011088035, -0.0020224059, 0.024002513, 0.027990248, -0.024504784, -0.022115188, -0.0076025715, -0.032449815, 0.010661865, -0.0377465, 0.029010013, 0.0022240756, 0.019603828, 0.0027187373, -0.0029108946, 0.025204921, 0.035828736, -0.02602682, 0.008683218, 0.014002735, 0.0034721454, 0.013546123, 0.03607226, -0.010380288, 5.9008635e-06, -0.009406185, -0.0075721308, -0.042799663, 0.010966272, 0.013979904, 0.008957184, -0.0017256087, 0.030060219, -0.008515794, 0.00013650763, -0.011369611, -0.014322362, 0.033606563, 0.003314234, 0.009185489, -0.018781928, -0.012062138, -0.018355759, 0.01671196, -0.00044567126, 0.0030916363, -0.04684828, 0.009733423, -0.025768075, 0.015722636, 0.0019120582, 0.0005446036, -0.021628136, 0.03178012, -0.018310098, 0.001119648, -0.055858735, 0.0076976987, -0.017549079, 0.0133710895, 0.029679708, -0.002427648, 0.0017027782, 0.013447192, -0.03397185, -0.021962985, 0.0044595664, -0.021019323, 0.0051635085, -0.015616093, 0.0025494108, 0.0018464203, -0.006742621, -0.018949352, 0.025859397, 0.003536832, -0.0075036394, -0.05406273, -0.017731724, -0.003763235, -0.02053227, -0.013705937, 0.011689239, 0.015874838, 0.0048933467, 0.005190144, 0.031932324, -0.013987514, -0.00036457527, 0.007674868, -0.06611726, 0.0096421, -0.04006, -0.007256308, 0.015227973, -0.020623593, -0.0147409225, 0.00836359, -0.025631092, -0.006917655, 0.0015829178, 0.0026654662, 0.02213041, -0.032145407, 0.02007566, 0.00963449, -0.038903248, 0.0051254574, -0.020258304, 0.021262849, -0.014794193, -0.01464199, -0.001234752, 0.008394031, -0.029360082, -0.0031106619, 0.018279657, -0.008576674, -0.015783517, 0.0015401106, -0.010966272, -0.02802069, 0.028553402, 0.024215598, 0.0053727883, 0.034306698, -0.0064990954, -0.022830546, 0.009322473, -0.0064306036, 0.0056163142, -0.0136526665, -0.023348037, 0.021034542, 0.018386198, -0.020243084, 0.008629946, 0.008576674, 0.034428462, -0.0037651374, -0.013934243, 0.024124276, 0.042677898, 0.019466845, 0.014839854, 0.01130112, -0.040090438, -0.017457757, 0.0060386793, 0.019725591, 0.018340537, 0.026818281, -0.01593572, -0.0018968378, -0.003118272, -0.03433714, -0.01803613, -0.0057571023, -0.024520006, -0.02003, -0.053849645, 0.0031449075, -0.0016295302, -0.0077357497, 0.05235805, 0.0006406822, -0.050014116, -0.012663342, 0.0063468916, 0.0152660245, -0.003533027, 0.009527948, -0.0049313977, 0.008485353, 0.011567476, -0.06392553, 0.0075226645, 0.018721048, 0.025661534, 0.04773106, 0.024626547, -0.012922089, 0.029101335, 0.019055896, -0.039146774, -0.011278289, 0.008287488, 0.016011823, -0.03762474, -0.015174703, 0.008104844, 0.03220629, 0.010258525, -0.008439692, 0.00879737, 0.00079478836, -0.027077027, 0.011042374, -0.010623814, 0.0010787433, 0.004136134, -0.017381655, 0.00922354, -0.031201744, -0.014132108, 0.03141483, -0.006868189, 0.0005564945, -0.01631623, 0.0030954415, -0.027320553, -0.03607226, 0.0069480957, -0.004143744, 0.014352803, -0.02724445, -0.022465257, 0.026194246, 0.0030516828, -0.012693783, 0.011468544, 0.011118475, 0.0066893497, -0.009421405, 0.0393903, 0.01757952, 0.005570653, 0.03640711, 0.0031087592, 0.028142452, -0.026544314, -0.027503196, -0.028233774, -0.01214585, 0.01590528, 0.0159205, -0.014558278, 0.016072704, 0.0031315899, -0.003369408, 0.019390743, 0.011826223, 0.011156526, -0.0033370648, -0.013447192, -0.012100189, -0.008728879, 0.007937419, 0.008264657, 0.029831912, -0.0065561715, 0.018781928, -0.0112326285, 0.0008452058, -0.006693155, 0.022328272, 0.00048324655, 0.012100189, 0.051779676, -0.006400163, 0.05065337, -0.006282205, 0.0016761426, 0.0021213382, 0.0005564945, 0.0070280028, -0.026620416, -0.0003809847, 0.019801693, -0.016148806, -0.0077243345, 0.00878976, -0.022099968, -0.030729914, -0.01301341, -0.0034245818, -0.017670842, -0.01130873, -0.0046612364, -0.0007457978, -0.023302376, 0.0092159305, 0.01840142, -0.0016333353, 0.015966162, -0.019497287, -0.021125864, -0.0033979462, 0.00796025, 0.0067958925, -0.019923456, 0.020273523, -0.02009088, -0.001224288, 0.012077359, -0.001646653, 0.020851899, -0.02553977, -0.027548857, 0.0251136, -0.00923115, 0.009649711, -0.011148917, 0.009779084, 0.006320256, -0.004737338, 0.009269201, -0.019984337, -0.002724445, 0.0369246, 0.0042160405, 0.0023934022, -0.018751487, 0.034398023, -0.0128079355, -0.0034169715, 0.0047868043, 0.011202187, -0.025798516, 0.012389376, -0.000544128, -0.014550667, -0.015129041, 0.034945954, 0.030958219, 0.0018730559, -0.006031069, 0.013538513, -0.0070546386, 0.011247849, -0.028659945, 0.0028481106, 0.0018568843, -0.012533969, -0.018386198, -0.022541359, 0.0018273949, 0.003934464, 0.008835421, -0.0042959475, -0.017199012, -0.007488419, -0.016224908, -0.007575936, 0.0065257307, 0.0030650008, -0.004113303, -0.007252503, 0.0068263332, -0.01932986, 0.008508183, -0.013607005, 0.016818501, 0.009794304, 0.026544314, -0.00057552, 0.015456279, -0.0073590456, -0.00016540254, -0.0058598397, 0.015616093, 0.0066741295, -0.021019323, -0.007374266, -0.02091278, -0.0242917, -0.00795264, 9.524618e-05, -0.03220629, 0.00031201745, -0.03178012, -0.03506772, 0.042677898, -0.0014525935, -0.017396875, -0.003934464, -0.032815102, -0.021826, -0.00482105, 0.019314641, 0.014360413, 0.035219923, 0.020867119, -0.022526138, -0.019893015, 0.009870405, -0.0062784, 0.0018045644, 0.012488308, 0.032967307, 0.02044095, -0.017564299, 0.008515794, -0.036194023, -0.0024809192, 0.019786473, 0.011628358, -0.011909935, 0.03015154, -0.01132395, -0.008980014, 0.0048020245, -0.0226479, 0.019999558, 0.00028443054, 0.02345458, 0.022465257, 0.006164247, 0.014269091, 0.019801693, 0.016468434, 0.041612472, 0.0069480957, 0.009086557, -0.017716503, 0.0019691344, -0.0040828623, 0.0041247187, -0.0023363258, 0.0004580378, 0.013340648, -0.011384832, 0.00387929, 0.015981382, 0.01805135, -0.013492852, 0.0053461525, -0.032784663, 0.022678342, -0.011133696, -0.0021365585, -0.016985925, 0.02637689, -0.0042046253, -0.004980864, 0.019527726, 0.012435037, -0.006518121, -0.023987293, -0.014938787, -0.020471388, 0.0045546936, 0.0060462896, 0.0058065685, 0.020045219, 0.0069595114, -0.026498653, -0.015022499, 0.024367802, -0.020395286, -0.0073590456, 0.011651188, -0.02805113, 0.009954118, 0.013599395, -0.014748532, -0.0041665747, -0.0033294545, 0.0006925265, -0.03138439, 0.038081348, -0.013439581, -0.030851677, 0.015334516, -0.0064572394, -0.017960029, -0.014284311, 0.02473309, 0.008698437, -0.0067274007, 0.003247645, 0.033271715, -0.023911191, 0.017290333, -0.023591563, 0.029010013, 0.011894714, 0.009756253, -0.015403008, 0.00088087854, 0.0074237324, -0.023089292, 0.0084092505, -0.022510918, 0.005353763, -0.016529314, 0.024900515, 0.0031372975, -0.0029413353, -0.004463372, -0.023515461, -0.006168052, -0.010852119, 0.001538208, -0.007998301, -0.033210833, -0.012503529, 0.03640711, 0.005935942, -0.021293288, -0.017792605, -0.005159703, -0.004889542, 0.022571798, -0.00028300364, 0.044930514, -0.00046017818, -0.022480477, -0.0031277847, 0.016864162, -0.00028561964, 0.0049580336, -0.023774209, 0.016864162, -0.028401198, -0.010555322, -0.004699287, 0.031719238, 0.010015, 0.014992058, 0.03391097, 0.0022164655, 0.007336215, -0.0100226095, -0.0135309035, -0.0029451402, 0.019436404, -0.011940375, 0.012503529, 0.024778752, -0.0140560055, -0.011620748, -0.009292032, -0.015737856, 0.008804981, 0.0040067607, -0.010540102, -0.0042046253, -0.014824634, -0.01881237, -0.005593484, -0.017960029, -0.0012166778, -0.0025398983, 0.02220651, -0.01844708, -0.029207878, -0.010380288, -0.010973882, 0.012610071, -0.008112454, 0.013622225, -0.00040619346, -0.0066360785, -0.021552036, -0.0131275635, 0.009132219, 0.011529425, 0.012944919, -0.010540102, -0.0124426475, 0.022054307, -0.0030916363, 0.010821679, -0.007701504, 0.018751487, 0.00048086836, -0.02514404, 0.0017750749, -0.011552256, 0.00088230544, -0.03725945, 5.5203545e-05, -0.011772951, 0.003749917, 0.012389376, -0.007667258, -0.005932137, -0.012792716, -0.0060653146, -0.014809414, -0.00586745, -0.0037651374, 0.009992168, -0.03948162, 0.0015876741, 0.013614615, 0.00775858, 0.032145407, -0.0101443725, -0.0010597178, 0.024991836, -0.0022164655, 0.0053727883, -0.013097123, 0.0019976727, 0.0050836015, -0.021582475, 0.01007588, -0.00503794, 0.047274448, -0.030882118, -0.006533341, -0.012640512, -0.005228195, -0.013104733, 0.008721269, 0.013211275, -0.011118475, 0.036863722, 0.017016366, 0.0011653091, -0.0020166982, 0.023180613, 0.013340648, 0.0032495477, 0.026818281, 0.0033656028, 0.01006827, -0.03272378, 0.0184623, 0.006149027, 0.023089292, 0.028766487, -0.017564299, 0.01216868, 0.01256441, 0.000905136, -0.018751487, -0.043408476, -0.023393698, -0.019116776, 0.018188335, -0.013340648, 0.00565056, 0.011925154, -0.0003807469, -0.004288337, 0.033880528, 0.0018188334, -0.012998191, -0.01757952, 0.014124498, 0.00461177, 0.013119954, 0.012640512, -0.0017113396, -0.01595094, -0.026148584, -0.03345436, -0.019816913, 0.0301211, -0.017335994, 0.0038488493, 0.0011453324, 0.018310098, -0.02176512, -0.0047145076, 0.009078947, 0.0046650413, 0.029268758, 0.0017570007, 0.0007101251, -0.0070470283, -0.011255459, -0.016103145, 0.011597917, -0.01130873, -0.010585763, 0.0013517585, 0.00066113455, -0.0025303855, -0.017960029, 0.010540102, -0.018507961, 0.029664489, -0.015357347, -0.025676753, 0.0010768407, 0.021643357, -0.0061718575, 0.014817024, -0.015722636, 0.009467066, 0.022739222, -0.044656545, 0.026574755, -0.017701283, -0.01841664, 0.0019767447, -0.0039649047, -0.004687872, -0.007868928, 0.024809193, 0.023485022, -0.00048229526, 0.019314641, -0.012625292, -0.013941853, -0.032419376, 0.008599506, -0.01507577, -0.03805091, -0.012153461, 0.008736488, -0.011514205, 0.013919023, -0.0010483025, 0.010266135, -0.01214585, 0.017153349, 0.0005036989, -0.009451846, 0.00752647, -0.005064576, 0.0069747316, 0.023287157, -0.024428684, 0.01631623, -0.015433448, -0.01211541, -0.005228195, -0.012944919, 0.0021936349, 0.0080439625, -0.013721158, 0.015859619, 0.0072068423, -0.0055021616, -0.024915734, 0.0032723781, -0.0065105106, 0.0014773265, -0.0009507971, -0.024520006, 0.031171305, -0.0059663826, -0.0017046807, -0.002678784, 0.037533417, 0.008553844, -0.022800105, -0.02302841, 0.014352803, -0.0028062544, -0.029557945, 0.0014487883, -0.014565888, -0.00043211563, -0.0071345456, -0.0021822196, 0.012176291, 0.001959622, 0.0013593687, -0.009756253, 0.011476154, -0.007442758, 0.0034892682, -0.017899148, -0.008257047, 0.03473287, 0.0080059115, 0.0013736378, -0.002867136, 0.0015229876, -0.028781708, -0.0027073221, -0.00065875635, -0.012107799, 0.030364625, 0.016240127, -0.006613248, -0.0025132624, 0.009162659, -0.0056277295, 0.008835421, 0.019619048, 0.013637446, 0.008302708, -0.008576674, 0.0031334923, -0.009999779, -0.0047982195, 0.011186968, 0.007663453, 0.026346449, -0.007838488, -0.019877795, 0.008394031, -0.036559314, -0.010913, -0.013142784, -0.041338507, 0.014132108, 0.0015686487, 0.016027043, 0.013173224, 0.011156526, -0.026544314, -0.015113821, -0.02130851, 0.00962688, 0.009375744, 0.042038646, 0.016377112, -0.0017332189, 0.043408476, 0.0030383652, -0.010395508, 0.009565999, 0.003435997, 0.016833723, 0.027305333, -0.0023077875, -0.008104844, 0.012077359, -0.00481344, 0.0071117147, -0.001192896, -0.008272268, 0.040486168, -0.016072704, -0.020714914, 0.010753186, 0.0071269353, -0.0015952843, -0.016072704, 0.0024599913, 0.002954653, -0.0192842, -0.009177879, 0.020182202, 0.009071337, -0.01047161, -0.0052852714, 0.020684473, -0.010989103, 0.0030364625, 0.0041703796, 0.0053842035, -0.021993425, 0.02097366, 0.009558388, -0.012183901, 0.0012014575, -0.007237283, -0.02094322, 0.004977059, -0.0064039677, 0.0011186968, -0.0026483433, 0.006324061, 0.01301341, 0.00838642, 0.011963205, 0.006114781, -0.01172729, -0.0016314327, 0.018325318, -0.003708061, 0.007336215, 0.026255127, -0.003515904, 0.03765518, -0.013340648, 0.019405963, 0.0044595664, 0.025478888, 0.0108292885, -0.00522439, 0.005323322, 0.0017122909, -0.012427427, 0.0055516274, -0.007929809, -0.007366656, 0.025600651, -0.015448669, 0.0020528466, 0.0012709004, -0.021095423, 0.002117533, 0.0075493003, -0.005277661, -0.004699287, -0.013713548, -0.008432081, 0.007800436, 0.010981493, 0.025646312, 0.013317818, 0.0026236102, 0.0045394734, -0.0030459752, 0.00482105, 0.022571798, 0.007408512, -0.000674928, 0.02263268, -0.008013521, 0.02557021, 0.008158115, 0.011833833, -0.023667665, -0.011506595, 0.0023991098, 0.009588829, 0.0016618734, -0.012412206, 0.003907828, -0.0029908014, 0.021475933, -0.014512616, 0.0028271824, 0.009946507, -0.010380288, 0.010281355, 0.0016837528, 0.00086803635, -0.0038907055, 0.0042959475, 0.01550955, -0.0021251433, -0.023089292, -0.014535448, -0.00010737491, -0.010403118, -0.000381936, -0.0067274007, 0.0021746093, -0.002361059, -0.016179247, -0.009238761, -0.012374155, 0.031262625, 0.019010235, 0.030714694, 0.028355537, 0.009931287, -0.01085973, 0.007937419, -0.005144483, 0.026879162, 0.00019144363, -3.8883274e-05, 0.015441059, -0.0103041865, -0.017320774, 0.0008856349, -0.009718202, 0.00071583275, -0.01467243, 0.0008751709, -0.044656545, 0.02217607, -0.012899258, 0.0098627955, -0.010874949, 0.0049732537, 0.027792383, 0.009314862, 0.007690089, 0.017686062, 0.017960029, -0.002088995, -0.004014371, 0.005985408, -0.010699916, -0.007081274, 0.0134091405, 0.0039953454, 0.005897891, -0.0121610705, -0.015707415, -0.0027796188, 0.023835089, 0.0058332044, 0.011925154, -0.0053004916, -0.02725967, -0.0051330677, 0.025265804, -0.0128459865, -0.01047922, -0.010167203, -0.006015849, -0.0028538182, 0.0011843345, 0.0039687096, -0.035798296, 0.014276701, -0.0069214604, -0.014603939, -0.019619048, -0.0015990895, 0.0011396247, -0.037563857, -0.01722945, -0.013470022, -0.004136134, -0.015037719, 0.0041323286, -0.03643755, -0.025585432, -0.018705826, 0.0039116335, 0.0020452363, -0.0051292623, -0.015167092, -0.014778973, 0.0052472204, -0.00797547, -0.017412096, 0.0015810153, 0.0068073077, 0.010167203, 0.017488198, 0.021171525, 0.019345082, -0.008295098, 0.014132108, 0.011164136, 0.012336104, 0.033363037, 0.00038526545, -0.03150615, -0.03515904, -0.02305885, 0.033637002, -0.024109056, -0.008142894, -0.015631313, 0.011179357, -0.000429024, 0.01631623, -0.02392641, 0.013561344, -0.01974081, 0.0077281394, 0.003076416, -0.03056249, -3.2789183e-05, -0.016148806, 0.0031239795, -0.021415051, -0.02130851, 0.0038107985, 0.02176512, -0.030958219, 0.021460712, -0.012922089, 0.020608373, 0.0055440175, -0.0072220624, -0.01047161, -0.00585223, -0.0021746093, 0.024124276, 0.019238539, -0.01257963, -0.028294656, 0.015661754, -0.01006827, -0.017412096, 0.013264547, 0.0066056377, -0.016833723, -0.018644946, 0.023530683, -0.009170269, 0.016666299, -0.015631313, -0.012123019, -0.010623814, 0.009048506, 0.0048743216, -0.01589006, -0.007690089, -0.0039991504, -0.002912797, -0.01884281, 0.0022830546, 0.008454912, -0.033728324, 0.028538182, 0.028112011, 0.003980125, 0.009162659, -0.0022887622, 0.018020911, 0.013599395, 0.013690717, -0.009672541, -0.015707415, -0.002612195, 0.015996601, -0.004528058, -0.013987514, 0.012731834, 0.004531863, 0.021034542, -0.0031106619, -0.028294656, 0.009109387, 0.005654365, -0.015616093, 0.021871662, 0.008485353, -0.009680151, 0.010410729, -0.006643689, -0.0015734051, 0.035006836, -0.018218774, -0.015129041, 0.0226479, 0.0067540365, 0.012275224, 0.0064990954, -0.014474566, 0.018949352, -0.00251136, 0.0006939534, 0.016955486, 0.008036352, -0.0051406776, -0.0005793251, 0.005612509, -0.009284422, -0.00879737, -0.018294876, -0.012944919, 0.017975248, 0.0038621672, 0.008142894, -0.0055021616, -0.0028443055, 0.02473309, 0.008850642, -0.019603828, -0.0022906647, -0.020303965, 0.002996509, -0.007899369, -0.016240127, 0.012351325, -0.009010456, -0.021643357, 0.0026521483, -0.0059397467, -0.022510918, -0.0140179545, -0.018203555, -0.0007205891, 0.013287378, -0.012374155, -0.009535558, 0.021689018, -0.00606912, -0.004969449, 0.012594851, -0.009794304, 0.031156084, 0.022115188, -0.011978426, -0.0044062953, 0.013241717, 0.0155476015, 0.017335994, 0.009467066, -0.003666205, 0.01799047, -0.0016723374, 0.017792605, -0.01805135, 0.0074655884, 0.008569065, -0.014870295, -5.5679182e-05, 0.013842921, 0.0015914793, 0.0050455504, 0.029953675, 0.015311685, -0.003945879, 0.0064724595, 0.012435037, 0.006868189, -0.004855296, 0.015250804, 0.021080203, -0.002130851, 0.005498356, 0.006506705, 0.0058788653, 0.01551716, 0.010174813, -0.01047922, -0.007050833, -0.011529425, 0.035006836, -0.011696849, 7.735036e-05, 0.003456925, 0.0099008465, 0.0024200378, -0.027746722, 0.0010787433, 0.0070013674, -0.01759474, 0.008432081, -0.010319406, -0.009923677, -0.005049356, 0.021460712, 0.0061338064, 0.012655732, -0.0044291257, 0.007914589, 0.02592028, 0.005734272, -0.046269905, -0.00020690182, -0.019847354, -0.0076976987, -0.015258415, 0.0070013674, 0.027031366, -0.0063811373, -0.0018702021, -0.011247849, 0.016224908, 0.0034474123, -0.008591895, -0.0103041865, -0.017731724, -0.0018825687, -0.0023724742, -0.0012328494, -0.0032381322, -0.004314973, -0.02132373, 0.0003048829, 0.0030307549, 0.010395508, -0.003721379, -0.003247645, -0.00043116437, -0.015243194, 0.01633145, 0.02263268, -0.024048174, -0.03147571, 0.004105693, 0.011141306, -0.0010330821, -0.001035936, 0.02173468, 0.010151982, 0.0064039677, -0.01722945, 0.030044997, 0.02893391, 0.00033342108, -0.0146496, 0.018355759, -0.00754169, 0.021049762, -0.014954007, -0.009368134, 0.010121542, 0.018949352, -0.018964574, -0.0138961915, -0.01803613, -0.0140560055, -0.018766709, -0.013599395, 0.004189405, 0.016529314, 0.015585653, 0.018888472, -0.000507504, -0.0096192695, 0.0029223098, 0.005201559, -0.039938234, 0.011772951, -0.0069328756, -0.006571392, -0.0022583215, -0.013439581, -0.014101666, 0.00048752726, 0.010007389, 0.02512882, -0.033332597, 0.019162437, 0.021262849, 0.004105693, 0.009984558, 0.011826223, 0.024854854, 0.013333038, 6.177327e-05, -0.008082013, 0.00071345456, -0.0005631535, 0.009687762, -0.02931442, -0.02381987, 0.004737338, 0.008454912, 0.0011082328, 0.003980125, 0.021186747, -0.0056848056, 0.01421582, -0.00016183527, -0.025798516, -0.0052091694, 0.0029394326, -0.011993647, -0.0352808, 0.017259892, -0.017625181, -0.021247627, 0.0117349, -0.018979793, 0.0054565, -0.03342392, 0.009010456, 0.00094651635, -0.021612916, 0.021399831, 0.0101443725, -0.015966162, 0.016848942, 0.02263268, 0.0015505746, 0.018477522, 0.0030497804, -0.0056353398, -0.0075188596, 0.0053347372, -0.0065828073, 0.01925376, -0.014451735, -0.008295098, -0.0032799884, 0.0024656989, 0.017031588, 0.012062138, -0.0009222589, -0.008447302, 0.007442758, 0.02301319, 0.007853707, 0.016255349, 0.020730136, -0.013363479, -0.022784885, 0.002113728, -0.013196055, -0.01636189, -0.014893126, 0.011514205, 0.010570543, -0.018066572, -0.012785105, 0.0029527505, -0.0086527765, 0.016148806, 0.00324384, -0.027153129, -0.009832355, 0.009246371, 0.0030079244, -0.018264437, -0.008500573, -0.016590197, 0.027548857, 0.012709004, -0.011346781, -0.016011823, -0.018797148, 0.0004382989, -0.000190968, 0.010220475, -0.004984669, -0.019512506, -0.00649529, 0.012404596, 0.006179468, 0.020212643, -0.009337693, 0.034093615, 0.00040024798, -0.0063468916, -0.0086908275, 0.011171747, -0.010159593, -0.02056271, -0.02598116, -0.021415051, 0.026940044, 0.0029565557, 0.022967529, -0.020364847, -0.010821679, -0.015007279, -0.013979904, -0.0023800842, 0.017503418, -0.00064020656, 0.028736046, 0.015273634, -0.03464155, 0.020045219, -0.011019543, 0.011247849, -0.0034607302, 0.0036643024, 0.025296245, 0.014200599, 0.016057484, -0.0040067607, -0.0035082938, 0.0044215154, -0.021582475, -0.01932986, -0.014611549, -0.019725591, -0.0055858735, 0.0089724045, 0.0006354502, -0.0022545164, -0.00304217, -0.011004323, 0.0015886255, -0.0056810006, -0.0037385018, -0.005776128, -0.012701393, -0.0025494108, 0.0016437992, 0.004052422, 0.024991836, 0.009261591, 0.0029032843, -0.014162548, -0.001684704, -0.009702981, 0.014390854, 0.01844708, -0.018614504, 0.008447302, -0.001224288, -0.01339392, -0.0022031476, -0.0019786472, 0.009809524, -0.019710371, 0.009322473, -0.01805135, -0.0054907463, -0.0050950167, -0.00961166, -0.0063811373, -0.017016366, 0.021841222, 0.001967232, -0.0027586909, 0.010814068, -0.006833943, -0.0061033657, -6.3913635e-06, -0.00036909382, -0.014185379, 0.020364847, 0.0048781266, -0.026300788, -0.0012081163, 0.0019995752, -0.007914589, 0.031232186, 0.00058503274, -0.005783738, -0.0085310135, -0.01298297, -0.008774539, 0.01380487, -0.0028785511, 4.6255635e-05, 0.0034740479, 0.018675387, 0.016620638, -0.007031808, 0.016103145, 0.009710592, 0.01047922, 0.0066893497, -0.0010083491, 0.0106694745, 0.016042262, 0.022495698, 0.0008542429, -0.012739444, -0.015562822, 0.0017332189, 0.014733312, -0.010600983, -0.019710371, 0.0059968233, 0.017320774, -0.02345458, -0.014322362, -0.033728324, 0.009794304, 0.0026483433, -0.023271935, -0.010654255, -0.012221952, -0.0010930124, 0.011217408, 0.010943442, 0.006274595, 0.009467066, 0.0028785511, -0.011164136, 0.004763974, 0.00051701674, 0.00417799, 0.00092130766, 0.0076139867, -0.009383354, 0.017762164, 0.010783628, -0.008325539, -0.0052890764, 0.0036738152, 0.0014573499, -0.015159482, -0.01214585, 0.020608373, 0.0013203665, -0.007785216, -0.0032875985, -3.489982e-05, -0.0066855447, 0.0077509703, 0.010814068, 0.009786693, 0.025996381, 0.00962688, 0.032145407, -0.036711518, 0.006529536, 0.011369611, 0.015159482, -0.0055059665, -0.004904762, -0.023500241, -0.0066208583, 0.0027986444, 0.01129351, -0.0009560291, 0.0053727883, -0.011963205, 0.00059216726, 0.011034763, 0.014147328, -0.008066793, -0.013158004, -0.010334627, 0.013721158, -0.0013327331, -0.036163583, -0.009383354, 0.01171207, 0.029725369, 0.014398464, -0.006072925, 0.016666299, -0.009695372, -0.022556579, 0.0012176291, -0.015692195, 0.018736267, -0.020182202, 0.008348369, -0.019756032, -0.018538402, -0.010692305, 0.029268758, 0.017427316, -0.024261259, 0.012495918, 0.010296576, -0.005524992, 0.008036352, -0.010365068, 0.0036528872, 0.009878016, 0.0058826706, -0.0026236102, 0.018507961, -0.01172729, 0.006027264, 0.0008480596, -0.0015353542, 0.010418339, 0.0147409225, -0.02598116, -0.004904762, 0.014756142, -0.024185158, 0.0077699954, -0.016696738, -0.010205254, 0.005281466, -0.0018587869, 0.005429865, 0.014109277, 0.014101666, -0.010296576, -0.001402176, -0.012792716, 0.029390521, 0.0019691344, -0.0019130094, 0.01887325, -0.0030821236, -0.009923677, 0.010935831, 0.008980014, -0.02555499, -0.017077249, 0.0030535855, 0.016437992, -0.0037594298, 0.026270347, -0.0029032843, 0.013287378, 0.0056848056, 0.009573609, 0.0064229933, 0.0020109906, -0.020258304, 0.004440541, 0.0031334923, 0.0020737746, 0.007983081, 0.0006302182, -0.0062175184, -0.012016477, -0.020577932, 0.022724003, 0.034215376, 0.007625402, -0.027457535, -0.0020947026, 0.0071117147, 0.011993647, 0.0019006429, 0.011613137, -0.0016599708, 0.013728768, -0.0133710895, 0.0010112029, -0.022099968, -0.0018045644, -0.013842921, 0.017762164, -0.00092701527, 0.02381987, 0.014756142, -0.008165725, -0.009132219, -0.0045546936, -0.00087184145, -0.0004946618, -0.0064267986, 0.0023515462, 0.0053689834, -0.04060793, 0.0066893497, 0.008249437, 0.017366435, -0.0058902805, 0.0041323286, -0.014565888, 0.006369722, 0.0052852714, 0.005361373, 0.026300788, 0.011103255, 0.008264657, -0.0025665339, 0.000979811, 0.008310319, 0.008926744, -0.012024087, 0.016666299, 0.012054528, 5.023909e-05, -0.009604049, 0.010631424, -0.014368023, 0.0030707084, -0.0035977135, -0.020608373, -0.0068834093, -0.0005583971, 0.004276922, -2.2815682e-05, 0.013926633, -0.002381987, 0.022769663, 0.008158115, -0.012686173, -0.00094889454, 0.020395286, -0.017366435, -0.02843164, -0.01088256, -0.013485242, 0.012183901, 0.006107171, -0.002619805, 0.023165394, 0.0089724045, 0.013325429, 0.0052091694, -0.014451735, -0.0117577305, 0.0017389265, 0.010585763, -0.014999668, -9.970527e-05, 0.0010996712, 0.0071840114, -0.01380487, 0.007937419, 0.0052738558, -0.019238539, 0.0049161776, 0.01718379, -0.0066322736, 0.0047601685, 0.028340317, 0.00774336, 0.007583546, 0.015768297, 0.00065162184, -0.024839634, 0.0085310135, 0.017427316, 0.0123208845, -0.01216868, 0.0066246632, -0.0035939084, -0.02767062, 0.03722901, 0.0006887214, 0.024017734, 0.0029032843, 0.015661754, -0.00251136, -0.019923456, -0.0018226386, -0.008888693, 0.009733423, 0.024185158, 0.0117577305, -0.0061414167, -0.00046326983, 0.024322141, 0.024672208, 0.0062669846, -0.00733241, 0.008211386, 0.031156084, -0.0065409513, -0.015829178, 0.025281023, 0.025478888, 0.018995013, -0.0029204073, 0.0026521483, 0.004136134, 0.024626547, 0.0017189498, 0.011856663, 0.0078841485, 0.016133586, 0.0010692305, -0.0151442615, -0.02258702, -0.003787968, -0.009855186, 0.008203776, 0.009809524, -0.0084092505, -0.0058826706, -0.0103041865, -0.019527726, -0.0034455098, 0.033363037, 0.004954228, -0.00586745, 0.008424471, -0.005445085, 0.024915734, 0.0035425397, -0.02009088, -0.027077027, -0.0057152463, 0.03103432, -0.0064724595, 0.02468743, -0.0027567884, -0.0292992, 0.01506055, 0.009938898, -0.010212864, 0.0031829586, -0.015380178, -0.008622336, -0.017868707, -0.007868928, -0.00417799, 0.010517271, -0.0009712494, 0.009893237, 0.011628358, 0.005471721, -0.01339392, -0.012762275, 0.0054526953, 0.0065143155, -0.0002447149, -0.023241496, 0.011818612, -0.0064153834, 0.005471721, 0.000193584, 0.0067958925, 0.0074275373, -0.0022126604, 0.00024804435, -0.005399424, 0.011407662, -0.0159205, 0.00040452872, 0.004261702, 0.021521594, 0.00081191125, 0.010715136, 0.0117349, -0.0034074588, -0.007716724, 0.0079222, 0.0025018472, 0.010433559, 0.011209798, 0.020014778, -0.004463372, -0.0015458182, 0.010966272, -0.023987293, -0.0035463448, 0.014406074, 0.0075226645, -0.0003755149, -0.0016028945, 0.018112233, -0.038081348, 0.023287157, -0.0075531052, 0.0061338064, 0.0063392813, -0.0037537222, -0.018766709, -0.022663122, -0.021201966, 0.008325539, 0.0069480957, 0.00011748218, 0.007199232, -0.003850752, -0.018386198, 0.007195427, -0.0037537222, -0.004680262, 0.007419927, 0.012868817, 0.0055326023, 0.0026007795, 0.0021574865, -0.021110645, 0.01170446, -0.021338949, 0.0035178065, 0.039603386, -0.004060032, 0.019086337, -0.027503196, -0.008614725, 0.02003, -0.025281023, 0.0067045703, -0.017899148, 0.0120393075, 0.019116776, 0.0067616464, 0.0052167797, 0.006666519, 0.02015176, -0.012069749, -0.016864162, -0.0023743766, -0.005034135, 0.011841442, -0.0023115927, 0.021582475, -0.02852296, 0.014139717, 0.01254919, 0.0067730616, 0.0062403493, 0.0043644393, -0.012678563, -0.021460712, 0.0028443055, -0.0008551942, 0.017960029, -0.013576564, -0.009657321, -0.0024599913, 0.0073818765, -0.007066054, -0.01341675, -0.013142784, 0.014139717, 0.0010863534, -0.0068872143, 0.00058408146, 0.009429015, 0.008827811, -0.00966493, -0.023134952, 0.007267724, -0.0006830138, 0.018203555, 0.0070013674, 0.0014192989, -0.016742399, -0.009946507, -0.0057152463, -0.008858251, 0.0015163287, 0.014375634, -0.009817135, 0.018614504, 0.012031698, 0.0072334777, 0.010387898, 0.006156637, 0.012008867, -0.0042502866, 0.014497397, -0.022267392, -0.0066398834, 0.0030935388, -0.014109277, 0.015813958, 0.0015753076, 0.016422773, 0.003907828, 0.009033286, 0.012366545, 0.008249437, 0.022145629, -0.008279878, 0.011529425, 0.0037099635, 0.007203037, -0.010502051, -0.009421405, -0.011057594, 0.0074313423, 0.05110998, -0.00012509237, 0.031156084, 0.014687651, -0.023287157, 0.021278068, 0.01298297, -0.014847465, 0.011856663, -0.012899258, 0.0070850793, 0.0045775245, 0.01007588, -0.018995013, 0.0068149175, 0.014368023, -0.034398023, -0.0086908275, 0.0004161818, 0.016422773, 0.012830767, -0.008135284, -0.013622225, 0.0003491171, 0.0051406776, -0.008218996, -0.0015125236, -0.0035710777, -0.004980864, -0.011476154, 0.014603939, 0.00961166, 0.00878976, -0.006506705, -0.00037908216, 0.009809524, 0.0067274007, -0.012693783, 0.010060661, 0.008584285, -0.022769663, 0.0010625717, -0.01085973, 0.010600983, -0.004147549, 0.0018749585, -0.0036643024, 0.020714914, -0.01296014, 0.007066054, 0.0063925525, 0.011209798, 6.991855e-05, 0.0039496846, -0.009467066, -0.0043758545, -0.010266135, 0.013607005, -0.0066056377, 0.014025565, -0.00088135415, 0.021749899, -0.017062027, 0.019360302, -0.020577932, 0.0017703185, -0.009832355, 0.0047411434, -0.008302708, 0.02423082, -0.02051705, 0.0018825687, -0.00838642, -0.007457978, -0.018142674, 0.021338949, 0.016818501, -0.013294987, -0.021125864, -0.0034455098, 0.019832134, -0.010258525, 0.02722923, -0.017412096, -0.02474831, -0.015372567, 0.036955044, -0.0039230487, 0.014284311, 0.009155049, 0.0058179838, -0.012092579, 0.008310319, 0.0028576232, 0.004368244, -0.016377112, -0.009337693, 0.02423082, 0.0021232406, 0.009908456, -0.016392332, 0.00012996764, 0.018203555, 0.021841222, -0.011133696, 0.0034588275, 0.0018873251, -0.016453212, 0.00073676073, 0.0063811373, -0.009109387, 0.01130873, -0.034945954, -0.012906868, 0.0017560495, -0.02760974, -0.017275112, -0.01423865, 0.014192989, 0.02056271, 0.0016209687, -0.005528797, -0.029618828, 0.012084968, 0.011369611, -0.004383465, 0.0149844475, 0.008569065, 0.024306921, 0.018097011, 0.016529314, 0.0059816027, 0.0066627143, 0.014162548, -0.0073438254, -0.0027111273, 0.00796025, 0.022267392, -0.004474787, -0.0064229933, -0.012815546, -0.0070888842, 0.006358307, -0.004771584, 0.014497397, -0.018294876, 0.007861318, 0.0070964945, 0.007419927, -0.012381766, -0.025905058, -0.021932544, 0.01423865, -0.008028742, -0.019893015, 0.027350994, -0.014025565, -0.025372347, -0.014451735, 0.035493888, 0.00794503, 0.0109510515, -0.014626769, 0.010212864, -0.014390854, -0.012046917, 0.014375634, -0.02301319, -0.026087703, 0.010555322, 0.0035729804, 0.011354391, 0.009261591, 0.0018996916, -0.015410618, -0.0069671213, 0.013842921, 0.017412096, 0.018188335, -0.018599285, 0.011156526, 0.012739444, 0.00028847344, -0.015813958, 0.0038450444, -0.0054603056, -0.0040105656, 0.0031962763, -0.005235805, -0.0045661093, -0.0047944146, 0.005521187, 0.006658909, 0.009185489, 0.0031277847, 0.011932765, -0.018690607, 0.022099968, 0.0056771957, -0.0013470022, 0.002553216, 0.018949352, 0.019862574, -0.016042262, -0.0038849977, -0.018523183, 0.016285788, -4.0042636e-05, -0.0129677495, 0.020166982, -0.030547269, 0.003633862, 0.0043606344, 0.044626106, -0.006559977, 0.004528058, 0.001939645, 0.0038222137, -0.012031698, -0.01129351, -0.008523404, -0.008173335, -0.0017969542, 0.04392597, -0.0009484189, 0.01089778, 0.026909603, -0.037533417, 0.009596439, -0.010410729, -0.013683107, 0.004691677, 0.004817245, -0.0047030924, -0.032114968, -0.013470022, -0.006411578, 0.0101824235, -0.004463372, 0.015311685, -0.011194577, 0.0066627143, -0.008835421, -0.0048781266, 0.007488419, -0.008774539, -0.0028557207, 0.006940486, 0.02423082, 0.007378071, -0.013508073, -0.0043872697, -0.014276701, 0.0055896784, 0.017305553, -0.027701061, -0.015273634, 0.007998301, -0.009330083, -0.014398464, 0.019999558, 0.02975581, 0.006586612, -0.0022716392, -4.557191e-05, -0.004615575, -0.0060044336, -0.007606377, -0.014154938, 0.007891758, 0.0044671767, -0.009337693, -0.0020737746, -0.0050569656, -0.011986036, -0.007823267, -0.009429015, 0.007499834, -0.015722636, -0.0074389526, 0.002431453, 0.015524771, -0.00061690033, 0.02132373, -0.0026445382, 0.0026007795, 0.00022402473, -0.024124276, -0.0036452771, -0.011925154]"
混雑,fromCluster,-0.3447,38.0,1.8052,"[-0.033666655, -0.0025321317, 0.010223631, 0.013163915, 0.01719789, -0.019290168, -0.043906134, 0.051355913, -0.025947416, -0.055191755, -0.011190517, 0.02873712, -0.017324695, -0.015105613, 0.017023534, -0.026137624, -0.026216876, -0.04672754, 0.04165535, -0.020970332, 0.020035146, -0.016516315, 0.03550532, 0.03249371, -0.026486337, 0.005084077, -0.0030571825, 0.027167913, -0.03195479, 0.032525413, 0.0034653354, 0.039943486, -0.005151442, -0.01800627, 0.025852313, 0.059978634, 0.060200542, 0.017705109, 0.036044244, -0.031019606, 0.015176941, -0.022761447, -0.043081906, 0.010659522, -0.009090314, 0.005531856, -0.018037971, -0.01795872, 0.02632783, 0.013552255, 0.012934082, -0.00081729604, -0.01489163, -0.010413838, -0.02604252, 0.029339442, 0.054304123, 0.021572653, -0.002104166, 0.016975982, -0.028293304, -0.01692843, -0.008892181, 0.01046139, 0.02363323, 0.01852934, 0.014217979, 0.021762861, 0.028546913, 0.009074463, -0.045776505, 0.032525413, 0.013599806, 0.00830571, 0.014416112, -0.023950242, -0.018592743, 0.01317184, -0.01167396, 0.01061197, -0.053194582, 0.00631646, 0.03281072, 0.026185175, -0.017372247, -0.027564177, -0.029513799, -0.03845353, -0.004509493, 0.0067206505, 0.009232969, -0.009018986, 0.004224182, -0.019432824, 0.031289067, 0.0044579785, 0.021350745, -0.00026227772, 0.02526584, -0.021382445, 0.01984494, -0.024378208, 0.025424346, -0.023458874, 0.03677337, 0.043145306, -0.0074695908, 0.001731677, 0.03864374, -0.0022904102, -0.012466489, 0.0023676818, 0.058964197, -0.012363461, -0.06409979, -0.009549981, -0.006918783, -0.018751249, -0.016817477, -0.004529306, -0.012989559, -0.024568414, -0.0071446537, -0.013639433, -0.013797939, -0.021287343, -0.0126487715, 0.0105089415, -0.015390923, -0.012062299, -0.0040973774, 0.026961854, 0.0071248403, 0.0061104028, 0.01046139, -0.0128548285, 0.01667482, 0.017895317, -0.0065145926, -0.017831914, -0.021699458, -0.039341167, -0.019480376, 0.027532475, 0.012553668, 0.016738223, -0.017816063, 0.012696323, -0.04003859, 0.017372247, 0.011784914, -0.03144757, 0.047678575, 0.053606696, -0.001740593, -0.03696358, 0.0045689326, 0.01959133, 0.013100513, -0.010968609, 0.016484614, -0.004438165, 0.017863614, -0.0031998379, 0.011111264, -0.002704507, 0.06695289, -0.021081286, -0.010271182, 0.02792874, -0.052940972, -0.009795665, -0.01046139, 0.014764825, 0.004541194, 0.0455863, 0.023934392, 0.0074339267, 0.029434547, 0.06064436, 0.014709348, -0.0019159401, 0.03357155, -0.0031958753, -0.010255332, -0.057632748, 0.017071085, -0.04324041, 0.008289859, -0.020827675, -0.013702835, -0.0033325867, 0.03617105, -0.01356018, 0.038516935, -0.059534818, 0.005947934, -0.04596671, 0.007188243, 0.012553668, -0.020906929, -0.0066057337, -0.006542331, -0.017562455, -0.0021754936, -0.004977085, 0.02574136, -0.0029937802, -0.015898142, 0.023300368, 0.0021457737, 0.0056031835, 0.014067399, 0.0073943003, -0.056079388, -0.006871231, -0.009161641, -0.009993797, -0.0061421036, -0.009328072, 0.0054486403, -0.014780675, 0.0016653027, 0.0063957134, 0.012569518, 0.0010015592, 0.011602632, 0.014186278, -0.032905824, -0.008004548, 0.002569777, -0.0048066913, -0.0052227695, 0.01959133, -0.002900658, -0.06872816, -0.009217118, 0.0067642396, 0.032874126, -0.006264946, -0.004798766, 0.05252886, -0.062070914, -0.019971743, 0.009716412, 0.0017108731, 0.020843526, 0.014756899, -0.004168705, -0.029608903, -0.048883222, -0.0085355425, -0.009177492, -0.037629303, 0.0018277712, 0.024251403, 0.026660694, -0.056808516, -0.028927328, -0.05477964, 0.039404567, 0.036424655, -0.04422315, 0.0174832, -0.007671686, -0.047298163, -0.010604045, -0.0064551528, -0.011111264, -0.014788601, -0.007556769, -0.003003687, -0.0036456357, -0.009090314, -0.006229282, 0.011610557, 0.0010273164, -0.01664312, -0.033983666, -0.010255332, -0.009605458, 0.022349332, -0.0089635085, -0.044381652, -0.019385273, -0.0008742591, -0.0058686812, -0.007299197, 0.049865957, -0.02334792, -0.00966886, -0.03896075, -0.0048383926, 0.018878054, 0.023046758, 0.0087416, 0.018148925, -0.0014384411, 0.009851142, -0.016278556, -0.009874918, -0.019670583, -0.0027203576, -0.027580027, -0.013441301, 0.0047393264, -0.012490265, 0.0058211293, -0.026739946, -0.029434547, 0.021033734, 0.013607732, 0.0019902398, -0.01234761, 0.010374212, -0.015351296, 0.015208641, 0.009359773, -0.0402288, -0.04967575, 0.006609696, -0.029862512, -0.00015429559, -0.03303263, -0.02203232, 0.053289685, 0.017895317, 0.018624444, 0.01034251, 0.010239481, -0.01342545, -0.010255332, -0.019940043, -0.02417215, 0.014986733, 0.029941766, 0.0042875847, 0.0073784497, -0.0101364525, -0.009375624, -0.029910063, 0.025868164, -0.02769098, -0.007893594, 0.012712173, 0.031796284, 0.024822025, -0.025313392, 0.03902415, -0.024822025, 0.0005300041, -0.026121773, 0.018085524, 0.033920262, 0.04752007, -0.019464524, 0.011563006, 0.016452912, 0.02604252, -0.04774198, -0.0079966225, -0.021033734, 0.03617105, 0.016595569, -0.0055477065, 0.007988698, -0.014558767, 0.02521829, -0.013029185, 0.015200716, -0.024964679, 0.012204954, -0.01827573, 0.01637366, -0.055730674, -0.00278376, -0.005409014, -0.058108263, 0.02631198, -0.0016811532, -0.008987284, 0.015486027, 0.020463113, -0.0042677713, -0.0187671, 0.06644568, 0.008789152, -0.022634642, -0.025931565, 0.06473381, 0.012062299, -0.010976533, -0.004866131, 0.029688155, 0.001163037, 0.03734399, 0.02870542, 0.0039626476, -0.036900174, 0.011452052, -0.03306433, 0.018307433, 0.015145239, -0.015169015, 0.04885152, -0.015232418, -0.044254847, 0.021889666, -0.0014523104, 0.01330657, -0.027516624, -0.019718135, -0.00022029843, -0.0010818028, -0.008583095, 0.0117373625, 0.016421212, 0.0137107605, -0.031051306, -0.05075359, -0.02979911, -0.0073269354, 0.014479514, 0.024124598, -0.00288877, -0.008170979, 0.010928982, -0.026454635, 0.012022673, -0.01903656, 0.020653319, 0.033888564, 0.0048185796, 0.008931807, 0.037787806, -0.010572344, -0.018022122, -0.0040775645, 0.0033028668, 0.011650184, -0.033381343, -0.061246682, 0.004069639, -0.0041330415, -0.040831123, 0.0061262534, 0.017641706, 0.014788601, 0.024822025, -0.008131353, -0.0072674956, 0.011531305, -0.026755797, -0.0003393017, -0.010176079, -0.009296372, 0.012355535, -0.028546913, -0.0011907757, 0.0072556078, 0.042099167, 0.034807898, -0.023760036, -0.030686744, -0.011285621, -0.025471898, 0.004866131, 0.03033803, 0.018561041, -0.029973466, -0.01315599, -0.018370835, -0.041687053, 0.014479514, -0.030100271, -0.010659522, -0.0108814305, -0.03572723, -0.04596671, -0.043684226, -0.017245442, -0.008297784, -0.017261293, 0.009724338, -0.016017022, 0.04891492, 0.018671995, 0.04612522, 0.036361255, 0.0024568415, 0.043145306, -0.027865337, 0.038295027, -0.034268975, -0.0012928138, -0.097766444, -0.02876882, -0.03060749, -0.00704955, 0.015826814, 0.009018986, -0.04111643, -0.0148837045, 0.02119224, -0.010770476, -0.03918266, 0.046917748, 0.00045099884, -0.018719546, -0.010865579, -0.0059241583, 0.033793457, 0.013076737, -0.019401122, 0.0078658555, 0.017800214, -0.015509803, -0.013195616, -0.036614865, -0.0034534475, 0.0015315633, 0.012260431, -1.34358515e-05, 0.0005775559, 0.0005740886, -0.01908411, 0.012949932, 0.019718135, 0.061405186, -0.043050203, -0.0021953068, -0.030987903, -0.027722683, 0.014479514, -0.01436856, -0.00348713, -0.0050523756, 0.03192309, -0.013124289, -0.008931807, 0.0066730985, 0.021398297, -0.03219255, 0.030116122, 0.021319045, -0.004846318, -0.028023845, -0.010310809, 0.010310809, 0.012379311, 0.037375692, 0.020193651, -0.007544881, -0.0073744874, -0.013068812, -0.016849177, 0.03680507, -0.013480927, 0.005884532, 0.00091784826, 0.01716619, 0.011444126, 0.046505634, 0.01583474, 0.0047749905, 0.008139278, -0.01504221, 0.029276041, -0.0023756071, 0.044888873, 0.04108473, -0.0101919295, -0.006150029, -0.010168154, 0.034300677, 0.028515212, -0.014265532, -0.026660694, -0.012117776, -0.016563866, 0.039911788, 0.0058052787, 0.06409979, 0.026787497, 0.024853725, 0.032683916, 0.01795872, -0.034776196, -0.03433238, 0.013805864, -0.013758312, 0.008111539, 0.002405327, -0.0030670892, 8.984065e-05, -0.0076082833, 0.012149477, 0.007671686, -0.036583163, -0.007307122, 0.008694049, 0.037692703, 0.0065185553, -0.010580269, -0.022381034, 0.013972295, 0.024917128, 0.011578856, 0.0019654732, 0.015295819, 0.014447813, 0.024346506, 0.018925605, 0.012783501, 0.028657867, 0.010405913, -0.0025796837, 0.02792874, -0.013108438, 0.0035822333, 0.04102133, 0.0053456114, -0.008377037, -0.0070574754, 0.022523688, 0.0201461, -0.014590468, -0.0040518073, -0.0026549739, -0.0018010234, -0.00887633, 0.0057537644, -0.00288877, -0.012664622, -0.0014552823, 0.0047868784, 0.015977396, 0.007402226, 0.018989008, 0.0046679988, 0.0075171427, 0.023252817, -0.015295819, -0.049453843, 0.004957272, -0.005305985, -0.022222528, -0.042669788, 0.026771648, 0.013797939, 0.013259019, 0.0042004064, 0.0021002032, 0.025567003, 0.001664312, -0.017514903, -0.014836153, 0.0014760862, 0.0035961026, -0.005943971, -0.028657867, -0.026518038, -0.012244581, -0.0077667893, 0.0043985387, 0.029386995, 0.018370835, -0.0084800655, -0.024726922, 0.008210606, 0.008828779, 0.0080520995, 0.005833017, 0.0072239065, -0.018196478, -0.030813547, 0.0034891113, -0.00012284207, -0.025281692, -0.0025717583, -0.0075369556, -0.013084662, 0.0043708, 0.01167396, -0.027849488, -0.016817477, -0.018893903, 0.008210606, 0.032144997, 0.02794459, 0.0012838978, -0.017292995, -0.0121653285, 0.0047512143, 0.01546225, -0.004747252, 0.035949137, 0.033381343, 0.010453464, 0.009732262, -0.008266083, -0.010984459, 0.016817477, -0.012038523, -0.014479514, 0.054557733, -0.009082388, -0.0030334068, -0.015541504, -0.006712725, -0.0038497122, 0.0010411857, -0.000755875, -0.0018495658, 0.009771889, 0.0005587333, -0.051229108, -0.015795114, -0.01772096, -0.010516867, 0.00061222905, 0.0072595705, 0.00030660984, -0.012094, 0.0022171014, 0.0010808122, 0.015018434, 0.017213741, -0.009169566, 0.010207781, -0.05018297, -0.006443265, -0.010952758, 0.0152561935, -0.00039205444, -0.0133382715, 0.016896728, 0.0030433133, -0.013116363, 0.020209502, 0.03575893, -0.017578304, 0.018989008, -0.0109369075, -0.036836773, 0.03222425, -0.018402535, 0.021794561, 0.021255642, -0.010714999, 0.017118638, -0.023141863, -0.007877744, -0.02306261, -0.012831053, 0.034522586, -0.008955584, 0.0068950066, -0.021778712, 0.0056269597, 0.004921608, -0.021667756, 0.03271562, 0.0052584335, -0.007445815, -0.020035146, 0.0034058955, 0.013893043, -0.003451466, -0.0063759, -0.0043906136, -0.0109369075, -0.0037169633, 0.009050687, 0.0014255624, 0.00084949256, 0.0062134312, 0.010976533, -0.0030235, 0.002722339, 0.029165085, 0.0007122859, 0.0055358186, -0.002001137, -0.029656455, 0.00658592, -0.04000689, -0.006320423, 0.022666344, 0.03651976, 0.008686123, 0.0065700696, 0.035473622, 0.0073269354, 0.0041924813, -0.0077192374, 0.01580304, 0.010199855, -0.01153923, -0.0026450672, -0.030116122, 0.01502636, -0.01330657, 0.04159195, -0.0035564762, -0.020320456, 0.0005101909, -0.013797939, 0.017372247, 0.035949137, -0.009003135, -0.006264946, 0.04060921, 0.005793391, -0.00980359, 0.00332268, -0.012696323, -0.042035766, -0.04190896, -0.020574067, 0.004592709, -0.01073085, 0.016579717, 0.0068870815, -0.00348713, -0.02712036, 0.03677337, 0.017847765, 0.02526584, 0.020891078, -0.009779815, -0.004125116, -0.044349954, 0.008361187, 0.02387099, 0.022919953, -0.0070891767, 0.022127423, -0.021826264, 0.011277695, -0.0059994482, -0.008781227, -0.019654732, -0.0011511492, -0.004307398, -0.0011491678, -0.028340856, 0.0056031835, -0.007188243, 0.0066651735, 0.029276041, 0.03274732, 0.05148272, 0.006807829, -0.008297784, -0.010382136, 0.017816063, -0.00063600496, 0.0010946814, 0.011047862, 0.021128837, -0.036709968, -0.036646564, 0.013900967, -0.0124823395, 0.0043549496, -0.029640604, -0.038358428, -0.03709038, 0.005892457, -0.008472141, -0.028150648, -0.011095413, 0.013084662, -0.016096275, -0.031796284, 0.03193894, 0.03249371, 0.007869818, 0.017641706, -0.004937459, 0.014471589, -0.032683916, 0.005943971, 0.026787497, -0.042099167, 0.015771337, 0.025947416, -0.025630405, -0.027310567, 0.019638881, 0.0071565416, -0.0057616895, -0.04996106, -0.002942266, 0.018640295, -0.044445056, 0.011238068, -0.0036000654, 0.0030750146, -0.030179525, -0.008955584, -0.026375383, 0.0009762973, 0.009581682, 0.03537852, 0.013362047, -0.0025242064, 0.0038318802, -0.0061262534, -0.017372247, 0.015898142, -0.01825988, -0.018814651, -0.008448364, -0.010683298, -0.0029283965, -0.044381652, -0.015874365, 0.0072278692, -0.018814651, -0.0075528063, -0.0039190585, 0.0072040935, 0.029735707, 0.002789704, 0.013393749, -0.0455863, 0.020970332, -0.012981634, -0.026153473, 0.013702835, 0.022761447, 0.013132215, 0.018228179, 0.0048978324, 0.016484614, -0.035822336, -0.022888253, 0.015779262, -0.004957272, -0.0046679988, 0.008638572, 0.0076518725, -0.011531305, 0.013480927, -0.014392336, -0.019416973, 0.01222873, 0.038612038, -0.029149236, 0.0045491196, -0.03219255, -0.039309464, 0.018354984, 0.009835292, -0.049041726, -0.010754625, -0.015002584, 0.015050136, 0.027532475, -0.01799042, -0.034554288, 0.0015008528, -0.0031562487, 0.006922745, -0.019670583, -0.015779262, 0.013076737, 0.03433238, -0.015842665, -0.052972674, 0.0016306295, 0.024837876, -0.01101616, 0.024188, -0.02255539, 0.00034177836, -0.008048138, -0.007152579, 0.017863614, -0.01436856, -5.4138127e-06, -0.029307742, 0.033920262, -0.0059637846, -0.009890769, -0.023823438, -0.010825953, 0.018450087, -0.001652424, -0.019654732, 0.010239481, -0.031590227, 0.0133382715, 0.015731711, 0.015501877, 0.010691223, -0.0076082833, 0.010413838, -0.008131353, -0.006058888, -0.0058766063, 0.04942214, 0.018370835, -0.04102133, 0.005452603, 0.024584265, -0.0071089896, 0.02390269, -0.012450639, 0.0039269836, -0.0021873815, -0.027675131, -0.008115502, 0.02095448, -0.023855139, 0.029117534, 0.012601219, 0.051197406, 0.010643671, 0.015779262, 0.005500155, 0.018022122, 0.015731711, 0.03174873, -0.008091726, 0.015779262, -0.036646564, -0.0059875604, -0.010112677, 0.0036694116, 0.005456566, -0.0073269354, -0.006003411, 0.0014691516, 0.0026153475, -0.011230144, 0.0017386116, 0.026280278, -0.006554219, -0.006253058, -0.0038754693, 0.04048241, -0.0075369556, -0.006653285, 0.004925571, 0.01438441, 0.027199613, 0.0061302157, 0.018450087, -0.033983666, 0.010160228, -0.009637159, -0.013076737, 0.0018366872, 0.021033734, 0.0016593587, 0.041782156, -0.0035544948, -0.017356396, -0.00125715, -0.009629234, -0.0061341785, 0.0011125134, 0.0043509873, 0.0054724165, -0.025170738, 0.007564694, 0.004917646, -0.04400124, -0.018339133, 0.0010104751, 0.026993556, 0.013060886, -0.020526515, -0.027088659, -0.029038282, -0.030670892, 0.019686433, -0.04862961, 7.275173e-05, -0.004778953, 0.010532717, 0.014701422, -0.029165085, 0.01635781, 0.00023813035, -0.016833328, 0.014614244, -0.00791737, -0.0016365735, 0.01635781, 0.023126012, -0.0075726197, 0.0032691841, -0.0077509386, 0.0046600737, 0.02765928, 0.017594155, 0.0034772232, -0.023981944, -0.012791427, 0.00410134, 0.0013542348, 0.02337962, 0.0020823714, 0.0053020227, 0.019829089, -0.01261707, -0.010279108, -0.0031285102, -0.023585679, 0.0048740567, 0.0024726922, -0.009296372, 0.002294373, 0.019004857, 0.021731159, 0.019543778, -0.014170428, 0.031304915, -0.030496536, 0.010722924, -0.039531372, -0.002771872, 0.0010580269, -0.0042915475, 0.026280278, -0.006708762, -0.022143275, -0.003084921, 0.027833637, 0.010421763, 0.031875536, 0.0014513197, -0.0087416, 0.0009990826, -0.0003415307, 0.0023478686, -0.018862203, -0.02171531, 0.0038695254, 0.0056507355, 0.0032137071, 0.0026074222, -0.007600358, 0.03222425, -0.0072793835, -0.006431377, -0.018925605, 0.030433133, 0.003542607, -0.0075924327, -0.022904104, -0.011769064, -0.0060985144, 0.01061197, 0.007861893, 0.0012561593, -0.03569553, -0.027722683, 0.039626475, 0.006597808, -0.019638881, 0.0018921642, -0.035156608, -0.017863614, 0.005781503, 0.01908411, -0.0012521966, -0.0011263826, 0.023189414, 0.008789152, -0.015034285, 0.0021398298, -0.007671686, 0.009407326, 0.01596947, 0.027294716, -0.005294097, -0.0045610075, -0.007386375, -0.005888494, 0.008495917, 0.009684711, 0.018497638, 0.0064115636, 0.0039626476, -0.026359532, -0.01369491, -0.016056648, -5.3991072e-05, 0.01691258, -0.03648806, -0.00021002033, 0.025392646, 0.017673409, -0.0072357943, -0.0030254815, 0.008210606, 0.022856552, 0.01450329, -0.007881706, -0.031510975, 0.005516005, -0.01692843, -0.0055952584, 0.021794561, 0.027833637, -0.0042479583, -0.013377898, 0.003958685, -0.005127666, 0.014431963, 0.0042796596, 0.009098239, -0.022412734, 0.004331174, 0.007636022, 0.0011838409, -0.04485717, 8.69925e-05, -0.01987664, -0.0012848885, 0.010176079, -0.009423176, -0.015065986, -0.0036515798, -0.024298955, -0.019369422, -0.021842113, -0.020970332, 0.014162502, -0.024441611, 0.024045346, -0.012125702, -0.0043232488, -0.006700837, -0.025725508, -0.006102477, 0.0063243858, -0.041496847, 2.1098003e-05, 0.0141387265, 0.023395471, -0.023427172, -0.0007524077, 0.0073269354, -0.0056943246, 0.0051435167, -0.00013386318, -0.05205334, -2.8435092e-05, 0.02818235, -0.0008960537, 0.0023815513, 0.017261293, -0.013774163, -0.013362047, -0.017942868, -0.012062299, -0.024837876, 0.0017514903, -0.048788115, 0.014677647, -0.014344784, 0.010096826, -0.013980221, -0.006439302, -0.007140691, -0.010699148, 0.0058607557, -0.010905206, 0.03709038, 0.014336859, 0.012204954, 0.025884014, -0.01490748, -0.026454635, -0.014202129, -0.013552255, 0.0027005444, -0.015343372, -0.008519692, -0.009898693, -0.01688088, 0.022079872, -0.014796526, 0.005171255, 0.025345095, 0.008559319, 0.008194755, 0.017863614, 0.00021200164, 0.013132215, 0.00832156, -0.0060232244, 0.010255332, -0.0019119774, 0.023284517, 0.004866131, -0.019004857, 0.01799042, 0.0087019745, 0.016754074, 0.00039032078, 0.03832673, -0.0026094033, -0.019924192, -0.009478653, 0.034427483, -0.017372247, -0.007992661, 0.011238068, -0.0035822333, 0.034237277, -0.006490817, 0.018846352, 0.010746701, -0.034681093, -0.038009714, -0.014661796, 0.017673409, 0.0075528063, -0.0063560866, -0.0043351366, 0.019527927, -0.0187988, 0.00832156, 0.002191344, -0.006748389, -0.016532166, 0.0046798866, 0.0011006254, -0.0034712793, -0.010794252, -0.021731159, -0.011452052, 0.010358361, -0.00995417, -0.014955032, -0.0003737272, -0.013940594, -0.021905515, -0.0046125217, 0.004584783, 0.023427172, 0.014114951, -0.026407083, 0.006371937, 0.007818304, -0.003542607, 0.008900107, 0.0059756725, -8.996448e-05, -0.010366286, 0.00036282992, -0.016112125, 0.021414148, 0.014051548, -0.0064036385, -0.017340546, -0.008662348, -0.009724338, 0.013591881, 0.004117191, -0.019416973, 0.009359773, -0.0036020468, -0.0255353, -0.026090072, -0.007953034, 0.007128803, -0.0047512143, 0.006003411, -0.0077192374, 0.0068910443, 0.048819818, 0.022523688, -0.015279969, 0.005092002, -0.021414148, 0.01959133, 0.0024469348, -0.00332268, 0.0007791556, -0.0030135934, -0.0058092414, -0.016112125, -0.0071446537, -0.011103339, 0.0010718962, -0.007873781, 0.011927569, -0.016183453, 0.0149391815, 0.035220012, -0.01775266, 0.034554288, 0.02150925, -0.022650493, 0.015787188, 0.020066848, 0.005634885, 0.020098548, 0.035346817, 0.0037189447, 0.020320456, -0.007073326, 0.015335446, -0.009209193, 0.013029185, -0.028752971, 0.022618793, -0.00068702403, -0.005563557, 0.031780433, 0.021017883, -0.041306637, 0.020241205, -0.008377037, 0.01906826, -0.019369422, 0.008044175, -0.007330898, 0.0036436545, -0.0123713855, 0.0074141137, 0.0025975155, 0.012363461, -0.008487991, -0.0040518073, -0.013060886, 0.03334964, -0.026470486, 0.008567244, -0.019733986, -0.016785774, -0.011087488, 0.009217118, 0.03255711, -0.024045346, -0.025329243, -0.011499603, 0.014043623, 0.0012749819, -0.033254538, -0.021002032, -0.007509217, -0.011024086, 0.019004857, 0.020415561, 0.016262706, -0.020225354, 0.009367699, -0.020368008, -0.009756038, -0.033698354, -0.0073269354, 0.010247407, -0.03216085, 0.01317184, -0.018497638, -0.0128548285, 0.028832223, 0.006431377, 0.008955584, 0.008448364, -0.020748423, -0.024885427, -0.015509803, 0.03033803, 0.006047, 0.0021675683, -0.01207815, 0.0117928395, -0.0025024118, 0.01986079, -0.010635746, -0.039563075, -0.019496227, -0.004113228, 0.011333172, 0.035061505, -0.011697736, -0.004061714, 0.020098548, 0.018228179, -0.008194755, 0.012553668, -0.015279969, -0.034427483, 0.0060549257, -0.028277453, -0.025471898, 0.022666344, 0.013988146, 0.0050563384, -0.016484614, 0.023934392, -0.028023845, 0.007636022, 0.008472141, -0.023791736, -0.026755797, 0.023268666, 0.044096343, 0.02066917, -0.022729747, -0.01571586, -0.015541504, 0.024774473, 0.011745287, 0.019940043, -0.0036793184, 0.00028654895, -0.0007900529, -0.0017693222, -0.016341958, -0.024267254, 0.0034375968, 0.042859998, 0.013679059, -0.019527927, 0.02764343, 0.012490265, -0.008095689, -0.012569518, -0.015628682, -0.0046759243, 0.005151442, -0.04507908, 0.009169566, -0.0030492572, -0.014741049, -0.00033459606, -0.02070087, 0.00013027203, -0.0024568415, 0.009946246, 0.0057973536, 0.0061817304, 0.024964679, 0.00288877, -0.012601219, 0.012545742, 0.0045491196, -0.030433133, -0.013750387, 0.006554219, 0.009201268, 0.004767065, -0.011753213, 0.010199855, -0.017625857, 0.009589607, 0.013259019, -0.014741049, 0.014638021, 0.012775576, -0.0053337235, -0.0050286, 0.003952741, 0.018862203, 0.005856793, 0.030908652, -0.0046204473, 0.004541194, 0.00166134, -0.0020021277, -0.0309245, -0.0031919125, 0.0011204386, 0.020875227, 0.03870714, 0.0054684537, 0.007136728, -0.0068395296, -0.027738534, 0.01342545, -0.008638572, 0.015335446, 0.004485717, 0.0028055545, -0.017514903, 0.0065383683, 0.044096343, 0.0012819165, -0.021921366, 0.0062253196, -0.0038041417, 0.0122208055, 0.018228179, 0.019004857, -0.008931807, 0.029672306, 0.0017356396, 0.0018406498, 0.021921366, 0.027960442, -0.0009862039, -0.009003135, -0.009272595, 0.014217979, -0.015176941, -0.004014162, 0.02013025, 0.004362875, -0.0056586605, 0.031241514, 0.0070416247, 0.0035723269, -0.0046600737, -0.011372798, 0.020209502, -0.019448675, -0.026359532, 0.026518038, -0.00938355, 0.016579717, 0.011547155, 0.0059162327, 0.00456497, 0.009296372, 0.03407877, 0.012609145, 0.023236966, 0.00995417, 0.0066255466, 0.0048542432, 0.0017138451, -0.0054288274, 0.011071637, 0.01635781, -0.008527618, 0.0002356537, 0.006118328, -0.009962096, 0.013504703, 0.027263016, 0.022254229, 0.0027956478, 0.020764273, 0.0068870815, -0.013552255, 0.0056269597, -0.00832156, -0.007556769, -0.0017713035, 0.0031542676, 0.0046045966, 0.0027679093, 0.033951964, -0.0067880154, 0.009185418, 0.01381379, 0.012252507, -0.008369111, 0.0241563, -0.008717825, -0.009328072, 0.013005409, 0.011610557, 0.009486578, -0.014709348, -0.0006548275, 0.0038199923, -0.01222873, -0.012038523, 0.008678198, 0.021002032, 0.014265532, -0.0079966225, 0.011111264, -0.011428276, 0.021857964, -0.005848868, -0.007838117, -0.0035049617, 0.00704955, 0.010865579, -0.009423176, 0.01772096, 0.0066136587, -0.0043589124, -0.0127993515, 0.019813238, -0.0105644185, -0.011491678, 0.011666034, 0.020716721, 0.016738223, -0.02952965, 0.0017891354, -0.007061438, 0.01600117, -0.0018030046, 0.004545157, -0.0061817304, 0.012815203, 0.022254229, 0.005349574, -0.0012680473, -0.0024508976, 0.0033563625, 0.017419798, -0.0018030046, 0.010390062, -0.012315908, -0.0054684537, 0.0064828913, -0.009502429, 0.008258157, -0.013401674, -0.005416939, -0.007949071, 0.014170428, 0.0072239065, -0.009296372, -0.0019724078, -0.00033608204, -0.011396575, -0.014661796, 0.013235243, -0.007818304, 0.025123186, -0.0047393264, 0.0059241583, -0.005147479, 0.0036178972, -0.00023292938, -0.0062570204, -0.0058607557, 0.00832156, -0.010033424, 0.00556752, 0.011142965, -0.00577754, 0.021731159, -0.013195616, -0.020257054, -0.004917646, 0.0075290306, 0.009462803, -0.025043933, 0.0140277725, 0.001579115, 0.010405913, -0.011127114, 0.017499052, 0.02253954, 0.032398608, 0.00089407235, 0.01382964, 0.014970883, 0.004125116, -0.008622721, -0.028435959, 0.01638951, -0.011388649, 0.010445539, -0.022666344, 0.013615658, -0.010746701, 0.0074814786, 0.021921366, -0.0067048, -0.022808999, 0.0040042554, 0.0028273491, 0.011245994, -0.011658109, -0.0028055545, 0.0010897281, -0.0037585713, -0.0065700696, 0.016326109, -0.006443265, -0.009549981, 0.028816374, -0.023775885, 0.00021323997, -0.0058052787, 0.0015087781, 0.01612005, 0.012712173, -0.02387099, -0.0010119611, -0.009478653, 0.0067959405, 0.01608835, -0.010350435, -0.011769064, -0.0051554046, -0.005147479, 0.004755177, 0.016991833, -0.010849729, 0.0047631026, 0.0046679988, -0.0072040935, -0.011713586, 0.011253919, 0.020748423, -0.0023458875, -0.009478653, -0.0011739343, 0.031479273, -0.018386684, 0.0022052133, 0.0022230453, -0.018418387, 0.023966093, -0.020494813, -0.0077667893, 0.006847455, -0.009692636, -0.0035822333, -0.0013056924, 0.0020585954, 0.0014988715, -0.0077866027, -0.02120809, -0.01167396, -0.0028253677, -0.0044540158, -0.018085524, 0.019702284, -0.010580269, -0.031051306, -3.6252033e-05, -0.0012056355, 0.027437372, -0.029069982, -0.0117373625, 0.0067642396, 0.015628682, -0.0033821198, -0.0006310516, 0.003114641, -0.0019476413, -0.004362875, -0.004529306, -0.03193894, 0.0017901261, 0.043684226, 0.008377037, 0.0028253677, -0.012307984, 0.00023552986, 0.025551151, -0.01317184, 0.013742462, -0.005563557, -0.0072556078, -0.010358361, 0.004378726, -0.0073150476, 0.010857655, -0.0118483165, -0.0018644257, 0.01825988, -0.00818683, 0.025059784, 0.007953034, -0.0003321194, 0.0117373625, 0.0034772232, 0.011206367, -0.009161641, -0.009526205, -0.01330657, 0.004648186, 0.0069861477, 0.0067404634, -0.011047862, 0.010374212, 0.025012232, -0.014717273, 0.0049493467, -0.006589883, -0.027675131, 0.0028412184, 0.017942868, 0.0129103055, -0.002086334, -0.010112677, 0.014915406, 0.00778264, 0.0077113123, -0.01987664, -0.026597291, 0.00691482, 0.0018039953, -0.0129103055, -0.0011481772, 0.009811515, -0.019179214, -0.005420902, -0.013663209, -0.007830191, 0.004497605, -0.00010550549, -0.023839287, 0.00020605768, 0.0020784086, -0.009114089, 0.010065125, -0.021493401, 0.0057537644, -0.013599806, 0.015810965, 0.038580336, 0.0028788634, -0.0038833946, -0.017816063, 0.0063917506, -0.013908893, -0.0063759, 0.020415561, -0.008416664, 0.010168154, -0.0030968091, 0.04916853, 0.0037407393, -0.011935495, 0.020574067, -0.0137107605, 0.0074339267, -0.023268666, 0.020003445, 0.035029806, 0.0026411046, -0.005500155, 0.022904104, -0.025836462, -0.023744185, 0.013774163, 0.012957858, -0.022571241, -0.014645945, -0.02334792, 0.009193342, -0.006962372, 0.010691223, -0.02200062, -0.000273918, -0.00052059285, -0.024901278, -0.0067048, -0.0028669755, -0.005456566, 0.02686675, -0.009549981, 0.020050997, -0.0008693058, 0.0003341007, 0.0020050998, -0.002839237, -0.00872575, 0.008289859, -0.0026886563, -0.010921056, -0.0255353, 0.0030730332, 0.027865337, -0.019987594, -0.0026688431, 0.007362599, 0.031653628, 0.0050206743, -0.005884532, 0.007949071, 0.0054882667, -0.027580027, 0.02740567, 0.023823438, -0.003701113, 0.00045966712, 0.0066770613, 0.003316736, 0.011499603, 0.022745596, 0.016706523, -0.0034296715, 0.0033028668, -0.006387788, 0.0060866266, -0.0011055787, 0.028911477, 0.00091933424, -0.020193651, -0.010382136, 0.018085524, -0.0027322455, -0.010778401, -0.009827366, 0.020082697, -0.014725198, 0.01688088, -0.011055787, 0.00073408044, 0.008400813, 0.01263292, 0.00012791922, 0.0022547464, -0.0011848316, -0.004632335, 0.00089853036, 0.012728024, -0.04989766, 0.036392957, 0.00844044, -0.012521966, -0.026803348, 0.012720099, 0.0051197405, -0.020574067, 0.006649323, 0.013536404, 0.009201268, -0.030242926, 0.038421832, 0.0024865614, -0.021366596, -0.013591881, 0.006724613, -0.015818888, -0.0042360704, 0.012537817, -0.030195374, 0.012696323, -0.003671393, 0.016500464, 0.009977947, -0.024790322, 0.01423383, 0.0030670892, 0.026074221, 0.012918231, -0.0045728954, -0.01848179, -0.005048413, -0.008289859, 0.009351849, -0.0137107605, 0.03087695, -0.025139036, -0.0074260016, -0.02043141, 0.0045134556, 0.009082388, -0.0029561352, 0.011745287, -0.0015276007, -0.012355535, 0.010889356, 0.012902381, 0.006847455, -0.00021546896, 0.017514903, -0.014558767, 0.007889631, 0.0056428104, -0.019416973, -0.0053733503, -0.029910063, 0.0019446693, 0.0035208124, -0.03113056, -0.00448968, 0.008686123, -0.005512043, -0.001248234, 0.0028966954, -0.014836153, 0.008131353, 0.009962096, -0.01718204, 0.000414592, 0.009153716, -0.0028927329, -0.008915957, -0.0013641415, 0.03407877, -0.022919953, 0.004485717, -0.03241446, -0.007366562, 0.01046139, 0.007410151, 0.0042004064, -0.009795665, -0.0045728954, -0.019749835, -0.007085214, -0.019765686, 0.016738223, -0.023918541, -0.0069504837, 0.004339099, 6.84795e-05, -0.025139036, -0.0026529925, -0.0072793835, -0.0017822008, 0.012664622, -0.005733951, -0.008297784, -0.020161951, -0.0036951688, -0.010786327, -0.010849729, 0.007691499, -0.0036694116, -0.0029997241, -0.0020368008, 0.0087019745, 0.0028610316, -0.0067048, 0.00076280965, -0.009003135, -0.00616588, 0.010168154, 0.009629234, 0.0040339753, 0.008416664, 0.01315599, 0.010659522, -0.01824403, 0.010905206, 0.014828227, 0.005349574, 0.014875779, -0.0077232, 0.010556493, -0.008900107, -0.0015662365, -0.025043933, -0.0061460664, 0.0020021277, 0.036139347, 0.010128527, 0.012315908, -0.01935357, 0.015058061, -0.0021457737, -0.014376486, -0.008614796, 0.016484614, -0.012537817, -0.007632059, -0.024124598, -0.006708762, -0.01317184, 0.013108438, 0.0036495985, 0.007956997, 0.00080838014, 0.013893043, 0.00018834959, 0.005072189, 0.0056388476, -0.0028253677, 0.014844078, 0.0018297526, 0.0067642396, 0.0059241583, 0.0053099478, -0.024267254, 0.00818683, 0.02526584, 0.018022122, -0.010184004, -0.0027084695, -0.010754625, 0.010833878, -0.0028412184, -0.014273456, -0.006823679, 0.01492333, 0.00092924084, 0.009217118, -0.0016851159, -0.0101364525, 0.017388098, -0.007299197, 0.016722374, -0.0011878036, 0.024964679, -0.009272595, 0.018450087, 0.0028055545, -0.0011184573, 0.004442128, -0.0046283724, -0.0088525545, 0.036424655, 0.008670273, 0.0075171427, 0.03195479, -0.03185969, 0.0070574754, -0.009692636, 0.0038081044, 0.004541194, 0.000559724, 0.016833328, 0.015034285, 0.015707934, 0.019496227, 0.018465938, 0.013433375, -0.005329761, -0.02361738, 0.00085196923, 0.013893043, -0.0036912062, 0.010263258, 0.018022122, -0.019781537, 0.004216257, 0.0057537644, -0.0010728869, -0.010152303, -0.01986079, -0.009074463, 0.018465938, -0.017071085, 0.016516315, 0.0016603493, -0.0010223631, 0.0029660417, -0.019099962, -0.0022369146, 0.0061222906, 0.026755797, 0.025329243, 0.01556528, 0.022935804, 0.01180869, -0.03360325, 0.011039936, -0.0059122704, -0.009859067, 0.010667447, -0.010104751, -0.021588504, 0.00048542433, -0.017007684, 0.029973466, -0.009874918, 0.0040002926, -0.0007509217, 0.008511767, -0.0037070569, -0.019971743, 0.004006237, -0.016595569, 0.019512076, 0.0019050428, -0.0154464, -0.012038523, 0.014424037, -0.008075876, -1.2034994e-06, -0.0021497363, -0.008717825, -0.008281933, 0.016484614, -0.002595534, -0.00016345922, -0.022872401, 0.012458564, 0.010588194, -0.018212328, -0.0016157696, -0.011935495, 0.0030690706, -0.017705109, -0.016326109, 0.001447357, 0.015216567, -0.0012710192, 0.012038523, -0.007624134, -0.009660935, 0.0046600737, 0.0113093965, 0.03461769, 0.004644223, -0.013045036, 0.034268975, 0.013330347, 0.016183453, -0.010778401, -0.004862169, -0.011008235, 0.0070455875, 0.007671686, -0.0125932945, -0.007208056, -0.0174515, -0.008170979, -0.0036931876, -0.008353261, 0.0072278692, -0.016151752, 0.0060826642, -0.008495917, -0.011642259, 0.011372798, -0.0024330656, -0.009217118, 0.0025895901, -0.0026391232, 0.026201027, 0.015533579, 0.004497605, -0.006768202, 0.0005176208, -0.0032335205, 0.0043668374, 5.5879522e-05, -0.013140139, 0.0188305, 0.023775885, -0.0036337478, -0.023030907, 0.0011452051, 2.25066e-05, 0.021160537, 0.003683281, 0.025471898, 0.0096530095, 0.006150029, 0.0075528063, -0.025313392, -0.0034455222, 0.011872092, 0.005191068, 0.0037585713, 0.021112986, 0.012117776, -0.012838978, -0.030972054, 0.005353537, 0.00030066588, 0.007949071, -0.02626443, 0.015486027, -0.008384963, 0.008495917, 0.018656144, -0.011531305, -0.009217118, 0.0019535853, 0.0010035405, -0.005769615, 0.0042994726, 0.00026574507, -0.016278556, -0.0018376778, 0.01435271, -0.0021497363, -0.030623341, -0.022602942, 0.02710451, -0.0060866266, 0.019638881, -0.0024508976, -0.0005082096, -0.0043470245, 0.029672306, 0.010041349, -0.0010659522, -0.020795975, 0.010088901, -0.005900382, 0.008955584, 0.020875227, 0.010810102, -0.013013335, 0.011452052, 0.012957858, -0.009724338, 0.007085214, 0.0032513523, 0.0066295094, -0.009201268, -0.014328933, -0.00035317097, 0.01558113, -0.010928982, -0.0031760621, -0.01640536, -0.008765376, -0.0017911167, 0.01638951, -0.010532717, 0.0113093965, 0.00678009, -0.0064036385, 0.010699148, 0.0033979702, -0.020082697, -0.0036515798, 0.019385273, -0.0029719856, -0.0149391815, 0.002288429, 0.0024627855, 0.011983046, -0.008551394, -0.008147203, 0.019892491, -0.01492333, -0.007457703, -0.0022864477, 0.013393749, 0.002355794, 0.02203232, 0.008313634, -0.01987664, 0.0017713035, -0.015050136, 0.016563866, 0.011142965, -0.0015771338, -0.0006488835, -0.0014404224, -0.0154464, 0.016960131, -0.0018584817, -0.0036971502, 0.005543744, -0.009597532, -0.017800214, 0.015105613, 0.023252817, 0.003940853, 0.022396885, 0.004533269, -0.020970332, -0.0012739912, 0.007311085, -0.021445848, 0.03407877, 0.016658971, -0.0033623064, -0.013877192, 0.006712725, -0.0005106862, 0.019099962, -0.03322284, -0.021857964, 0.0067048, 0.010873505, -0.008820853, -0.019432824, -0.02122394, -0.003598084, -0.01568416, -0.000122161, 0.026676543, 0.0041092657, -0.03219255, 0.017229592, -0.0124823395, 0.0054486403, 0.0012412993, 0.0007286318, -0.008377037, 0.01583474, -0.013805864, 0.0011551118, 0.005349574, 0.0018139019, -0.013465077, 0.0040181247, -0.01600117, 0.0021695495, -0.0021517177, 0.0113648735, 0.020352159, -0.009423176, 0.00069891196, 0.002010053, 0.0035842147, 0.020843526, 0.0021675683, -0.0065819575, -0.0077667893, -0.009272595, 0.00072912715, -0.019813238, -0.011452052, 0.017388098, -0.0021061471, 0.008281933, -0.0068395296, -0.020542365, -0.025709657, 0.006883119, -0.005405051, 0.013663209, -0.013742462, 0.0011650184, -0.0030413321, -0.008289859, -0.002417215, 0.018101374, -0.0032909787, -0.024806174, 0.0021735122, -0.021889666, -0.011444126, 0.00953413, 0.013671135, -0.010580269, 0.0075845076, 0.0018148926, 0.004913683, 0.00043217625, -0.009478653, 0.0074497773, -0.0062570204, -0.006003411, 0.010572344, 0.017657558, 0.006383825, 0.010017573, -0.009748113, 0.026280278, 0.010675373, -0.0061302157, 0.008432514, 0.008297784, -0.0051118154, 0.008884256, -4.826381e-05, 0.0079966225, 0.009439027, 0.011071637, -0.024869576, 0.00448968, 0.007992661, -0.00031230616, -0.026993556, -0.017974569, 0.00010897281, -0.0029224525, 0.009423176, -0.0053812754, -0.0067325383, -0.0063679744, -0.015953619, -0.0092250435, -0.0060787015, 0.0069663343, -0.012046449, -0.0109923845, 0.008868406, 0.022476137, -0.01263292, -0.011388649, -0.0009376615, 0.005900382, -0.022412734, 0.016849177, -0.028293304, -0.0072912714, -0.0020090623, 0.0030809585, 0.018339133, 0.012537817, 0.016817477, 0.001954576, 0.01436856, -0.013568105, 0.009557906, -0.006522518, -0.01502636, -0.012815203, 0.004866131, 0.036392957, -0.011959271, -0.022111574, -0.02979911, -0.015921919, 0.031098858, 0.01905241, 0.0057062125, -0.031510975, 0.019543778, -0.0035881775, 0.021382445, 0.02337962, 0.0061817304, 0.011626408, -0.011341098, -0.006823679, 0.005329761, 0.0050761513, 0.011483753, -0.004656111, -0.0026846938, 0.008551394, 0.007675648, 0.011610557, -0.00030933417, -0.03303263, 0.007037662, -0.0010818028, -0.009098239, -0.0062332447, -0.022365183, -0.0068910443, 0.0027381894, -0.004790841, -0.0019407066, -0.018196478, 0.0018129112, 0.0028729194, 0.024806174, 0.042891696, -0.019258467, -0.01568416, 0.0018396592, -0.004592709, -0.011198442, -0.010176079, 0.024362357, 0.0056269597, -0.024219703, -0.020811826, 0.00062907033, 0.010802178, -0.014820302, -0.026660694, -0.007980772, 0.025646254, -0.006102477, -0.008487991, 0.006209469, 0.019797387, -0.00094657746, -0.008654422, 0.0043509873, -0.012101926, -0.011610557, -0.013179766, -0.010120602, -0.005531856, -0.0019535853, 0.004422315, -0.003972554, -0.024822025, -0.019306019, -0.0071565416, -0.013623582, 0.0027877225, -0.0023637193, -0.005619034, -0.0057181004, -0.0066413973, 0.004961235, -0.0013809827, 2.0169256e-05, 0.0074894037, 0.0105644185, 0.025471898, 0.0048859445, -0.0088525545, 0.0048819818, 0.012094, 0.0034673167, 0.0053257984, 0.017863614, 0.01558113, -0.008519692, -0.008123428, 0.0020387822, 0.0020199595, 0.042542983, 0.024235552, -0.007544881, 0.013916818, 0.01661142, -0.005456566, -0.0067880154, -0.009827366, 0.0077509386, 0.010540643, -0.019099962, 0.021144688, -0.016183453, 0.024869576, -0.0050206743, -0.013124289, 0.012577443, 0.0033940077, 0.019749835, -0.01327487, -0.006205506, 0.0188305, -0.0016722373, 0.007196168, 0.02524999, 0.002104166, 0.0114203505, 0.0187988, 0.0017217704, 0.00030586685, 0.009145791, -0.030290479, 0.012934082, -0.008353261, -0.014558767, 0.011325247, 0.016421212, 0.0046838494, -0.005183143, 0.010976533, 0.012046449, 0.014162502, -0.005131629, 0.0045174183, -0.00124229, 0.0019377347, -0.0118483165, -0.0051791803, -0.022190826, 0.01905241, 0.00076380034, 0.008551394, -0.023855139, -0.0054129767, 0.008036249, -0.013599806, 0.0048938696, 0.0048938696, -0.002460804, 0.03274732, 0.010905206, -0.020780124, 0.0024667482, -0.014130801, -0.012355535, 0.00066522945, 0.01568416, 0.0046600737, -0.0042677713, 0.031827986, 0.011103339, -0.0052584335, -0.009930395, 0.0021616244, -0.018053822, -0.007620171, -0.017863614, -0.01692843, -0.026660694, -0.0067048, -0.010049274, 0.02574136, -0.011206367, 0.027548326, -0.013322421, -0.0033642878, 0.012577443, 0.017673409, -0.0052148444, -0.0153116705, 0.01878295, -0.0059994482, 0.018037971, -0.010865579, -0.011238068, -0.00057012594, 0.006320423, 0.0537018, -0.0174832, -0.0013136177, 0.026597291, 0.005856793, 0.0030690706, -0.011935495, 0.015002584, 0.013988146, -0.009779815, -0.0087019745, -0.01221288, 0.00036456357, 0.012949932, 0.010572344, -0.008781227, -0.0062966472, 0.001582087, -0.019765686, 0.0002463033, 0.0076439474, -0.010437613, 0.009288446, -0.004113228, 0.010176079, -0.0011115227, -0.0048423554, -0.004259846, -0.009145791, 0.03328624, -0.0061262534, 0.011523379, -0.007465628, 0.016769925, -0.010437613, 0.028166499, -0.0035881775, -0.009312222, 0.007885668, 0.009018986, 0.0024726922, -0.016500464, -0.01661142, 0.015810965, 0.008028324, -0.0068355673, -0.004921608, 0.018671995, 0.004307398, -0.015612831, 0.014178353, 0.0021576616, 0.0064828913, -0.017308844, 0.010382136, 0.00089753966, -0.0048066913, 0.007830191, -0.0059994482, 0.007311085, 0.0082185315, -0.014376486, 0.0012363461, 0.0055397814, 0.006161917, 0.020843526, -0.003647617, 0.012117776, -0.015826814, 0.0030571825, -0.0006994073, -0.0037645153, -0.013750387, -0.0028471623, -0.004014162, -0.0013671134, 0.006490817, -0.016262706, -0.020970332, -0.003431653, 0.0027362083, -0.011024086, 0.0122762825, 0.015731711, 0.0032394645, -0.0043906136, 0.044920575, 0.0012353554, -0.008392887, 0.012561593, 0.0057735774, -0.0067642396, 0.0029085833, -0.009026911, -0.015541504, -0.0043470245, 0.032319352, 0.004596671, 0.0034118395, 0.011610557, 0.007564694, 0.020383859, -0.0052029565, 0.017150339, -0.014122876, 0.00047725136, 0.0066176215, -0.01908411, 0.010786327, -0.011832465, -0.01369491, 0.008353261, -0.03839013, -0.0009852132, 0.007406188, -0.032588813, -0.016484614, 0.013869267, 0.013235243, 0.012585369, 0.0052227695, -0.0035109057, -0.014574618, 0.013766238, -0.012934082, 0.013742462, 0.0059994482, 0.011983046, -0.004382688, -0.0025598702, 0.014400261, 0.008242307, -0.028642017, 0.0127993515, -0.008654422, -0.0028788634, 0.011824541, 0.020621618, -0.021810412, 0.008432514, -0.0022309707, 0.0024726922, 0.0013423469, 0.008527618, 9.1017064e-05, -0.0093994, -0.0007117906, 0.009423176, 0.014202129, -0.019781537, -0.007192205, 0.022174977, -0.003586196, -0.017356396, -0.010152303, 0.010199855, -0.013473002, 0.0025281692, -0.024092898, 0.016341958, -0.011903794, -0.0018505565, -0.016833328, 0.028642017, 0.006542331, 0.0021695495, 0.0052584335, 0.010516867, -0.018307433, -0.0045372313, -0.0012829072, 0.0117928395, 0.0024013645, 0.0004648681, 0.013869267, -0.0017207797, 0.0127993515, 0.021429999, -0.0014305158, -0.00045248482, 0.025139036, 0.006332311, -0.009977947, -0.0038635815, 0.0046402602, -0.0017207797, -0.0072001307, -0.0059281206, -0.008242307, -0.008939733, 0.007834154, -0.004592709, 0.004105303, -0.007802453, -0.007005961, 0.0013354123, -0.0045728954, 0.0028669755, -0.0043668374, 0.009454877, -0.0007751929, 0.015153164, 0.025567003, 0.017546603, 0.010778401, 0.016865028, 0.0036614863, -0.00010154284, -0.019892491, -0.009748113, -0.019718135, 0.022999207, 0.026914302, 0.028673718, 0.0050048237, -0.0008222494, -0.00912994, -0.012823127, 0.018148925, -0.0032275764, -0.012418938, -0.014852003, -0.007152579, 0.024267254, -0.007263533, -0.010453464, 0.0074418522, -0.04612522, -0.006217394, -0.014820302, -0.0059796353, -0.017562455, 0.0013453189, -0.007564694, 0.019733986, -0.016032873, -3.396113e-05, -0.00036258224, 0.01302126, 0.022079872, -0.0033583438, 0.016801625, -0.008448364, -0.01489163, 0.0125932945, 0.012704249, 0.01007305, 0.008892181, 0.013988146, 0.009597532, -0.011887942, 0.01772096, -0.00016308771, -0.013520554, -0.004216257, 0.018339133, -0.009629234, 0.0005141535, 0.015589056, -0.007461665, 0.021636056, 0.0071050273, -0.0022032321, -0.00475914, -0.0073229726, -0.009304296, 0.03512491, -0.017816063, -0.004596671, 0.023538128, 0.03623445, -0.01772096, -0.00791737, -0.016579717, 0.01450329, -0.0015394886, -0.017292995, 0.004846318, -0.014297233, 0.008638572, -0.012981634, 0.025614554, -0.016246855, 0.013346197, 0.018370835, -0.023046758, 0.0044540158, 0.007025774, 0.0067048, -0.009058612]"
待ち時間,fromCluster,-0.4439,66.0,3.1354,"[-0.011952305, -0.03466811, 0.008128853, 0.012747519, -0.023069235, 0.018249756, -0.010610884, 0.08559393, -0.04806626, -0.019358236, 0.011245448, 0.03463598, -0.03910203, -0.004626699, 0.037945356, -0.011390033, -0.00797222, -0.01950282, 0.02719792, 0.0031246282, -0.01252261, 0.008626865, 0.022298118, 0.028643765, -0.0007916996, -0.009229301, -0.0085224435, 0.019374302, 0.0026246074, -0.024820311, -0.013968454, 0.048580337, 0.0025603476, 0.03489302, -0.022699742, 0.026619583, 0.031390864, -0.0037832903, 0.03466811, -0.03257967, -0.045399483, 0.01982412, -0.040130187, -0.028258206, 0.012329831, -0.053560466, -0.018362211, 0.0031085634, 0.025928792, -0.024772117, 0.0034459268, 0.007008324, -0.011896078, -0.00034263477, 0.040451486, 0.021398483, 0.013374051, 0.030410906, 0.01366322, -0.036049694, -0.047552183, -0.0025382584, -0.021269962, 0.02928636, 0.023647571, 0.038170267, -0.023165625, 0.011486422, -0.011124961, 0.0022631465, -0.017735679, -0.052178882, -0.014402206, 0.005791406, 0.021350287, -0.009173073, 0.021446677, 0.0073738014, 0.06792251, -0.032965228, -0.0068597235, 0.041897327, -0.011157092, 0.0151492255, -0.021173572, -0.047712833, -0.006779399, -0.058669113, -0.02605731, 0.003176839, 0.039616108, -0.03479663, -0.047102366, -0.03649951, -0.015534784, 0.014627116, -0.014434337, 0.012289668, 0.023647571, 0.006658912, -0.01431385, -0.04803413, 0.0063858083, -0.023165625, 0.02416165, 0.04829117, 0.027663803, -0.017221602, 0.03955185, -0.04764857, -0.04295761, -0.014370076, 0.040869173, -0.04199372, -0.031583644, 0.0016807929, -0.0018444543, -0.023069235, 0.0070645516, -0.026458934, -0.010361877, 0.004775299, 0.018073043, 0.0028133702, 0.032933097, 0.0018575072, 0.022105338, 0.023101363, -0.01757503, -0.02295678, 0.015438395, 0.025703883, -0.035696268, -0.009614859, -0.016482614, -0.00036497504, 0.02324595, 0.018249756, -0.015775757, 0.019647405, -0.016281802, -0.03698146, 0.0037230467, -0.024402624, 0.00926143, 0.018458601, -0.014940382, -0.0021406515, -0.03948759, 0.062428303, -0.0036025597, -0.06107885, -0.019454626, 0.030667944, -0.013976486, -0.042668443, -0.021012925, -0.005586578, -0.012185247, -0.0046869423, -0.014603018, -0.040001668, -0.009430111, 0.023229884, -0.019952638, -0.022089275, 0.021077184, -0.026475, 0.018265821, 0.026346479, -0.06576981, -0.024241975, -0.022972845, -0.006036396, -0.012619, 0.041222602, 0.015213485, 0.01985625, 0.013984518, 0.030973177, 0.004984143, 0.053785373, -0.016916368, 0.002550307, -0.0030985228, -0.023470858, 0.017205536, -0.018506795, 0.0042049945, -0.040290836, -0.027679868, -0.00040563938, 0.033093747, -0.03264393, -0.004626699, 0.00495603, -0.007004308, -0.014161233, 0.006466133, 0.01731799, 0.00026231012, -0.010377943, -0.013341921, 0.00056227244, -0.017703548, 0.026169766, -0.0048114453, 0.007056519, 0.014651213, 0.035728395, 0.018297952, -0.018217627, 0.01480383, 0.01874777, -0.004494163, 0.012386058, -0.0049720947, 0.025864532, -0.014410239, -0.05873337, -0.008353761, -0.010811696, -0.013912226, 0.005895828, -0.011944273, 0.016723588, -0.02197682, 0.051311374, 0.0218483, 0.012402123, 0.018281886, 0.008883905, 0.012546708, -0.0020201644, -0.03466811, -0.04376086, 0.036146086, -0.031792488, -0.0030443035, -0.028065426, 0.00042521852, 0.040580004, -0.029125711, -0.010072709, -0.025061285, -0.023519052, 0.01431385, 0.034218293, 0.040065926, -0.022651546, -0.024804246, 0.00030799475, -0.00066518836, -0.021510936, -0.0040343045, 0.04597782, 0.034057643, 0.026137635, 0.016233608, -0.006795464, 0.024788182, 0.010088773, -0.049704883, 0.029238166, 0.019197587, -0.006835626, 0.01741438, 0.004265238, -0.0046026013, -0.011494455, 0.00041718606, -0.0075505152, 0.038587954, 0.0050042244, -0.038684342, 0.00578739, -0.068757884, 0.007265363, -0.019679535, -0.012024597, 0.01741438, 0.027904777, -0.016579004, -0.055713166, -0.0017962595, -0.00074099476, 0.02488457, -0.0030422953, 0.036595903, 0.012305734, -0.030764334, 0.02263548, 0.023213819, 0.008426053, 0.00039434375, 0.024707858, -0.009791573, 0.0028816462, 0.00991206, -0.031680036, -0.057416048, 0.024563272, 0.0076549374, -0.020547042, 0.013968454, 0.00260051, 0.0065303924, -0.017735679, 0.015542816, 0.018876288, -0.0077995216, -0.030908918, 0.04395364, 0.006574571, 0.0052813445, -0.010177131, -0.04343956, 0.023486922, -0.03065188, -0.038909253, 0.00094632455, -0.0032029448, -0.037559796, -0.0436966, 0.0010085761, 0.04568865, 0.0075384667, -0.009317657, -0.0050042244, 0.020980794, -0.040933434, 0.0020512904, 0.008578671, -0.0049801273, -0.02073982, 0.006329581, 0.01659507, 0.0055223187, 0.03257967, -0.007442077, -0.029848633, -0.016771784, 0.0010452243, -0.025029154, 0.006827594, 0.010996442, 0.025318325, -0.011060702, 0.023326274, -0.04099769, 0.0005517298, -0.019390367, 0.0075987102, 0.0014418272, 0.029318491, 0.0036648114, -0.016627198, 0.019390367, 0.008731288, -0.020755885, -0.005775341, -0.008289502, -0.010578754, 0.011245448, 0.017430445, -0.009430111, -0.016064927, 0.02422591, -0.04350382, 0.011004475, -0.017623223, 0.035824787, -0.0037913227, 0.026860557, -0.04774496, 0.020065093, -0.0007515373, 0.020530976, 0.000970924, 0.009638956, -0.043086134, 0.009743378, -0.026667777, -0.031117762, 0.004381709, 0.039744627, -0.026571387, -0.0464919, -0.015237583, 0.047359403, -0.029993217, 0.019711664, -0.01852286, -0.009920092, 0.0012691292, 0.022025013, 0.024916701, -0.0009804625, 0.029334556, -0.014522693, -0.021334222, 0.02947914, 0.027310375, 0.016803913, 0.04578504, 0.005996234, -0.017703548, 0.044981793, 0.007723213, 0.013092915, -0.0010115884, -0.031985268, -0.04816265, 0.010490397, -0.010321715, 0.0045423578, 0.013550766, -0.022201728, -0.01833008, -0.045367353, -0.026619583, -0.00023256491, 0.010980377, 0.005494205, 0.003743128, 0.004538342, 0.002168765, 0.037463408, 0.04780922, -0.016819978, -0.009952222, -0.0058315685, 0.004249173, -0.006711123, 0.01735012, 0.028129686, 0.015872147, -0.007915992, -0.0070806164, -0.024691792, -0.05275722, 0.00059440226, 0.026105504, -0.016964562, -0.010345813, 0.006606701, 0.027840517, 0.025029154, 0.015791822, -0.008795547, 0.00049500057, 0.035856918, 0.013060785, 0.021494871, 0.007365769, -0.020113287, -0.021302093, -0.04829117, -0.030732203, 0.011398065, 0.011398065, 0.008795547, 0.040258706, -0.017301926, 0.0072974926, -0.028772283, -0.020418521, 0.03251541, 0.027920842, 0.0065625226, -0.035567746, -0.027406765, -0.007265363, 0.008385892, 0.018297952, 0.0033776509, -0.042829093, 0.0073898663, -0.07473404, -0.011373968, -0.0034820728, 0.008763418, -0.010385975, 0.003277245, -0.025270129, 0.09150582, -0.0124101555, -0.0075665805, 0.023984935, 0.03290097, 0.033254396, -0.00520102, 0.000260302, 0.014354012, 0.009590761, -0.038684342, 0.0048315264, -0.057544567, -0.018908419, -0.024788182, -0.0026989076, -0.023647571, -0.0017741703, 0.016852107, -0.041094083, -0.017976653, 0.053785373, -0.049319323, -0.071006976, -0.007365769, -0.0044700657, 0.0054460103, -0.0044339197, 0.044981793, 0.023454793, 0.025478974, -0.028450985, -0.018281886, -0.015181355, 0.025029154, 0.003052336, -0.0016024765, -0.0011365935, 0.01637016, -9.6891585e-05, 0.0015462491, 0.0062331916, -0.0012400115, -0.011590844, -0.021414546, -0.011703298, 0.015639206, -0.01982412, 0.020081159, -0.009237332, 0.0023073251, -0.0048315264, 0.024193779, -0.0147074405, 0.021478806, -0.009229301, -0.011655104, -0.032595735, 0.022201728, 0.011534617, -0.010618917, 0.020611301, -0.008205161, 0.012602935, -0.0053817504, 0.015285778, -0.010153034, 0.03450746, -0.0036206327, -0.02735857, 0.004317449, 0.0077633755, 0.0016727605, -0.01578379, 0.011237416, 0.010763501, -0.008932099, 0.030346645, 0.024017066, 0.015462492, 0.0036126003, 0.0013956404, 0.0014227501, 0.006297451, 0.040322967, 0.00624524, 0.0027109564, -0.0091570085, 0.008221226, 0.03720637, 0.004883738, 0.00014834956, -0.02811362, -0.0007389866, -0.027647737, 0.03489302, -0.002341463, 0.02488457, 0.008964229, 0.0062291753, -0.027647737, 0.0049319323, -0.03163184, -0.0397125, 0.026346479, 0.027101532, 0.02980044, 0.009486339, 0.0113338055, -0.029671919, -0.012289668, 0.012426221, 0.013783707, 0.010096806, -0.0145628555, -0.010088773, 0.015856082, 0.0006195037, -0.00048270082, -0.01356683, -0.0027611593, 0.02181617, 0.035792656, -0.0015462491, -0.0037752576, 0.013823869, 0.048355427, -0.009020456, 0.008554573, 0.05439584, -0.004445968, 0.02067556, 0.02064343, -0.042539924, -0.010169098, 0.010546624, -0.018201562, 0.011622975, -0.01731799, -0.007948122, 0.025029154, -0.0140969725, 0.0013494538, 0.0029860681, -0.030732203, -0.002391666, -0.010177131, 0.032178048, 0.008193113, 0.033961255, 0.015414297, 0.0020543025, -0.02077195, 0.013422246, 0.016016731, -0.005494205, -0.00021976317, -0.0009468266, 0.0061809802, -0.0011747477, -0.023004975, 0.0060926233, -0.0029198003, 0.004437936, 0.061978485, -0.017237665, 0.044596236, 0.012120987, 0.029752243, 0.017077018, 0.0016777808, 0.0035905112, 0.023583312, -0.004172865, 0.007895911, 0.012297701, 0.0059560714, 0.0005868718, 0.0070685674, 0.012048695, 0.027567415, 0.006711123, 0.008642931, -0.019069068, 0.022651546, 0.010201228, -0.033672087, 0.023326274, 0.007470191, -0.018763835, -0.0036025597, -0.021591261, -0.029687984, -0.047873482, -0.024274103, 0.009406014, -0.012570805, 0.006273354, 0.019181522, 0.06933622, -0.0012510561, -0.013028655, 0.01249048, 0.021334222, 0.036403123, 0.009992384, 0.018667445, 0.018795963, -0.018924484, 0.008434086, -0.021302093, -0.011735429, 0.04960849, -0.0063416297, 0.00066318025, -0.028049361, -0.01584805, -0.0048877536, 0.017141277, -0.017141277, 0.010610884, -0.019486755, -0.002602518, -0.01581592, -0.040419355, 0.0028595568, -0.03450746, -0.018667445, 0.02735857, 0.018378276, 0.028001167, 0.001230975, -0.003781282, -0.038491562, -0.023502987, -1.2778206e-05, 0.016048862, 0.0034238375, -0.030989243, 0.030764334, -0.004180897, 0.022876455, 0.014723505, -0.013984518, 0.0054219128, 0.010691209, -0.00797222, -0.023438727, -0.005032338, -0.0023454793, 0.0037350955, 0.024338363, 0.021735845, -0.0029579545, -0.003638706, 0.020755885, 0.012008533, -0.006534409, -0.02748709, -0.011759526, 0.007442077, 0.001248044, 0.021671586, 0.017864197, -0.004747186, 0.010458267, -0.0072051194, -0.011293643, 0.0020402456, 0.004385725, 0.028884737, -0.0062532728, -0.0009347779, 0.025607493, 0.00812082, 0.0075987102, 0.002337447, 0.042796966, -0.0048877536, 0.012988493, -0.025013091, -0.0031025389, -0.012908168, 0.028643765, -0.026475, -0.01972773, -0.0025181773, -0.0015663303, -0.020466717, -0.0077955057, 0.018153368, -0.017864197, -0.0011938248, 0.0057552597, 0.009044553, 0.014996609, -0.008116804, -0.022314183, 0.00023946782, -0.020049028, 0.019968703, -0.016980628, -0.0045905528, -0.0010703257, 0.013767642, 0.03221018, 0.0026085423, 0.026266154, 0.015125128, 0.013807804, -0.0101610655, -0.0025543233, -0.0007736266, 0.03682081, -0.01024139, 0.007920009, -0.002204911, 0.0015934398, 0.023278078, 0.020000834, -0.016153283, 0.011647072, -0.02596092, 0.0058717304, 0.014916284, -0.031985268, 0.005791406, 0.023470858, -0.011631006, 0.018217627, -0.016868172, -0.013454376, -0.0059600878, -0.006152867, -0.03270819, -0.0034198212, -0.005743211, 0.024306234, 0.0010653054, 0.010667111, -0.024434753, 0.034186162, 0.019984769, 0.009285527, -0.023181688, -0.0062211426, -0.020241808, -0.043086134, 0.031069567, 0.013510603, 0.02295678, -0.049865533, 0.038941383, -0.024113454, 0.016145252, -0.0587655, 0.0119201755, -0.013590928, 0.00035066722, 0.017591095, 0.007401915, -0.013968454, -0.012827843, -0.0035101864, 0.032001335, 0.0060845907, 0.02064343, 0.02171978, 0.00384755, 0.012755551, -0.0017591094, 0.00790796, 0.010948247, 0.014008616, -0.0029900845, 0.027583478, -0.036531642, -0.03156758, -0.009703215, 0.0055584647, 0.008747352, -0.019213652, -0.085658185, -0.008241307, 0.011855916, -0.026025182, 0.0032511395, 0.018185496, -0.013912226, -0.010996442, -0.00050052284, 0.027695933, 0.005606659, 0.019984769, -0.022330247, -0.035953306, 0.04160816, -0.048740987, 0.0025944856, -0.0029198003, -0.0080324635, -0.017269796, 0.017960588, -0.032338697, -0.038780734, 0.022603352, 0.01940643, 0.012321798, -0.024193779, 0.016964562, -0.006225159, -0.008385892, 0.012104922, -0.024306234, 0.015350037, -0.031246282, 0.008602768, -0.0072091357, -0.018892353, 0.019470692, -0.039905276, 0.010442202, 0.0032149933, -0.013036688, -0.005341588, -0.0017671419, 0.012104922, -0.017623223, 0.006345646, 0.0025723963, 0.0043937573, -0.01581592, 0.0021205703, 0.0004003681, -0.029784374, -0.0027832484, 0.0042130267, 0.00086800806, 0.008221226, 0.028659828, 0.0012149101, -0.022764001, -0.02080408, 0.021992885, 0.0021767975, 0.0013655188, 0.014852025, -0.010643014, 0.016755719, 0.019583145, 0.010618917, 0.0037089898, -0.023535118, -0.013767642, 0.01581592, 0.007871814, 0.0135347005, -0.0031527418, 0.0021707732, -0.0016175372, 0.00041718606, 0.008924067, 0.01085989, -0.011213318, -0.005670919, -0.008988326, -0.005494205, -0.01265113, -0.002287244, 0.020948663, -0.01861925, -0.035985436, -0.021446677, 0.00097243005, 0.0019569087, 0.020820145, 0.0024760067, -0.018571055, -0.003674852, -0.016137218, 0.016514745, -0.024177713, 0.0032712207, 0.015398232, 0.011614942, 0.003674852, -0.0027993135, -0.0141210705, 0.03498941, -0.0018012798, 0.02207321, -0.039069902, -0.017880263, -0.027406765, -0.026555324, 0.004458017, -0.009365852, -0.0019679535, -0.027278244, 0.02380822, -0.025607493, 0.0022792115, -0.031551514, 0.012474415, 0.001560306, 0.018201562, 0.0020532985, -0.00883571, -0.03707785, -0.010707273, 0.03192101, -0.023792155, -0.002114546, -0.019101197, 0.016996693, -0.024531143, -0.013976486, -0.031358737, 0.026394675, -0.008908002, -0.038555823, -0.015647238, 0.028097557, -0.0060243476, 0.033511437, -0.002373593, 0.012145084, 0.0129965255, -0.009052586, -0.011695267, 0.025543233, 0.019872313, 0.024997026, 0.02935062, 0.038909253, -0.021157509, 0.015109063, 0.009446177, 0.008393924, 0.01085989, 0.01575166, -0.0067191552, 0.030330582, -0.0051447926, -0.0021968787, 0.040355094, -0.0067432527, 0.03204953, 0.0054379776, -0.013494538, -0.011639039, 0.026009116, 0.010096806, 0.0069802105, 0.03058762, 0.0034539592, -0.0124583505, -0.00991206, 0.009542567, -0.0135828955, -0.025189804, 0.0053456044, 0.026555324, 0.03710998, -0.011221351, 0.041254733, -0.019197587, 0.017157342, 0.022410572, 0.002132619, 0.007767392, -0.020338196, -0.0051407763, 0.0393912, -0.01767142, -0.0064781816, 0.0019318074, -0.015012674, -0.00063054834, -0.0048355428, -0.0090847155, -0.028242141, -0.013269629, -0.0014588961, -0.011277579, -0.0045021954, 0.010072709, 0.008586703, -0.0060564773, -0.008213194, -0.0075464994, -0.0055464157, 0.000111889705, -0.033607826, 0.0091811055, -0.0526287, 0.0073175738, 0.0073296227, -0.023422662, 0.018378276, -0.015133161, -0.003263188, 0.0046146503, -0.014249589, 0.023326274, -0.017189471, -0.0007706144, 0.00083035586, 0.032274436, -0.008691126, -0.011631006, -0.011454293, -0.037559796, 0.005429945, 0.023229884, -0.015767725, -0.025719946, 0.010835793, 0.0047953804, 0.00012563274, 0.005988201, 0.011036605, 0.03495728, -0.012988493, 0.002843492, -0.024997026, -0.013309792, 0.01633803, 0.033736344, -0.007478223, -0.013815837, 0.007144876, 0.021430612, -0.015374134, 0.003190896, 0.010610884, 0.028515244, -0.022025013, -0.0023976902, -0.035760526, -0.022362377, 0.017157342, -0.0010151025, -0.00547814, -0.007650921, -0.014603018, -0.018410405, 0.026796298, 0.0107956305, 0.010000417, -0.006936032, -0.002186838, 0.014105005, 0.0033736345, -0.027952973, -0.005899844, 0.0062492564, -0.003833493, 0.016868172, 0.0014930341, 0.0067191552, -0.027631674, 0.003678868, -0.01767142, 0.008562606, 0.00060444284, 0.0022490898, -0.009044553, -0.008787515, 0.025928792, 0.018828094, -0.0041407347, 0.0011526585, 0.0065464573, 0.026298285, -0.0039620125, -0.025607493, 0.029736178, 0.0027832484, -0.019036938, -0.010900052, 0.0077754245, -0.010739403, 0.0218483, 0.029414881, 0.005530351, 0.0039479556, 0.012024597, -0.01040204, -0.010096806, 0.0017530851, -0.00063004636, 0.008490314, 0.015968537, 0.019197587, 0.0061287694, -0.00880358, -0.0152456155, 0.006626782, -0.0008484289, 0.021237833, -0.005273312, -0.0064982628, -0.0196956, -0.022185663, -0.022426637, 0.0052652797, -0.0018765843, -0.012940298, -0.0295434, 0.011671169, 0.03698146, -0.0196956, 0.0038696392, 0.021221768, 0.0060604936, 0.03306162, 0.010964313, 0.01578379, -0.0123619605, -0.0076710023, -0.006674977, 0.0031165958, -0.0032511395, 0.0006526376, 0.006855707, 0.008321632, -0.019743795, 0.0011235408, -0.003955988, -0.0024519095, -0.0055464157, -0.0018575072, -0.031069567, 0.015342005, 0.008996359, -0.035407096, -0.015791822, -0.010867923, -0.00661875, 0.04343956, 0.023856416, -0.008667028, 0.044499844, -0.014450401, -0.024418687, -0.011173156, 0.010659079, 0.024290169, -0.019422496, -0.003955988, -0.008169015, -0.005213069, 0.014129103, 0.024659662, -0.013028655, -0.007715181, -0.0160087, -0.018121237, 0.017125212, -0.0024659662, 0.009984352, -0.016386226, -0.0034800647, -0.017334055, 0.02735857, -0.0065223603, -0.024001, -0.025286194, 0.011197254, -0.021189637, 0.013880096, -0.000120675206, -0.018940547, 0.010787598, -0.019952638, 0.01959921, -0.011197254, -0.0002929339, -0.06766547, 0.021334222, -0.012964396, 0.033286527, 0.011655104, 0.0028414838, -0.005289377, 0.010594819, -0.016482614, -0.0049680783, 0.00797222, 0.01861925, 0.010273521, 0.012691292, -0.021575196, -0.031615775, -0.046427637, -0.0020211686, 0.032419022, -0.029848633, -0.007859766, 0.004200978, -0.00471104, 0.04080491, 0.0004179391, 0.014843992, 0.005686984, -0.0102092605, -0.020723755, 0.038587954, -0.0062331916, 0.010779565, 0.008028447, -0.0046226825, 0.016137218, -0.0005326527, -0.0019699617, -0.0067713666, -0.023984935, 0.03153545, -0.024739986, -0.003966029, 0.00036823822, -0.016771784, 0.012924233, 0.023840351, 0.00082232343, 0.0025703881, -0.025382584, 0.0058837794, 0.0026587453, -0.019117262, 0.018169431, -0.017077018, 0.008160982, 0.0028716056, -0.0011948289, -0.020466717, -0.0018866248, -0.004594569, -0.011526585, -0.009703215, -0.020193612, -0.007879847, -0.023583312, 0.010145001, -0.030250257, 0.0050363545, -0.0112856105, -0.0050725006, 0.0022169598, 0.016948497, -0.047166623, 0.0009694179, -0.025125545, 0.0032792531, -0.010803663, -0.03505367, -0.00036999534, 0.012578838, -0.013606993, 0.006695058, 0.012225409, -0.005289377, 0.015615108, -0.0046026013, 0.007369785, 0.012209344, -0.002688867, 0.023840351, -0.008964229, -0.0060564773, 0.0034479348, 0.031294476, -0.017864197, 0.02298891, -0.0045785042, -0.020322131, -0.011486422, 0.013735512, -0.007735262, 0.015422329, -0.010514494, 0.023004975, -0.027438894, 0.0069320155, -0.036306735, -0.0156874, -0.007285444, -0.007369785, -0.017060952, -0.017944522, -0.0018414422, -0.010586786, 0.07242069, 0.014482531, 0.031390864, 0.01610509, 0.0016908335, 0.02520587, -0.02488457, -0.004233108, -0.008369827, -0.0067713666, 0.013414213, 0.0004003681, 0.045078184, -0.02181617, -0.022217793, 0.014016648, -0.016032796, -0.03055549, 0.015398232, 0.01144626, -0.013012591, 0.0313748, -0.0050885654, -0.026924817, 0.00012776637, 0.026025182, 0.009679118, 0.0016767767, 0.031198086, 0.019518886, 0.0023133494, -0.006417938, -0.0009955234, -0.016354095, -0.0047431695, 0.005377734, -0.025462909, -0.0051729064, -0.0033394967, 0.023069235, -0.010249423, -0.08546541, 0.0036266572, -0.00873932, 0.020627366, -0.009148976, 0.012715389, 0.009221268, -0.013968454, -0.015607076, -0.003915826, 0.014779733, 0.029575529, 0.004245157, 0.014683343, -0.019036938, -0.0009433124, -0.004425887, 0.0140246805, -0.023936741, -0.037559796, -0.011012507, -0.009148976, 0.022137469, -0.034121905, -0.006674977, 0.005530351, 0.007932058, 0.014474499, 0.01731799, -0.015960505, 0.023631508, 0.018940547, 0.0065986686, -0.0014207419, 0.03208166, -0.017655354, 0.010763501, -0.022812195, -0.011831818, -0.0046427636, 0.005466091, 0.011269546, -0.01092415, -0.0004919884, -0.025029154, -0.016932432, -0.0030382792, 0.013390116, -0.04385725, -0.003486089, -0.017655354, 0.021414546, -0.0049439813, -0.013823869, -0.010458267, -0.013454376, -0.01741438, 0.04334317, -0.018924484, -0.009663053, -0.0003797849, -0.01617738, 0.0065424414, 0.023310209, 0.003172823, -0.021189637, -0.014386142, 0.037881095, 0.008948164, 0.0119201755, -0.008132869, 0.0021567163, -0.024450818, -0.014667278, 0.010739403, -0.027904777, 0.009470274, 0.010088773, 0.024209844, -0.005598627, 0.013976486, 0.022523027, -0.020547042, 0.021221768, -0.0028214026, -0.018378276, 0.0074300286, -0.024370493, 0.020113287, -0.012924233, -0.008024431, -0.011044637, 0.0006571559, 0.0026547292, -0.01418533, 0.02181617, 0.015285778, 0.034764502, -0.0218483, 0.0028495162, -0.000987491, 0.0015864115, -0.0065303924, -0.0010743419, -0.020386392, -0.030491231, 0.0050082407, 0.05195397, 0.015864115, -0.022041079, 0.004373676, 0.042636316, -0.0005657866, -0.03470024, 0.019791989, 0.007156925, -0.0372385, -0.017944522, -0.009735346, 0.009984352, 0.014980543, -0.02498096, 0.020209678, -0.01767142, 0.009928125, 0.0019528926, -0.012297701, 0.015727563, -0.0021426596, -0.015743628, -0.0054540425, 0.016932432, -0.011181189, -0.0107474355, -0.0017269796, 0.005859682, -0.031455126, -0.0021306109, -0.0032812613, 0.006397857, 0.011494455, -0.008164999, 0.021269962, -0.003937915, 0.0026989076, -0.008466216, -0.009044553, 0.00489177, 0.031278413, 0.0039098016, 0.0015161274, -0.009245365, 0.002757143, 0.00037526665, 0.015205453, 0.01082776, 0.01757503, -0.001197841, 0.008020415, -0.014763667, -0.025270129, -0.007895911, 0.011454293, -0.01036991, -0.009365852, 0.0041206535, 0.00766297, 0.008233274, 0.008514411, -0.01767142, -0.0032832692, 0.00014081912, -0.0065103113, 0.0013082875, 0.006855707, -0.0029519303, -0.00027009158, 0.017687485, 0.014321882, 0.013735512, 0.003656779, -0.002204911, 0.024515077, 0.021944689, -0.0034378942, 0.00031853738, 0.006674977, 0.0017952556, 0.013157175, 0.0069962754, 0.0016516752, 0.03537497, -0.0053335554, 0.02729431, 0.00028916867, 0.010442202, -0.016466549, -0.035310708, -0.014932349, 0.020755885, -0.0059721363, 0.003970045, -0.0056548542, 0.013157175, 0.0124342535, -0.0021406515, 0.021800105, -0.01874777, 0.0030081575, 0.009510436, -6.243985e-06, 0.010273521, -0.0065866197, 0.0045785042, -0.011157092, 0.009173073, -0.00600025, -0.0041045886, 0.0029961087, -0.051022206, -0.0045182607, 0.0049319323, -0.0010371918, -0.007024389, 0.0017410364, -0.0026065344, -0.014506629, -0.007040454, -0.0033776509, -0.017864197, -0.020129353, 0.007160941, 0.022089275, 0.024547208, 0.048419688, -0.009839768, -0.007835668, 0.024258038, 0.002047274, -0.016233608, -0.010016481, -0.0020743837, -0.025607493, 0.01608099, 0.01747864, 0.018763835, -0.0072573307, -0.017301926, 0.0053897826, 0.007855749, 0.0068597235, -0.0043937573, 0.019342171, 0.003994142, -0.0034117887, 0.006345646, -0.0112856105, 0.003833493, -0.0058918116, -0.004421871, 0.014594985, 0.0058315685, -0.0053295395, 0.017077018, 0.021478806, -0.0034981377, -0.0023816254, -0.011759526, 0.00883571, 0.013855999, 0.0007846712, 0.01369535, -0.0027712, -0.00058737386, -0.020225743, -0.016819978, 0.0039338986, 0.009253398, -0.010297618, -0.019422496, -0.0028595568, -0.005205036, 0.0016506712, -0.011494455, -0.010249423, 0.017221602, 0.01627377, 0.0002079655, 0.021157509, 0.013502571, -0.0069962754, 0.008980294, 0.008578671, -0.0030041412, -0.021173572, 0.0012219384, -0.008683093, 0.0020040995, 0.0026968995, 0.010602851, -0.022378443, 0.013341921, -0.0048516076, 0.0046226825, 0.0096710855, 0.019069068, 0.019984769, 0.017028822, 0.015342005, -0.0070444704, -0.009173073, 0.0015673344, -0.013366018, 0.009574696, -0.006582604, 0.009285527, 0.0049158675, -0.0020723755, -0.00043802024, -0.00054018316, -0.009799605, 0.020563105, -0.0016386225, -0.015695432, -0.031278413, 0.009638956, 0.00054219126, -0.020338196, 0.004731121, 0.0015813912, 0.0221696, 0.018699575, -5.054804e-05, 0.00883571, -0.0016285819, 0.020820145, -0.00800435, 0.006068526, -0.018699575, 0.0019689575, 0.008843742, -0.017591095, 0.0028695974, 0.00042270837, 0.014916284, -0.0073095416, 0.0068034963, -0.0063054836, 0.0023474873, -0.015840018, 0.00039760693, 0.007666986, 0.0064781816, 0.012619, 0.029141776, -0.013823869, -0.0043937573, -0.014763667, 0.0022169598, -0.0027952972, -0.016048862, 0.011213318, -0.00596812, -0.0029900845, 0.010136968, -0.014378109, 0.028354594, 0.0065103113, -0.01975986, -0.0067713666, -0.016097056, -0.011679201, -0.014105005, -0.017655354, -0.0072613466, -0.008691126, 0.0046146503, 0.007703132, 0.007703132, -0.013084883, -0.0043616276, 0.026764167, -0.011092831, -0.011253481, -0.012120987, -0.0075505152, -0.00260051, 0.0039479556, -0.003054344, 0.02944701, -0.0029539384, -0.0042210594, -0.0041688485, -0.0058877957, -0.015711498, -0.008691126, -0.01861925, 0.009269463, 0.0021386433, 0.011189221, -0.0006109692, -0.018988743, 0.0049520135, 0.008530476, -0.031615775, -0.02067556, -0.02314956, 0.014827927, 0.0009438144, 0.0016165333, -0.00260051, -0.0295434, -3.903275e-05, -0.0015743627, -0.0006636823, -0.015470524, -0.019085133, -0.0006345646, 0.016643263, 0.007992301, -0.017687485, 0.020065093, -0.011044637, 0.00062502606, 0.007233233, -0.01649868, -0.009855832, -0.0045785042, 0.021992885, 0.006919967, 0.01659507, -0.00978354, 0.0074340445, -0.01966347, -0.009301593, -0.013125045, 0.013751577, 0.004927916, 0.009687151, 0.024499012, 0.00042923476, 0.010835793, 0.016675394, -0.0058114873, -0.006482198, 0.024113454, -0.004281303, -0.0065504736, -0.00520102, 0.0013825877, 0.0053335554, 0.006438019, 0.012225409, 0.0019388358, -0.0068918536, -0.0017842109, 0.0021948705, -0.011775591, -0.009221268, -0.0091088135, 0.006691042, -0.005771325, -0.007357736, 0.021414546, -0.009566664, 0.0037712415, 0.010048611, 0.014458434, -0.010201228, 0.011036605, 0.006674977, 0.012233442, -0.0005457055, -0.016482614, 0.017880263, 0.008265405, -0.022876455, -0.011518552, 0.00218483, -0.0063697435, 0.011373968, -0.036595903, -0.017655354, 0.011149059, -0.015952472, -0.016675394, 0.025864532, 0.0010482365, -0.0037350955, 0.005450026, 0.0001976739, -0.012643097, -0.0045905528, -0.01575166, 0.03739915, -0.004116637, -0.027149726, -0.0076951, -0.026699908, 0.009711248, 0.007092665, -0.0067673502, -0.0018133286, 0.022571221, -0.0009086724, 0.000814793, -0.028836543, 0.013783707, 0.0064621167, -0.00081830716, -0.012940298, -0.017591095, -0.0041768807, 0.022972845, -0.00655449, -0.014177297, 0.025896661, -0.023390533, -0.004803413, 0.0072091357, 0.012241474, -0.0037270628, 0.005494205, -0.026555324, 0.007666986, 0.0047070235, -0.0033736345, -0.0045865364, 0.021607326, 0.0034780565, -0.021671586, -0.017093081, 0.0034800647, 0.009317657, 0.03694933, 0.010193196, 0.010819728, -0.023326274, -0.021398483, -0.0021948705, 0.010675143, -0.010249423, -0.009438144, 0.015052836, -0.01310898, -0.015470524, -0.0011506503, 0.0040664347, -0.008586703, 0.0029579545, -0.014394174, 0.006434003, 0.026699908, -0.010683176, 0.040322967, 0.004365644, -0.014956446, 0.028515244, 0.005907877, 0.010779565, 0.030748269, 0.00797222, -0.007056519, 0.004024264, -0.0025442827, 0.0102574555, -0.008779482, 0.025655687, -0.009397982, 0.005843617, -0.019968703, 0.015639206, -0.007679035, -0.0046548126, -0.013767642, -0.004385725, -0.016948497, 0.0055383835, -0.0024840392, 0.01669146, 0.023551183, -0.0008825669, -0.0025864532, -0.0008936115, 0.005257247, 0.009100781, 0.010145001, 0.026667777, 0.0043495786, 0.005927958, 0.0046548126, 0.006454084, -0.053110648, 0.027069401, -0.022844326, -0.009486339, 0.034282554, 0.019004809, -0.0019067059, -0.0062854025, -0.016000668, 0.034282554, -0.012811779, 0.0067071067, 0.014691375, 0.002911768, 0.02406526, 0.019069068, 0.0025041203, 0.0015984601, 0.0006029368, -0.0076107588, -0.020241808, 0.006602685, 0.010755468, 0.024756052, -0.011831818, -0.02295678, 0.016675394, -0.024209844, 0.018828094, -0.007807554, -0.0015874156, -0.01147839, 0.0016125169, 0.008779482, 0.0091329105, -0.011719364, 0.024450818, -0.009373885, 0.00867506, -0.019872313, 0.01874777, -0.00412467, 0.031262346, -0.0013102955, -0.017976653, -0.015406264, 0.010112871, -0.00012456594, -0.018378276, 0.0036025597, 0.027985102, -0.049094416, -0.004927916, -0.004353595, 0.0015623141, -0.00732159, -0.026201895, 0.004409822, 0.0044780984, -0.012683259, 0.0051367604, 0.0030382792, -0.02191256, -0.0243223, -0.0071247946, -0.038941383, -0.02070769, 0.013703383, -0.005112663, -0.00565887, 0.005735179, -0.008385892, -0.0069279997, -0.000572815, 0.029125711, -0.016193446, 0.00880358, -0.016514745, -0.005096598, 0.014747603, -0.015799856, 0.017719613, -0.0038415254, 0.0008564614, -0.01131774, 0.014450401, 0.0065464573, 0.0060645095, -0.0009287536, 0.0069119344, -0.012394091, 0.0069520967, -0.01747864, -0.007642889, -0.005686984, -0.005221101, -0.008426053, 0.002309333, 0.01839434, 0.0024177714, 0.012394091, -0.023406597, -0.0017671419, -0.0060122986, -0.00035869968, -0.016097056, 0.009438144, -0.008213194, 0.012739487, 0.0070364377, -0.0037330873, 0.0019729738, -0.013036688, 0.018795963, 0.0033575697, -0.0033234316, 0.0038796798, 0.009606826, 0.0062050777, 0.017735679, -0.010153034, 0.004719072, -0.013245531, 0.010570722, -0.000451324, 0.0072091357, -0.008964229, -0.015735595, 0.01833008, 0.019952638, 0.011390033, 0.017430445, 0.0014107013, 0.012080825, 0.0011847883, -0.013944356, -0.0055062533, 0.006976194, 0.003050328, -0.006795464, -0.0160087, 0.0016576996, -0.016161315, -0.014948414, -0.02713366, 0.0034820728, -0.01604083, -0.00066167413, -0.010948247, -0.00036572808, 0.0045785042, 0.007421996, -0.0033435128, -0.017044887, -0.007767392, -0.0050443867, 0.024916701, -0.021398483, -0.026169766, -0.016562939, -0.004751202, -0.003949964, 0.0058877957, -0.0062171267, -0.003867631, -0.00056026434, -0.012281636, 0.00870719, 0.00578739, -0.009365852, -0.007072584, 0.0013474457, 0.011470358, 0.0030101656, 0.005915909, -0.029623725, -0.019165456, -0.0040905317, 0.010104839, 0.019085133, -0.031262346, 0.002028197, -0.018956613, -0.0071689733, -0.00053014257, 0.0046909587, 0.01731799, 0.0053335554, -0.0059721363, 0.0042692544, 0.014723505, 0.019390367, -0.012691292, -0.009791573, 0.0012410156, 0.017285861, -0.0024679743, 0.021189637, 0.02514161, 0.012394091, -0.011454293, -0.005988201, 0.023856416, -0.0010994434, -0.006695058, -0.0038033712, 0.008779482, 0.0067914478, -0.025832402, 0.025093416, 0.0009674098, -0.0022350329, 0.0006486214, 0.011406098, -0.014940382, 0.003313391, 0.004074467, -0.007895911, -0.005915909, 0.01356683, 0.0006506295, -0.011751493, 0.011116929, 0.008747352, -0.00824934, -0.012016565, 0.027583478, 0.0069119344, 0.0031788473, -0.0036949331, 0.025687817, -0.017558964, 0.012482448, 0.0021024973, -0.039905276, 0.019647405, -0.016113121, -0.011197254, 0.012594902, 0.0011004475, 0.022651546, -0.011406098, 0.0055584647, 0.0064259707, -0.01190411, 0.009638956, 0.0026968995, -0.01480383, -0.00738585, -0.004855624, 0.010803663, -0.0037190304, 0.002064343, -0.003245115, -0.045013923, -1.8002445e-06, 0.00790796, -0.00824934, 0.005148809, -0.0018725679, 0.0048275106, 0.0019318074, -0.019888379, 0.0030121738, 0.013301759, 0.0026908752, 0.008377859, 0.013341921, 0.0060926233, -0.017896328, -0.0090847155, 0.0007836672, -0.0070806164, -0.0031346688, 0.01627377, -0.027920842, 0.010313683, 0.01855499, 0.020113287, -0.0125065455, -0.01760716, -0.006811529, 0.015366102, 0.02298891, 0.014370076, -0.008498346, -0.01975986, -0.016916368, 0.021430612, 0.0146110505, 9.996651e-05, 0.009470274, 0.0003868133, 0.013269629, -0.022860391, -0.013920259, -0.02510948, 0.00020595737, -0.007807554, -0.018153368, -0.0101610655, -0.0075545316, -0.024643596, 0.0068034963, 0.022571221, -0.002182822, 0.009807638, -0.008723255, -0.015133161, -0.0038455417, -0.02171978, -0.011181189, 0.0033334722, 0.0068597235, 0.02282826, 0.0031246282, 0.00014358028, 0.011325773, -0.03238689, 0.006172948, -0.0008178052, 0.0041005723, -0.008100739, 0.0015362086, 0.0043134326, 0.00991206, 0.006783415, -0.0017731662, 0.011839851, 0.013807804, 0.006297451, -0.0140969725, 0.0036507545, 0.023422662, 0.0022892521, -0.009277495, 0.013028655, 0.021334222, -0.0077111647, -0.016611135, 0.012570805, 0.007269379, -0.022282053, -0.0050885654, -0.02282826, -0.006486214, 0.023952805, 0.001560306, 0.010964313, 0.010249423, 0.028001167, 0.0040162317, -0.0043054004, 0.00035242434, 0.021334222, -0.01144626, -0.027888712, 0.0032852774, 0.023760026, 0.014145168, 0.018346146, -0.0068436586, 0.0014940382, 0.0024900637, -0.0021306109, 0.0062010614, -0.019181522, 0.00975141, -0.016193446, -0.016755719, 0.0059359903, 0.0118237855, 0.015117096, 0.010643014, -0.0017018782, -0.0091570085, 0.0009136927, 0.0059239417, 0.02539865, 0.011727396, 0.015526751, -0.011422163, 0.0069520967, -0.016996693, 0.00023105882, -0.005494205, -0.0020081159, -0.016305901, -0.0066709607, 0.012530643, 0.008506378, 0.003957996, 0.003865623, -0.013912226, 0.010201228, 0.00050930836, -0.0147074405, 0.0076910835, 0.008883905, 0.013060785, 0.019213652, 0.031053502, -0.021430612, -0.011269546, -0.019952638, 0.0077593597, -0.03534284, -0.013968454, -0.01532594, 0.009976319, 0.0043094163, 0.01480383, -0.008554573, 0.016723588, 0.002514161, 0.00014998115, -0.003347529, 0.014827927, -0.005578546, -0.0044620335, 0.018362211, -0.028675893, 0.03283671, 0.0029358652, 0.014233525, 0.006293435, 0.0027310376, -0.010225326, 0.013325856, 0.007807554, 0.0073617524, -0.0006159895, -0.007562564, 0.032306567, 0.0018785923, -0.019053003, 0.000555746, 0.029157842, 0.0010196208, -0.016627198, 0.008514411, 0.009205203, -0.0058315685, -0.00040865157, 0.0019157425, 0.0017701541, 0.0091329105, 0.001143622, -0.008490314, -0.020065093, -0.026956946, -0.021800105, 0.0022290086, -0.0032290502, 0.013173239, -0.001403673, -0.015165291, 0.014691375, 0.0069119344, 0.0072051194, 0.00661875, 0.011807721, -0.004373676, -0.007964187, 0.017237665, 0.0071729897, 0.008908002, -0.0005708069, -0.00020545535, 0.003413797, -0.024113454, 0.0018725679, -0.0064139217, -0.0002495084, 0.004237124, -0.016466549, 0.010297618, -0.032129854, -0.0051046303, 0.008241307, -0.010916118, -0.0085224435, 0.016611135, -0.012209344, 0.0072814277, -0.006417938, -0.005486172, 0.008996359, -0.040451486, -0.006646863, 0.0036286653, -0.0035242431, -0.01950282, -0.0026105505, -0.0036166166, 0.012916201, 0.0030021332, 0.0007354724, -0.0054219128, 0.013944356, 0.0006797472, 0.00547814, 0.0034760484, -0.015181355, -0.013839934, -0.0047712834, -0.009711248, -5.0893184e-05, 0.0074621583, 0.00091519876, 0.010313683, 0.004474082, 0.005586578, -0.015639206, -0.0067914478, 0.021077184, -0.014498596, 0.002911768, 0.011004475, -0.0074661747, 0.006446052, 0.011518552, -0.011197254, 0.030057477, -0.001993055, -0.00433753, 0.0047431695, 0.0018093124, 0.019486755, 0.003674852, -0.007879847, 0.0049158675, 0.0034037563, 0.011502488, -0.0061127045, 0.0175429, 0.015663303, 0.0006676985, -0.028515244, -0.0017540891, -0.0021527002, -0.018812029, 0.0040041828, -0.010072709, 0.017703548, 0.009638956, 0.0118719805, 0.012538675, -0.0012329831, 0.0027330455, -0.02070769, 0.018699575, 0.005980169, 0.0026045262, -0.009590761, 0.0022470816, 0.00029218086, 0.00015412288, 0.008602768, 0.010819728, -0.0076710023, 0.021269962, 0.011076767, -0.020498846, 0.019647405, -0.004490147, 0.012988493, 0.011398065, 0.016000668, -0.005915909, -0.0091088135, 0.007911976, 0.0037571846, -0.02412952, -0.007213152, 0.017639289, 0.0024237959, -0.011165123, 0.0011536626, -0.0053737178, -0.0045343256, 0.004417855, 0.013864031, 0.0022571222, -0.010345813, -0.0016466549, 0.004735137, 0.015904278, -0.010948247, -0.00824934, -0.011189221, -0.0068396423, 0.0102574555, -0.021318158, -0.007229217, 0.007522402, -0.0026105505, -0.007703132, 0.015526751, 0.011984435, 0.0036346896, -0.034057643, -0.00867506, -0.019326106, -0.027744127, 0.0096228905, 0.0040102075, 0.0030784416, -0.0037732497, 0.00516889, -0.0024037147, -0.021478806, 0.007120779, 0.020498846, 0.023326274, -0.017494705, -0.021093247, -0.0036728438, -0.018635314, -0.0060283635, 0.013390116, -0.021960754, -0.0006466133, 0.009518469, 0.004281303, -0.0007575617, -0.006068526, -0.013494538, -0.019936573, -0.03492515, -0.0069641457, 0.01265113, 0.01206476, -0.017944522, -0.0035322758, 0.0040282803, -0.029222101, -0.009630923, 0.004281303, -0.0021788056, -0.020852275, 0.020755885, 0.027679868, -0.0019177506, 0.01154265, 0.013084883, 0.017558964, -0.013839934, 0.0040543857, -0.0013564823, -0.01369535, -0.008859807, -0.011976402, -0.00080826663, -0.0118237855, -0.025719946, 0.0018816045, -0.008265405, -0.004437936, 0.011028572, -0.008618833, 0.0013825877, -0.00045408518, -0.018201562, -0.012177214, 0.01565527, 0.015671335, 0.004984143, 0.010249423, -0.0025121528, -0.0071890545, 0.018265821, -0.0026728022, 0.014249589, 0.017221602, 0.009397982, -0.013341921, 0.016249673, 0.0051407763, -0.02191256, -0.0044700657, -0.00975141, 0.0050363545, 0.019277912, -0.012169181, 0.0066789933, -0.007859766, 0.0062211426, -0.016803913, -0.0393912, 0.0072894604, 0.0056106756, 0.0032651962, -0.017799938, 0.015759693, 0.020386392, 0.0033896994, 0.00578739, -0.0085706385, 0.0039459476, 0.018571055, 0.0108438255, -0.008723255, 0.006711123, 0.00042220636, -0.0022751952, 0.011398065, 0.0091329105, -0.0025001043, 0.0012621008, -0.0019287952, 0.012369993, -0.011944273, 0.012956363, 0.00046889504, 0.0010281553, -0.0025101448, -0.016321965, -0.0035623973, 0.020868339, 0.019647405, -0.0028314432, -0.0065103113, -0.0006948081, -0.002638664, 0.0097192805, 0.0007515373, -0.029398816, 0.020225743, -0.017060952, -0.008064593, -0.0015281761, -0.018924484, -0.02314956, 0.008723255, -0.021318158, -0.02191256, -0.023551183, -0.019888379, -0.019358236, 0.005815503, 0.01356683, -0.0066307983, 0.008795547, 0.017269796, -0.019261846, -0.003955988, 0.0046387473, -0.0017842109, -0.032178048, -0.013880096, -0.026234025, -0.035246447, 0.018908419, -0.0056990325, -0.009759443, -0.030989243, -0.0046949745, -0.0041025807, -0.00790796, 0.014249589, 0.013847967, 0.0036366978, 0.0024539174, 0.009486339, 0.00065514777, 0.0031065552, 0.0026627616, 0.008932099, -0.020402456, 0.021703716, 0.032145917, 0.009357819, 0.023760026, 0.016836043, -0.01307685, 0.01206476, 0.02618583, -0.007976236, 0.027117595, -0.0025784208, -0.013181272, 0.013197337, 0.024579337, -0.012578838, 0.013952388, 0.0062171267, -0.03515006, 0.003765217, 0.0147717, 0.01839434, -0.00018750782, -0.025800271, 0.0025242015, -0.014627116, 0.0051287278, 0.027519219, -0.000919717, 0.0059118927, -0.00096138543, -0.011229384, -0.006847675, 0.014289752, -0.006711123, 0.0047230884, -0.008827677, -0.0020864324, -0.0076027266, 0.011679201, 0.0015904277, 0.009100781, -0.012426221, 0.007421996, -0.016217543, 0.021173572, 0.019952638, -0.014667278, 0.0010853866, 0.015317908, -0.0013594944, -0.013767642, 0.0038013633, 0.008658995, 0.0032310584, -0.017205536, 0.029254232, 0.006867756, -0.017799938, -0.013357987, 0.006711123, -0.005771325, 0.01982412, -0.009952222, 0.011671169, -0.019085133, -0.03701359, 0.00398611, -0.027808387, 0.010016481, 0.0022772034, 0.009389949, -0.00038806838, 0.006325565, 0.012627033, 0.0080565605, 0.0063054836, -0.00978354, 0.0028475083, 0.00078818545, 0.00048822316, -0.004437936, 0.008385892, 0.010088773, 0.012787681, -0.014779733, 0.014088941, 0.0030222142, 0.047070235, -0.0045303092, -0.03264393, -0.023984935, 0.0103056505, 0.009333722, 0.008434086, -0.0014649205, -0.03473237, -0.022025013, -0.00085595937, 0.013052752, -0.019277912, 0.004626699, 0.0053335554, 0.0012349912, 0.0029258246, 0.014892187, -0.01744651, 0.007899928, 0.014498596, -0.017960588, 0.016546873, -0.013406181, -0.0005984185, 0.008506378, -0.030571556, -0.014490563, -0.00075705966, 0.0047793156, 0.012747519, 0.002532234, -0.016755719, 0.013872064, -0.020434586, 0.012562772, -0.024788182, 0.0053978153, 0.013510603, -0.020370327, 0.042154368, 0.003729071, 0.0145628555, 0.019534951, 0.017334055, 0.018506795, 0.0077191973, 0.018860223, 0.013028655, -0.00014207419, 0.015799856, 0.021237833, -0.01839434, -0.0042853192, 0.013783707, -0.0023314224, -0.011165123, -0.0044821147, -0.0044821147, 0.0017109147, 0.0230853, 0.012964396, -0.006940048, -0.009976319, -0.017751744, 0.0014578921, 0.0054540425, 0.014747603, -0.017173406, 0.012378026, -0.006329581, 0.007008324, -0.005458059, 0.018137302, -0.010538592, -0.008474248, -0.0049520135, -0.0025101448, -0.007470191, -0.008474248, 0.010964313, -0.002168765, -0.019213652, -0.0031125795, -0.030539425, -0.006956113, -0.014177297, -0.0014870097, -0.0077272295, 0.011293643, -0.004008199, 0.022747936, 0.0033836751, 0.0011295652, 0.0044660494, -0.018506795, -0.0046789097, 0.005751244, -0.0047632507, -0.028242141, -0.011357903, 0.011550682, -0.018988743, -0.0023976902, 0.004907835, -0.0012681251, -0.022185663, -0.015350037, 0.00683161, -0.003692925, 0.02403313, 0.0042572054, -0.003781282, -0.013285694, -0.03688507, 0.0023635523, 0.013864031, 0.0064621167, -0.0006787431, 0.007815586, 0.007614775, 0.012851941, -0.010626948, -0.019149393, 0.0044780984, -0.027005142, 0.0295434, 0.029623725, -0.00086097966, 0.0074139633, -0.010128936, -0.003190896, 0.00315475, 0.012956363, -0.010522527, 0.003638706, -0.002929841, 0.014490563, -0.007867797, -0.0034619917, -0.00030121737, 0.005425929, 0.009100781, -0.00883571, 0.0067512854, -0.012868006, 0.0129483305, 0.015382167, 0.006225159, 0.009076684, -0.008289502, 0.00036346895, 0.0034760484, 0.0140969725, -0.0068235775, 0.011036605, 0.017735679, -0.005895828, -0.021784041, 0.0045865364, -0.002445885, -0.0008755385, 0.014442368, 0.012546708, -0.021253897, -0.0052251173, -0.0014167257, -0.00541388, 0.006654896, -0.007948122, -0.011751493, 0.008361794, 0.017060952, 0.0027330455, 0.0075866613, -0.010329748, 0.015076933, 0.013229467, 0.0026908752, -0.0047712834, -0.004317449, 0.017494705, 0.011068734, 0.009895994, -0.009245365, -0.0350858, 0.005775341, -0.01884416, 0.00942208, -0.0032611801, -0.027904777, 0.016145252, -0.006819561, 0.005622724, 0.009558631, 0.01320537, 0.007883863, 0.0040644263, 0.0013615026, -0.017719613, 0.0085224435, -0.010546624, 0.0074179797, 0.024900636]"
楽しさ,fromCluster,0.62,15.0,0.7126,"[-0.007037471, -0.029447682, 0.0036056417, 0.0046543097, -0.011633843, 0.039551977, -0.03470068, 0.03772888, -0.007925846, -0.0011558525, -0.022819636, 0.06835076, -0.03134803, 0.0025357297, -0.006168409, -0.006485134, -0.0120664425, -0.013711867, -0.028891483, 0.0035283917, 0.057535768, -0.008157595, -0.012398617, 0.011927393, 0.01674779, 0.023174986, 0.014901516, 0.013572817, -0.03547318, 0.012352268, -0.0098261945, 0.042580176, -0.01670144, 0.045453873, -0.0044727726, 0.007037471, 0.026264984, 0.014940142, -0.00045094662, -0.014623417, -0.005658559, -0.0056894594, 0.011958293, 0.019915039, 0.009887994, 0.021058338, -0.029416783, -0.0042564725, 0.025106234, -0.0075009707, 0.014770191, 0.028937833, -0.026404034, -0.006488996, -0.010173819, 0.024719985, 0.07496335, -0.05185017, 0.005152572, -0.01841639, -0.025307085, 0.013248367, -0.014337592, 0.006882971, 0.025662435, 0.00944767, -0.005083047, 0.013982242, 0.030142933, -0.0073619206, -0.0021205114, 0.03701818, -0.0056894594, 0.020687537, 0.04906917, -0.005052147, 0.0029200483, 0.019204339, -0.0042641973, 0.009254545, -0.011386643, 0.009571269, 0.019312488, 0.0013547711, -0.041498676, -0.0058169216, 0.0051873345, -0.056825068, -0.025538836, 0.03958288, 0.013773667, -0.011749718, -0.026512185, 0.00415991, 0.042085774, 0.043847073, -0.011456168, 0.0015739679, -0.0062456587, 0.049130972, 0.0032271168, -0.0042332974, -0.0014387805, -0.05450757, 0.0064040213, 0.0005460606, -0.007821558, 0.015218241, -0.027408283, -0.07063736, -0.03185788, -0.001419468, 0.041591376, -0.05132487, -0.019513339, -0.013032068, -0.015419091, -0.011054468, -0.0029702608, 0.025616085, -0.011293943, 0.01974509, -0.029339533, -0.029432233, 0.020254938, -0.03374278, 0.008543845, 0.022587886, -0.0048126723, 0.03368098, 0.00867517, 0.012305918, 0.012784868, 0.03402088, 0.029509483, -0.0025801484, -0.01795289, 0.012236393, 0.00899962, -0.01662419, -0.014546166, -0.025059884, -0.0056199343, -0.021382788, 0.012977992, -0.023870235, 0.00964852, 0.0031228294, -0.038470477, 0.005581309, 0.020594837, -0.01733489, -0.0077945204, 0.0064503714, 0.03371188, -0.024117436, -0.03153343, 0.031888783, -0.0017217083, -0.03297028, -0.005326384, -0.015419091, 0.007910395, 0.025755135, -0.0038624976, 0.0070104334, 0.0044727726, -0.063128665, 0.03309388, 0.054291267, -0.05151027, -0.049130972, -0.027176535, -0.00904597, 0.0028621107, 0.026512185, 0.024889935, -0.007910395, 0.045979172, 0.04916187, 0.005983009, 0.030899981, 0.0018414458, -0.013951342, -3.1744905e-05, -0.019420639, 0.07100816, -0.020455789, 0.009532644, -0.0040169978, -0.022526087, 0.007867908, 0.027392834, -0.026295885, -0.01708769, 0.002856317, 0.00072132144, -0.0147779165, 0.023715736, 0.0061259214, 0.003391273, -0.019636938, 0.026496734, 0.00013917062, 0.012012368, 0.01761299, 0.041004278, 0.023901137, -0.007628433, -0.012166868, 0.060903866, 0.021722687, -0.011100818, 0.009887994, -0.0026786423, -0.009656244, -0.0020625738, 0.023746636, -0.010019319, -0.04854387, -0.021181937, -0.014978766, -0.011270768, 0.03334108, 0.037388977, 0.00875242, 0.0034665917, 0.009416769, 0.0026786423, 0.020038638, -0.007219008, -0.0021243738, -0.0018366177, 0.043167274, -0.004650447, -0.042023975, -0.0009936276, 0.029185032, -0.030142933, 0.014677491, -0.044928573, 0.043198176, -0.010560069, -0.0019853238, -0.010899968, -0.01673234, -0.01858634, 0.036585577, 0.03460798, -0.008126696, 0.012027818, -0.025059884, 0.021413688, 0.01835459, 0.007667058, 0.042672876, 0.016608741, 0.040169977, 0.009269995, -0.029401332, -0.03618388, 0.022047138, 0.007891083, -0.012607193, 0.03219778, -0.012251843, -0.034638878, 0.014159917, 0.0016502521, -0.01577444, 0.0052105095, -0.014600242, 0.0007406339, 0.013959067, -0.05018157, 0.025538836, -0.022155287, 0.0015739679, 0.015365016, 0.010598694, 0.029926632, 0.014592516, -0.03531868, -0.021444587, -0.009679419, -0.013070692, 0.010374669, -0.026048684, 0.0063035963, 0.014453467, -0.025152585, -0.010281969, 0.023252236, 0.014044042, 0.027392834, 0.031425282, 0.012236393, -0.014723841, 0.023298586, -0.010899968, -0.0042564725, 0.03290848, 0.015480891, -0.028350733, -0.0005928934, 0.00066724647, 0.0023097736, 0.036585577, -0.057072267, 0.00091927446, 0.040077277, 0.021830836, -0.019652389, 0.015442266, -0.029833933, -0.038624976, -0.0040015476, -0.008358445, -0.043074574, -0.022989586, -0.00924682, -0.013735042, -0.009972969, -0.021537287, 0.03244498, 0.073727354, 0.0045036725, -0.03309388, 0.010714569, 0.020950187, -0.01708769, -0.006952496, 0.005936659, 0.013595992, -0.012305918, -0.03760528, -0.013974517, -0.009996144, 0.028103534, 0.01810739, -0.00818077, 0.0032753982, 0.01832369, 0.023932036, 0.008698345, 0.0134337675, 0.0052182344, -0.0061993087, -0.003491698, -0.0038528414, 0.00038093884, -0.014044042, 0.0061722714, -0.0048358473, 0.017319439, -0.028783333, 0.008559295, -0.0074121333, 0.0017516427, 0.010227894, 0.005531097, 0.03556588, 0.023545787, 0.0046890723, 0.01761299, -0.0068713836, 0.0041560475, 0.014716117, -0.009262269, -0.0068636583, -0.05120127, -0.011046744, 0.0065701087, -0.0007845698, -0.03405178, -0.0069718086, -0.025523385, -0.00073339173, -0.031116283, 0.010606418, -0.057010468, -0.018617239, -0.0116183935, 0.01835459, -0.03334108, 0.038223278, 0.029169584, -0.05392047, 0.00827347, 0.05024337, 0.02019314, -0.0060486714, -0.06495176, 0.014700666, -0.016299741, 0.038099676, -0.010459644, 0.00929317, 0.013680967, -0.023839336, -0.00018129598, -0.056361567, 0.013070692, -0.03278488, -0.010374669, -0.0152491415, -0.026280435, 0.028968733, 0.025353435, -0.0009994213, -0.007342608, -0.029447682, 0.013371967, -0.048080374, 0.01648514, 0.043229073, 0.042920075, 0.024951736, -0.015442266, -0.00487061, -0.0015874866, 0.047091573, 0.01827734, 0.038285077, -0.03429898, 0.015171891, -0.01753574, -0.0014300898, -0.010799544, -0.011386643, -0.038748577, 0.038192376, 0.008914645, 0.0047045224, 0.011293943, 0.007612983, 0.00841252, 0.045855574, 0.008203945, 0.020054089, 0.018617239, -0.032599483, -0.013348792, -0.038223278, -0.01560449, 0.022896886, 0.026759384, 0.005504059, -0.008621095, -0.0054963343, -0.011332569, -0.010853618, 0.013897267, -0.038841277, -0.012885292, 0.01633064, 0.014770191, -0.0035940541, 0.011881043, 0.05061417, 0.024719985, 0.009169569, 0.00097334944, -0.01764389, -0.027207434, -0.0017014303, 0.03612208, 0.031069933, 0.01787564, 0.017319439, 0.023097737, -0.023684837, -0.043785274, -0.010660494, -0.00875242, 0.012723068, -0.031100832, -0.0011645431, -0.024627285, -0.00024418227, 0.0046349973, -0.026913885, -0.006774821, -0.008636545, 0.0037060666, 0.053951368, 0.064828165, -0.03877948, 0.056577865, -0.0029123232, 0.020162238, -0.026048684, -0.005704909, 0.010281969, -0.0023773673, -0.008698345, 0.0075009707, -0.022587886, -0.0031324856, 0.0056160716, 0.017813839, -0.025569735, -0.00912322, 0.01659329, -0.008636545, -0.024967186, -0.004998072, -0.0056392467, -0.023916585, -0.01929704, 0.0069486336, -0.013464667, 0.0024932423, 0.03191968, -0.01929704, 0.018122839, -0.004982622, 0.0024237174, 0.0013180773, 0.01853999, -0.028536133, 0.020903837, -0.024982635, 0.012321368, 0.0018916583, -0.03769798, 0.025121685, -0.006767096, -0.0012871773, -0.0052105095, 0.010529169, 0.015627665, 0.0035824666, 0.0046311347, -0.01863269, 0.026125934, -0.028288933, 0.009192744, 0.00024200963, 0.0014262273, -0.029123234, 0.012916192, -0.022865986, 0.01752029, 0.011958293, 0.0033642356, -0.0050869095, -0.013534192, -0.01769024, 0.003764004, 0.028520683, 0.05521827, 0.0072885333, -0.008451145, 0.01724219, 0.00030658575, -0.028427983, -0.0014387805, -0.036678277, 0.0067786835, 0.0039146417, 0.0052800346, 0.028134434, 0.032506783, 0.01637699, -0.027485535, 0.024689086, 0.027979933, 0.014940142, -0.029818483, 0.005851684, 0.024333736, -0.04937817, -0.006597146, -0.013147943, 0.014607967, 0.011502518, -0.027500983, 0.012429518, -0.009324069, 0.022387037, -0.010428743, -0.0067555085, 0.027531885, 0.010776369, -0.009702594, 0.024349187, -0.011595218, -0.03436078, 0.010019319, -0.023144087, 0.021382788, 0.0015662428, 0.00080146827, 0.003856704, 0.007446896, 0.0018694489, 0.019621488, -0.027439184, -0.030884532, -0.007860183, 0.019868689, 0.012846667, -0.028165333, 0.0061181965, -0.012475868, 0.050552372, 0.0058091967, 0.011927393, 0.009841644, 0.044156075, 0.037141778, -0.030050233, -0.015434541, 0.004519122, 0.017319439, -0.020270389, 0.028937833, -0.042302076, 0.03482428, 0.015674016, -0.012846667, 0.003632679, -0.022927787, 0.022217087, 0.028474333, 0.008636545, -0.024225585, 0.0031247607, -0.00075415266, 0.027500983, 0.019157989, 0.008806495, -0.0015411366, 0.007987645, -0.012081893, 0.029015083, 0.012143693, -0.024086535, 0.07032836, -0.00025540765, 0.013317892, -0.0073928204, -0.039644677, -0.0019322145, -0.03256858, 0.006191584, -0.016516041, -0.025229836, -0.010003869, -0.011402093, 0.021228287, 0.0043105474, 0.05058327, 0.023205886, -0.0073541957, 0.0022634238, -0.011734268, -0.01881809, 0.001311318, -0.026774835, -0.012298193, -0.004905372, 0.0012224806, -0.020687537, 0.009656244, 0.019606039, -0.027949033, -0.024241036, 0.032228682, -0.0038740851, -0.0051796096, -0.013758217, 0.0152491415, 0.011371193, -0.009470845, -0.041653175, -0.010088844, -0.0047315597, -0.023360386, -0.03219778, -0.019312488, 0.0053147967, 0.0026207047, 0.0010766713, -0.01903439, 0.027933585, 0.022062587, 0.023561236, -0.026697583, -0.021908088, 0.013441492, -0.028088083, -0.004418697, 0.05271537, 0.005330247, -0.016608741, 0.021614537, -0.0033642356, -0.010830443, 0.011888768, -0.020981088, 0.009308619, 0.0060023214, 0.025755135, -0.014430292, 0.0036191603, -0.0010467368, -0.019374289, 0.004990347, -0.009733494, 0.008003095, -0.021197388, 0.01634609, 0.013402867, 0.0036037103, 0.014345316, -0.00850522, 0.014353042, 0.009803019, 0.0091541195, -0.029200483, -0.00870607, -0.009633069, 0.043414474, 0.01617614, 0.013395142, 0.0027346483, -0.007018158, -0.00070007774, -0.015674016, -0.013101593, -0.05209737, 0.013935892, -0.0046311347, 0.027130185, -0.006234071, 0.030683681, 0.009424495, -0.025168035, 0.041035175, -0.005168022, 0.007242183, 0.021892637, 0.00049729657, -0.011286219, 0.019312488, 0.019868689, 1.6641934e-05, -0.0013200087, 0.019976838, 0.03575128, 0.037512578, -0.01756664, -0.009857094, 0.019513339, -0.0014127085, -0.004322135, 0.000411356, 0.0004352552, -0.022526087, 0.0065855584, 0.019590588, 0.0033256107, 0.011471618, -0.027300134, -0.011942843, -0.019235238, 0.008404795, 0.002049055, 0.001699499, 0.0025318672, 0.011062194, -0.019992288, -0.013557367, 0.020826587, 0.0047779097, 0.01806104, -0.010467369, 0.05237547, 0.01738124, -0.031162633, -0.01934339, 0.0022750113, -0.029679433, -0.003118967, -0.01841639, 0.0067709587, 0.002724992, -0.001645424, 0.005500197, 0.012947093, 0.0067709587, 0.022881437, 0.00462341, -0.021413688, 0.010606418, 0.01850909, 0.013371967, 0.010614144, 0.0035573605, -0.011564318, 0.0061259214, 0.026218634, 0.0024700672, 0.0029509482, 0.007296258, -0.025368884, -0.015264591, 0.01724219, -0.0017332959, 0.028891483, 0.023962935, 0.004692935, 0.0111703435, -0.006160684, 0.01735034, -0.06365396, 0.015202791, 0.01943609, 0.018076489, -0.01586714, 0.03627658, 0.012282743, 0.016469691, -0.0013895335, 0.028597932, 0.025755135, 0.010173819, -0.011108544, 0.025307085, -0.027949033, -0.01779839, 0.009439944, -0.014561617, 0.011224419, 0.006311321, -0.01699499, 0.002979917, 0.009887994, -0.01711859, -0.012305918, 0.0036597166, 0.007879496, -0.019513339, 0.00086085417, -0.0120664425, -0.009223645, 0.012723068, -0.00036693728, 0.010830443, 0.014723841, 0.028953282, 0.016160691, -0.00855157, -0.027686384, -0.0065314835, -0.013186567, 0.005751259, 0.023823885, -0.023375837, -0.011263044, -0.03887218, -0.024163786, 0.015674016, -0.01849364, -0.04792587, -0.040417176, -0.0049401345, -0.020733887, -0.042950977, -0.026450384, -0.010930869, 0.019621488, 0.025152585, 0.01853999, 0.009347244, -0.006867521, 0.0042255726, 0.008528395, -0.045175772, -0.0033738918, -0.011711094, 0.009725769, 0.0011867525, -0.014569341, -0.015704915, -0.005113947, -0.01917344, -0.021707237, -0.00964852, -0.022325236, -0.014159917, -0.024704536, 0.020888388, 0.011108544, -0.023576686, 0.003375823, -0.027949033, 0.00944767, -0.01710314, -0.010907694, 0.018570889, 0.028505234, -0.012483593, -0.01623794, -0.006836621, 0.024210136, 0.006434921, -0.005322522, -0.008574745, -0.019636938, 0.0062224837, -0.059636965, -0.01640789, 0.0036906167, 0.0008342995, -0.01674779, 0.010166094, -0.0025183486, -0.015419091, -0.027979933, -0.025168035, -0.005368872, -0.0019042114, 0.014538442, -0.03442258, -0.013549642, -0.015480891, -0.03417538, 0.014522991, 0.006836621, 0.014244892, 0.01795289, 0.037945177, 0.022495186, -0.03726538, -0.011881043, -0.029617632, 0.023592137, -0.009015069, -0.0120664425, 0.0033951355, -0.007906533, -0.03281578, -0.014438016, -0.0072074207, 0.0041946727, -0.011309394, -0.005921209, -0.030281981, 0.019312488, -0.013696417, 0.008968719, 0.01705679, 0.026187735, -0.06470456, -0.0069254586, -0.0042101224, -0.006581696, 0.030451933, 0.023623036, -0.013904992, 0.0022923923, -0.01707224, 0.0006561418, -0.002172655, 0.011216694, 0.027284684, 0.030127482, -0.00027930687, -0.01917344, 0.014731566, -8.081069e-05, -0.0012224806, 0.0015276178, -0.017937439, 0.008574745, -0.006875246, 0.0072305957, 0.022526087, 0.011633843, 0.00425261, -0.022479737, 0.007504833, -0.010583243, 0.021722687, -0.019111639, -0.031981483, 0.03698728, 0.0039242976, -0.046288174, -0.021969886, -0.019018939, -0.012398617, 0.03167248, 0.01898804, -0.025569735, 0.006288146, 0.011293943, -0.028536133, -0.006315184, 0.021938987, 0.0023174987, 0.005206647, -0.045577474, -0.0070490586, -0.019111639, -0.0063499464, 0.01824644, 0.0037215166, 0.027516434, 0.014963316, -0.013008893, -0.022402488, 0.022078037, -0.018478189, 0.020594837, 0.009038244, 0.05524917, -0.009918895, -0.03130168, -0.014870617, -0.023978386, 0.021877186, 0.013642342, -0.0038315977, 0.0046852096, 0.007427583, -0.0065701087, 0.00425261, 0.022093488, 0.0076322956, 0.0048088096, -0.0055388217, -0.022108937, -0.0027983796, -0.03655468, -0.020502139, 0.00923137, 0.01605254, 0.001524721, -0.019544238, 0.026048684, -0.0052916217, -0.0060795713, -0.01668599, 0.03405178, 0.06328316, -0.046102773, 0.021181937, 0.0007966402, -0.0008651995, -0.0066241836, -0.0029915045, 0.003499423, 0.0045268475, -0.006890696, 0.015110091, -0.001951527, 0.0050366973, -0.0010003869, 0.010536894, 0.014963316, -0.00836617, 0.0059096217, -0.029617632, 0.018292788, -0.00011792689, -0.024750885, -0.0043259976, -0.002435305, 0.0067014336, 0.007848595, 0.022680586, -0.01623794, -0.042796474, 0.003684823, -0.01889534, 0.00878332, -0.021676337, -0.0031344169, -0.0140826665, -0.011487069, -0.019281588, -0.020672088, 0.020811139, 0.006689846, -0.005484747, 0.0054692966, -0.016067991, 0.007925846, -0.023700286, 0.014113567, -0.014839716, -0.00898417, -0.0007855355, -0.021120138, -0.011116268, 0.012699893, -0.027825434, -0.010907694, -0.019188888, 0.001799924, -0.0058169216, 0.0062495214, 0.021583637, 0.009911169, 0.024889935, -0.0030359232, -0.025028985, 0.006052534, 0.010869069, 0.010266519, -0.008265745, -0.00072132144, 0.0062765586, -0.012584018, -0.0013538054, -0.008250295, -0.022062587, 0.023901137, -0.00878332, 0.00033338185, -0.026187735, -0.0021842425, 0.005577447, -0.009015069, -0.0023136362, 0.0033236793, -0.00867517, -0.013402867, 0.009316345, -0.025214385, -0.0047083846, -0.01707224, 0.0038373915, 0.023962935, -0.0028061047, -0.013480118, 3.0085237e-05, -0.0064967214, -0.021892637, 0.016021641, 0.0053495592, -0.006338359, 0.024781786, 0.0032657417, -0.015496341, 0.006075709, -0.0016570116, 0.013974517, 0.0010090775, -0.014422567, -0.0001664495, 0.0017130177, -0.0061645466, -0.0021842425, 0.0064928588, -0.012684442, -0.014461191, -0.026450384, 0.017937439, -0.0020220175, -0.021908088, -0.0064542335, -0.0070490586, -0.0070027085, 0.013758217, -0.007327158, -0.00027206467, -0.00211858, -0.0004893302, -0.01721129, -0.028891483, 0.003167248, -0.018169189, 0.01782929, 0.008991894, 0.0013325617, 0.03797608, -0.027717283, -0.009022795, -0.027748184, -0.024766335, 0.019018939, 0.009864819, -0.012275018, 0.01614524, -0.027809983, 0.004866747, 0.003445348, 0.007883358, 0.0011780618, -0.0077404454, 0.026404034, -0.006037084, -0.007833146, -0.021382788, 0.00073290896, -0.0042719226, 0.044897676, 0.004770185, -0.018833539, -0.014407117, 0.023082286, -0.011008118, -0.025384335, 0.005654697, 0.01835459, 0.01671689, -0.00831982, -0.01608344, 0.006774821, -0.0028138296, -0.003057167, 0.0138354665, 0.017319439, 0.00096610724, 0.014028592, -0.010513719, -0.052344568, 0.028273484, 0.020486688, -0.015643116, 0.019559689, 0.020548487, -0.01702589, -0.014376217, -0.002964467, 0.0020625738, -0.03618388, -0.03488608, 0.01619159, 0.019204339, 0.023885686, -0.020224039, -0.024565486, 0.027408283, -0.009880269, -0.004418697, 0.0027172673, -0.01634609, 0.0033333355, -0.0068250336, -0.0008285058, -0.022000788, -0.0150251165, 0.0077481703, -0.026604885, 0.026790284, -0.01637699, -0.029293183, -0.010413294, 0.009748944, 0.001882002, 0.002933567, -0.0063692587, 0.0008569917, 0.0034897667, -0.023375837, 0.029154133, 0.00099749, -0.013650067, -0.012808043, -0.0010390119, 0.0008729245, 0.020965638, -0.0025086922, 0.027701834, -0.0036172292, -0.014438016, -0.013379692, -0.022835087, 0.026110485, 0.007396683, 0.006214759, 0.0006445543, 0.0047779097, 0.009308619, -0.012769418, -0.007891083, 0.024874486, -0.01690229, 0.023082286, -0.0154499905, 0.0042873723, -0.0046774847, -0.004619547, -0.006110471, 0.042580176, -7.586187e-05, 0.018339138, -0.0014831992, -0.00856702, 0.01693319, 0.024410985, -0.0046620346, 0.023746636, 0.007821558, 0.012452693, 0.021537287, 0.026434934, 0.00839707, -0.012213218, 0.0045654722, -0.008327545, 0.03343378, 0.009007345, -0.005805334, 0.043847073, 0.0052877595, 0.004743147, -3.5365996e-05, 0.017628439, 0.0016821178, 0.01867904, -0.027578235, 0.01809194, 0.029339533, -0.022881437, -0.005083047, -0.041066077, -0.008667445, -0.023592137, -0.0022692175, 0.009725769, -0.013008893, -0.041838575, -0.009331794, 0.015558141, 0.009192744, -0.044403274, 0.0060023214, 0.01943609, 0.0031498668, -0.03405178, 0.0018453083, -0.014638866, 0.036060277, -0.01748939, 0.0009545197, -0.0004065279, 0.0058246464, -0.014940142, -0.0007155277, -0.01789109, -0.0016666678, -0.005577447, -0.01728854, -0.006292009, 0.010243344, 0.03361918, -0.023391286, -0.012545393, -0.0045113973, -0.0031595232, -0.0043800725, -0.007713408, 0.028366184, 0.009803019, -0.044094276, -0.021042887, -0.010784093, -0.021506388, 0.039953675, -0.0023059112, 0.01619159, -0.022896886, 0.0048590223, -0.01741214, -0.013256093, -0.0024256485, -0.0062688338, -0.004750872, 0.013742767, -0.009146394, -0.0031228294, 0.029895732, 0.021058338, 0.0034820416, 0.011263044, -0.0029219796, -0.0028118982, -0.0044882223, 0.030529182, 0.0020780237, 0.009772119, 0.012220942, -0.013001167, -0.0015575523, -0.01925069, 0.003547704, -0.0074121333, -0.009548094, -0.012429518, -0.012475868, 0.018648138, -0.022417936, 0.05086137, 0.020347638, -0.03590578, -0.019111639, -0.0029316358, 0.019405188, 0.027918134, 0.01850909, -0.027222885, -0.0008941682, -0.025446136, -0.0026013923, 0.008451145, 0.014028592, -0.006662809, -0.044557773, -0.030189283, 0.027423734, 0.012916192, 0.025801485, -0.021367338, -0.0034028606, -0.015442266, 0.041838575, -0.005330247, 0.009841644, -0.007910395, -0.03451528, -0.020764789, 0.03247588, -0.0006213793, 0.012035543, -0.0054190843, 0.011023569, 3.367615e-05, -0.014538442, -0.025399785, -0.01704134, 0.00870607, -0.035534978, -0.030096583, -0.014360767, 0.031008132, -0.010243344, 0.0020529176, -0.005098497, 0.022804186, -0.01727309, -0.003740829, 0.008512945, -0.008049445, 0.026821185, -0.039551977, -8.871674e-06, 0.0053959093, -0.043476276, 0.013217467, 0.019142538, -0.01648514, -0.0096021695, 0.0023483986, 0.01744304, -0.023314036, -0.028891483, 0.019188888, -0.037667077, 0.008976445, -0.015403641, -0.011332569, -0.014870617, -0.024781786, -0.011919668, 0.0034125168, -0.01650059, 0.023499437, 0.014924691, -0.01841639, 0.01903439, -0.029478583, 0.033032082, 0.023947487, -0.016207041, 0.0003478662, -0.00852067, 0.00016826006, 0.015519516, -0.037234478, -0.03550408, 0.01623794, -0.00090575573, 0.011610668, 0.03216688, 0.005276172, -0.026543085, 0.0048821974, 0.0017893021, 0.010969494, 0.028829683, 0.0005624762, 0.022958687, -0.007620708, 0.011054468, -0.0013055243, 0.031193532, 0.015179616, 0.008296645, -0.0076554706, 0.0010341838, -0.0012707617, -0.03488608, 0.014353042, -0.021599088, 0.0052723093, 0.010614144, 0.03331018, -0.014739292, -0.012089618, -0.011263044, 0.03247588, -0.03479338, -0.006960221, 0.00423716, 0.024441885, 0.015596766, -0.015565866, -0.009972969, 0.028536133, 0.024611836, 0.012027818, -0.014090392, 0.007423721, -0.020517588, 0.011224419, -0.025415234, -0.00048039816, 0.0006638668, -0.027361933, -0.00072228705, -0.010969494, -0.011278493, 0.0003717654, -0.01889534, 0.004967172, -0.0055967593, 0.01728854, -0.022943236, -0.0011355743, -0.0034279667, -0.013665517, -0.003648129, -0.0013200087, 0.0047817724, 0.014252617, 0.013603717, 0.005654697, -0.005380459, -0.03331018, 0.015519516, -0.0028273484, 0.0036346104, 0.00019928074, 0.0051641595, 0.026882984, 0.013248367, -0.021738138, 0.0039474727, -0.0019872552, 0.025878735, 0.012607193, -0.013920442, -0.013325618, -0.0026651234, -0.00028920453, 0.0015112022, -0.0020683676, -0.0048010848, 0.028567033, 0.0021398237, 0.020007739, -0.0031382793, -0.016021641, -0.001331596, 0.008636545, -0.014136742, 0.0045113973, 0.012112793, 0.007829283, 0.019652389, -0.005191197, -0.0145538915, 0.021753587, -0.026527634, -0.01912709, -0.011842418, 0.019405188, 0.0044341474, -0.01889534, 0.013619167, 0.005898034, 0.003623023, 0.011718818, 0.01761299, -0.012699893, -0.015519516, -0.0033584419, -0.0030320608, -0.004476635, 0.008018545, 0.01721129, -0.000696698, -0.00887602, 0.028675184, 0.02019314, -0.0010631524, -0.0023947486, -0.007473933, 0.0011404025, 0.0031884918, 0.0034588666, -0.007323296, 0.0019254552, -0.002311705, -0.007473933, 0.007265358, 0.0005407497, -0.010536894, 0.03717268, -0.0005161263, -0.010675943, 0.0009574166, 0.009563545, -0.0033314044, 0.028288933, -0.003157592, 0.009509469, -0.005380459, -0.010057944, -0.01609889, 0.0025241424, 0.007736583, 0.00804172, 0.03365008, 0.023329487, -0.0091541195, 0.001264968, -0.0057242215, 0.018169189, -0.01844729, 0.011772893, -0.019266138, 0.029324083, 0.01682504, 0.01622249, 0.022387037, 0.022618787, -0.013688692, 0.019204339, 0.014044042, -0.0078099705, 0.0008734073, -0.0038605665, 0.01727309, -0.012792593, -0.004928547, 0.012599467, 0.0042101224, -0.012560843, 0.008852845, -0.0025936672, -0.003733104, -0.0077018207, -0.021583637, 0.019420639, -0.0049130972, 0.0034820416, -8.606128e-05, -0.006183859, -0.0026709172, -0.024179235, 0.004573197, 0.009663969, 0.022278886, 0.013781392, -0.019806888, 0.023020487, -0.024148336, 0.006060259, -0.009679419, 0.00023549167, 0.0030281981, 0.0044843596, 0.020301288, -0.014623417, -0.03760528, -0.021614537, -0.023932036, -0.008744695, -0.00845887, 0.004719972, 0.011371193, -0.00974122, -0.027361933, -0.010521444, -0.0016647365, -0.003586329, 0.033928182, 0.0022827361, 0.0017246052, -0.0031749732, 0.010081119, -0.012545393, -0.01815374, 0.00051950593, -2.3808678e-05, 0.008358445, -0.026264984, 0.01849364, 0.007446896, 0.00869062, -0.03139438, -0.008667445, 0.014445742, -0.007925846, 0.007249908, -0.012784868, 0.01917344, -0.0033487855, 0.026048684, 0.004600235, 0.014615691, -0.002964467, 0.0013567023, 0.00015691397, 0.0023097736, -0.0036307478, -0.0030842044, 0.03454618, 0.009061419, -0.006434921, 0.015056016, -0.0150019415, 0.03173428, -0.014569341, -0.011178069, -0.015017391, 0.01702589, -0.021830836, 0.0037060666, 0.00920047, 0.019235238, 0.016562391, -0.00867517, 0.013140217, 0.014793366, -0.009710319, 0.012205493, 0.010104294, 0.01705679, -0.01623794, -0.023854787, -0.0057860217, 0.002987642, -0.011023569, -0.025631536, 0.0014976835, 0.0017062584, -0.0074546207, 0.021475488, -0.0048088096, -0.003033992, -0.0070876833, -0.001393396, -0.010529169, 0.010660494, 0.006813446, -0.005326384, 0.011950568, -0.0063190465, -0.0059405216, 0.021042887, 0.0005364044, 0.05283897, 0.0104750935, -0.0033468544, 0.01608344, -0.011332569, 0.0028370046, 0.0044804974, -0.01614524, -0.0030243357, -0.021120138, -0.01764389, 0.029555833, -0.022124387, -0.003157592, -0.01782929, 0.039521076, 0.007987645, 0.010776369, -0.012753967, 0.025044436, 0.01609889, 0.019235238, -0.0028601796, -0.0025415234, 0.0034337605, 0.0011635774, 0.011100818, 0.020842038, 0.00494786, 0.01671689, -0.016562391, -0.0037543478, 0.005805334, 0.0008724417, 0.008064895, -0.015210516, -0.0035496354, -0.0022479736, -0.00428351, -0.027238334, 0.0017806115, 0.03229048, -0.018879889, -0.0076477453, 0.00861337, -0.013325618, -0.00858247, 0.01889534, -0.010413294, 0.020981088, -0.01727309, -3.6693727e-05, 0.011819243, -0.00045746457, -0.0045345724, 0.00062331057, -0.01810739, 0.0018395146, -0.041004278, 0.013263817, -0.0075318706, -0.01588259, -0.005083047, 0.0076631955, 0.024148336, -0.0065005836, -0.011463894, 0.010057944, 0.0138818165, -0.005952109, -0.024735436, 0.031193532, -0.0010351494, -0.003281192, -0.006485134, 0.019667838, -0.008791045, 0.011154894, 0.0031073794, -0.009710319, 0.0057203593, 0.021212837, 0.011108544, -0.020131338, -0.0026863671, 0.003429898, -0.010706844, -0.01784474, -0.0012079962, -0.0009907307, -0.025801485, 0.005677872, -0.024998086, -2.6192563e-05, 0.014229442, 0.005330247, -0.01747394, 0.008111245, 7.7212235e-06, 0.015805341, 0.004105835, -0.01710314, 0.0141058415, 0.021583637, 0.011069918, 0.006168409, 0.0058864467, -0.014522991, 0.020440338, 0.0020142926, 0.010560069, -0.010065669, -0.0038991915, -0.0042950977, 0.0065237586, -0.027392834, -0.001020665, -0.0007382199, -0.00856702, -0.0066319085, -0.0020973363, -0.030127482, -0.0027443047, -0.011263044, -0.026388584, -0.0025009674, 0.007269221, 0.0048165345, 0.0006039981, -0.031378932, -0.017767489, -0.012862117, 0.010869069, -0.019976838, 0.004828122, -0.012947093, 0.021614537, 0.006091159, -0.01756664, 0.0104519185, 0.0010312869, -0.0044804974, 0.030204732, -0.007489383, -3.367615e-05, -0.009880269, 0.024766335, 0.028134434, 0.01775204, -0.021537287, 0.007450758, 0.015195066, 0.003903054, 0.013565092, 0.01948244, 0.003623023, 0.0070645083, -0.0022614924, 0.021521837, -0.014662041, -0.026203185, -0.023437636, -0.002723061, 0.015287766, 0.0014368491, 0.014020867, -0.006384709, 0.0012282743, 0.004774047, 0.004998072, -0.012529942, 0.025121685, 0.00013144563, 0.007879496, -0.001830824, -0.007014296, 0.013263817, -0.0066164588, 0.01643879, 0.0051255347, 0.0015691397, 0.008574745, 0.01597529, 0.01617614, 0.013781392, 0.0041714977, -0.00872152, -0.012228668, 0.01645424, -0.0057010464, -0.0053727343, -0.005168022, -0.037481677, 0.010220169, 0.01591349, -0.003267673, -0.005384322, 0.00889147, 0.00818077, 0.010444194, 0.014654316, 0.016562391, -0.00487061, -0.002506761, 0.011301668, -0.00395906, 0.00856702, -0.010730019, -0.004642722, 0.0065083085, -2.3197617e-06, 0.0058207843, -0.00839707, -0.01877174, -0.01835459, -0.0031382793, -0.0076786457, -0.020548487, 0.0009371385, -0.002537661, -0.023314036, -0.01603709, -0.0010612212, -0.0077558956, -0.007782933, 0.0033854793, 0.005426809, 0.0060795713, 0.011286219, 0.00053205906, 0.0020741613, -0.046349972, 0.006029359, -0.0057860217, -0.0012697962, 0.0025183486, 0.0125376675, -0.0076013957, -0.00873697, -0.015712641, -0.0011278493, 0.022665137, -0.009972969, 0.00989572, -0.0035882604, 0.006967946, -0.019945938, -0.005631522, -0.015426816, -0.012352268, 0.0036519917, -0.030281981, 0.020502139, -0.010645044, 0.038315978, 0.01653149, -0.009486294, 0.023128636, -0.014144466, 0.009347244, 0.00036186774, -0.019559689, -0.027748184, 0.0066010086, -0.004847435, 0.030096583, -0.0056431093, 0.024148336, -0.009501744, 0.00816532, 0.007273083, -0.006643496, 0.0016628053, -0.020084988, 0.022989586, -0.0028350733, 0.01705679, -0.005944384, 0.0034241043, -0.018169189, 0.011487069, 0.0072035585, -0.025986886, -0.0043723476, -0.0044071097, -0.006589421, -0.024565486, -0.01687139, -0.006967946, 0.011626118, -0.021877186, -0.022263438, 0.00839707, -0.01588259, 0.00791812, -0.0028968733, -0.023236787, 0.006091159, 0.012298193, 0.008404795, -0.0033468544, 0.011255318, -0.007906533, -0.0048551597, -0.0010351494, 0.015156441, -0.022757838, 0.01775204, 0.00071214803, 0.00904597, -0.013132492, 0.03398998, 0.0025125549, -0.0006769027, 0.00025878736, -0.011100818, 0.0016280428, -0.03516418, 0.022402488, 0.0068559335, -0.0018955207, 0.00028558343, -0.014515267, 0.000411356, 0.003962923, 0.012715342, 0.0052375467, -0.005330247, -0.0019447677, -0.0075357333, -0.011471618, 0.016516041, -0.010753194, -0.01867904, 0.0051641595, 0.01753574, -0.003584398, 0.009362695, -0.010984943, 0.0048860596, 0.0026902296, 0.003661648, 0.0037504854, -0.015056016, 0.00876787, -0.0030320608, -0.016562391, 0.023762086, 0.023638487, -0.0065932837, -0.003259948, -0.006890696, 0.0012852461, -0.014708391, -0.00899962, -0.01623794, 0.03315568, -0.006736196, -0.0046620346, -0.023329487, -0.004183085, 0.01795289, 0.009617619, 0.001257243, -0.01773659, 0.0009598307, 0.026805734, 0.0051718843, -0.0012533806, 0.024905385, -0.00813442, -0.024828136, -0.0003481076, -0.003319817, -0.01676324, -0.019976838, 0.00882967, 0.009409045, 0.011942843, -0.0074777957, -0.0035032853, -0.006558521, -0.0012842804, 0.004495947, -0.0039281603, 0.022325236, 0.009903444, 0.012777142, -0.01603709, -0.01597529, -0.01619159, -0.0029103921, 0.029818483, -0.012275018, 0.0022827361, -0.0025666298, 0.010328319, 0.014353042, 0.007423721, 5.2324773e-05, -0.013472392, 0.030760933, -0.011850143, -0.014438016, -0.0095789945, -0.012213218, -0.014275792, -0.0061490964, -0.00055282, -0.0056701466, -0.0007903636, -0.026867535, -0.014916967, 0.0060216337, -0.03167248, 0.010629593, -0.00409811, 0.0006957324, 0.0072112833, -0.0049362723, 0.01735034, -0.014561617, -0.0040787975, 0.0039706477, -0.03439168, -0.011301668, 0.0076863705, -0.013789117, 0.038377777, 0.020749338, 0.002537661, 0.0062726964, 0.01574354, 0.03343378, 0.024009285, -0.0022363863, -0.009470845, -0.011008118, 0.014298966, 0.008651995, 0.026311334, 0.014144466, 0.014028592, -0.00025927016, 0.0012128243, 0.011819243, -0.01691774, -0.027176535, 0.0027713422, 0.015210516, 0.01764389, 0.007543458, 0.0020992674, -0.005484747, -0.00793357, -0.010104294, -0.015704915, 0.021398237, -0.0036828916, -0.013194292, -0.010482819, 0.00061510276, 0.003918504, -0.010057944, -0.010158369, -0.011062194, 0.003864429, -0.022062587, -0.0134569425, -0.009324069, -0.0067709587, -0.0055465465, -0.010683669, 0.009084594, -0.018617239, -0.03125533, -0.008976445, -0.005303209, 0.011765168, -0.032414082, 0.01938974, 0.018215539, 0.00791812, 0.021042887, 0.0030996543, -0.01764389, -2.4027452e-06, -0.008103521, -0.012128243, -0.004905372, 0.011278493, -0.019822339, -0.0019969114, -0.01679414, -0.011208968, 0.0054692966, 0.023035936, 0.0025569736, 0.009996144, -0.002995367, -0.0012659336, -0.015782166, 0.0013615305, -0.011062194, -0.0046774847, -0.0033661667, 0.00470066, 0.009015069, -0.011726543, 0.010629593, 0.00845887, -0.011919668, -0.008142145, 0.007423721, 0.0048551597, -0.0051950593, -0.015195066, -0.013989966, -0.004774047, 0.01832369, 0.03153343, -0.01804559, -0.0021765174, -0.0021707236, 0.028165333, 0.0015237554, 0.015426816, -0.01577444, 0.010011594, 0.011039019, -0.03788338, 0.003522598, -0.0015449991, 0.0019756677, -0.007296258, 0.012838943, -0.00954037, -0.007659333, -0.010784093, -0.0011935118, 0.012908467, 0.002753961, -0.0022363863, -0.0019747019, -0.010359219, -0.0091541195, -0.0010805337, -0.0013393211, 0.010598694, 0.0029586733, -0.00879877, -0.016021641, -0.0030861357, -0.011695643, 0.03769798, -0.007497108, 0.014754741, 0.0089069195, -0.026913885, 0.0032522231, -0.00213403, 0.0076168454, -0.001532446, -0.013070692, -0.00010235619, -0.006438784, -0.012591743, 0.01877174, 0.012035543, 0.00845887, 0.019976838, -0.0033700294, 0.022093488, -0.0019891863, 0.020486688, -0.018694488, -0.028721534, -0.006168409, -0.009239094, -0.012568568, -0.0072614956, -0.024812685, 0.0051023597, 0.0010602557, -0.01633064, -0.009316345, -0.0025569736, -0.019374289, 0.020888388, 8.974272e-05, 0.0031479357, 0.018663589, 0.023592137, 0.01636154, 0.017813839, -0.019683288, -0.0024295112, -0.00796447, 0.010621869, -0.022031687, -0.01806104, -0.009486294, 0.0014165711, -0.008466595, 0.014090392, 0.00092651666, -0.0024005424, 0.012584018, -0.015295491, -0.013704142, 0.010173819, 0.00470066, -0.0012987648, 0.0043568974, 0.0020509863, 0.005052147, 0.023329487, -0.020471238, -0.010088844, -0.03411358, 0.01872539, 0.008080346, -0.0019090394, -0.0026786423, -0.013279268, -7.136568e-06, 0.020038638, 0.009656244, 0.0018076489, -0.014237166, 0.007076096, -0.01608344, 0.0027732733, -0.0014378148, 0.01761299, -0.012568568, 0.016253391, -0.004766322, 0.043352675, 0.0066319085, 0.00797992, -0.0040054102, 0.013410592, 0.00853612, -0.0036191603, 0.01738124, -0.022603337, 0.0018288926, 0.01849364, 0.006214759, -0.00048039816, 0.0046118223, -0.0033816167, 0.011857868, -0.015210516, 0.0016212835, 0.015365016, -0.0017709552, -0.0077558956, 0.022479737, -0.0077404454, -0.0008521636, -0.026496734, 0.025507934, -0.0072074207, -0.0114175435, 0.0029741232, 0.0075009707, 0.06964856, -0.009795294, -0.024642736, 0.00247393, 0.025430685, -0.010969494, -0.01569719, -0.023252236, -0.0029142546, 0.031796083, -0.022572437, -0.022093488, -0.012097343, 0.011687919, -0.031888783, -0.00870607, -0.0010969493, 0.00019867723, 0.014074942, -0.010706844, -0.011587493, -0.012398617, 0.01835459, -0.0032753982, 0.015627665, 0.0014996148, -0.008698345, -0.022696037, -0.006674396, -0.022078037, -0.001629974, -0.019544238, 0.0043800725, 0.0045577474, -0.0010332181, -0.0044727726, 0.010567794, -0.021212837, -0.008064895, 0.010869069, 0.005229822, -0.00431441, 0.004414835, 0.0029528795, 0.0030378546, -0.0018984176, 0.012614918, 0.015187341, 0.0026516046, -0.011224419, 0.0040285853, -0.0013789117, -0.0014329867, -0.021846287, -0.010899968, -0.015612216, 0.003445348, -0.012838943, -0.0076168454, -0.013997692, -0.01840094, 0.006110471, -0.010204719, -0.013101593, 0.004673622, -0.0018568957, -0.022016237, -0.00909232, -0.00049102004, -0.019683288, 0.0013962929, 0.007744308, -0.01595984, 0.020517588, -0.006720746, -0.0024681361, 0.007122446, -0.0066705337, 0.007995371, 0.007925846, 0.01690229, 0.023329487, 0.013765942, 0.015256866, -0.019559689, 0.0020838175, 0.03593668, -0.00879877, -0.000925551, 0.0022788737, -0.0049401345, 0.011046744, -0.008621095, 0.0070490586, 0.014592516, 0.01741214, 0.00958672, -0.0058169216, 0.014839716, 0.0009994213, -0.00247393, -0.024040187, 0.01841639, -0.0001618628, 0.0033700294, 0.0053572846, 0.0037002729, 0.012753967, 0.004476635, -0.0002836522, 0.019111639, -0.0068559335, -0.0012582086, -0.026496734, 0.0014484366, -0.0001165388, 0.023221336, -0.00064986525, -0.0023773673, -0.0046620346, -0.0045577474, -0.011610668, 0.026682135, -0.0017110865, 0.022526087, -0.027222885, -0.0034105855, 0.0016067991, 0.0150482915, -0.0075782207, 0.020888388, -0.006662809, -0.018478189, 0.022294337, 0.013202017, 0.0018385489, 0.009208195, -0.015395916, 0.011309394, -0.005129397, -0.025631536, -0.009918895, -0.018524539, -0.03159523, -0.019065289, 0.0026689859, -3.1609113e-06, -0.015225966, 0.003352648, -0.012190043, -0.011757443, 0.005260722, 0.00431441, -0.006790271, -0.000804848, 0.01707224, -0.0039146417, -0.00808807, -0.0077945204, -0.0021552737, -0.0077481703, -0.0054924716, 0.006442646, 0.0017323302, -0.023623036, 0.01770569, -0.008559295, -0.029818483, -0.009316345, -0.020687537, 0.007137896, -0.013928167, -0.01813829, -0.009872545, 0.006828896, -0.0064928588, -0.006774821, 0.005712634, 0.031224431, 0.0028447297, -0.025229836, -0.0030629607, 0.005245272, -0.015519516, 0.013263817, 0.011232143, 0.03263038, -0.00912322, -0.0009327932, 0.006875246, 0.03877948, 0.0018346864, -0.039799176, 0.006334496, 0.021769037, -0.004183085, 0.0012012369, 0.0037833166, 0.0058439593, 0.004766322, 0.010637319, 0.010189269, -0.0064040213, -0.01840094, -0.0048783347, -0.01799924, -0.0025511798, 0.03315568, 0.011626118, 0.005789884, 0.0066550835, 0.0030146795, 0.011471618, 0.00875242, 0.015534966, 0.01626884, 0.0076631955, 0.01853999, -0.01824644, -0.01724219, 0.00042487474, 0.016299741, 0.0077327206, 0.0057628467, 0.008899195, -0.044156075, -0.008899195, -0.011046744, 0.0056894594, 0.0018269614, 0.030266533, -0.0024565486, 0.018431839, -0.012359993, 0.010822719, 0.0030996543, 0.00070538867, 0.01728854, 0.002825417, 0.003841254, 0.026295885, 0.036431078, -0.020656638, 0.000347142, 0.012645817, -0.00909232, 0.01693319, 0.013062967, 0.00876787, -0.024719985, 0.019358838, 0.0033854793, -0.00454616, -0.00797992, -0.010019319, -0.01761299, -0.026929334, 0.0022363863, 0.009702594, 0.021290088, 0.021738138, 0.01872539, 0.0088837445, 0.004492085, 0.045206673, 0.024689086, -0.008435695, 0.012190043, -0.028675184, 0.012699893, 0.03457708, 0.0033545792, -0.003205873, -0.030328332, 0.009331794, 0.007574358, 0.005446122, 0.022031687, 0.0074353083, -0.005608347, 0.00205678, -0.015086916, 0.010660494, -0.004383935, 0.010173819, -0.011448443, 0.010629593, 0.0024024737, -0.00037659353, -0.01591349, 0.006458096, 0.01663964, -0.012885292, 0.0058207843, -0.0007990542, -0.019096188, 0.01648514, -0.01640789, -0.0014098117, -0.011270768, -0.022464287, 0.009470845, -0.009795294, 0.0017419865, 0.027439184, 0.0008743729, 0.03825418, 0.0070645083, 0.014940142, 0.0011944774, -0.0017757834, -0.024951736, 0.0043955226, 0.0011645431, -0.0005533028, -0.014747016, -0.00927772, 0.005345697, 0.021691788, -0.011371193, 0.024318285, 0.00069766364, -0.010320594, -0.0005880653, 0.013935892, -0.0005021247, 0.01636154, 0.010799544, 0.0011539212, 0.007520283, 0.0077713453, -0.022417936, 0.0070838206, -0.014391666, 0.06300506, -0.018030139, -0.006743921, 0.025090786, -0.00875242, -0.0048088096, 0.006458096, 0.0052491343, 0.01790654, -0.020100439, -0.010513719, -0.020393988, -0.005422947, -6.348981e-05, 0.008420245, -0.003872154, -0.03398998, 0.011178069, -0.0047624595, 0.005048285, 0.0017545396, -0.03278488, 0.011355744, -0.01685594, 0.004982622, -0.012939367, -0.0058787214, -0.016253391, 0.0006411746, 0.013997692, -0.011046744, 0.015758991, -0.023561236, -0.007682508, -0.03368098, -0.0016792209, -0.021089237, -0.003787179, 0.008814219, -0.0037118604, -0.009949794, 0.013449217, 0.00022631823, -0.009300894, -0.004013135, -0.007470071, 0.013989966, 0.00899962, -0.0089069195, 0.00494786, 0.0024082672, 0.01609889, -0.014662041, -5.890309e-05, -0.020471238, -0.009857094, -0.0005615106, 0.010444194, -0.03145618, 0.026033234, 0.0075859455, -0.006060259, -0.010034769, -0.01753574, -0.011772893, 0.01739669, 0.013117042, -6.4312094e-06, -0.02019314, -0.014414841, -0.028057184, -0.004542297, -0.010544619, -0.019899588, -0.0024179236, 0.0009873509, -8.660444e-05, -0.007949021, -0.027732734, -0.00889147, 0.03538048, -0.0033159542, 0.01657784, -0.010822719, -0.01761299, -0.008157595, 0.041313276, -0.0049942094, -0.0008193323, -0.014036316, 0.024534585, 0.038223278, -0.009022795, 0.015056016, -0.00063344964, -0.020733887, 0.009787569, -0.0022750113, -0.014360767, -0.00021267879, -0.01569719, -0.0061490964, 0.019590588, -0.020363089, -0.021645438, 0.016021641, 0.007350333, -0.005013522, 0.0037775228, -0.01764389, -0.012213218, -0.009161845, -0.03497878, -0.003748554, -0.0031981482, -0.026450384, -0.0150482915, -0.012916192, 0.009633069, 0.0066550835, -0.0013740836, 0.0045538847, -0.023128636, 0.014098117, -0.009517195, -0.0030320608, -0.012522218, -0.005527234, 0.009215919, 0.022665137, 0.0041792225, -0.0027829297, 0.0072267335, -0.009887994, -0.013062967, -0.005774434, -0.014708391, 0.01605254, -0.012916192, 0.0143298665, -0.01694864, -0.012977992, 0.010884519, -0.006535346, -0.011077643, -0.014190816, -0.010150644, -0.008621095, -0.0077713453, -0.0003876982, -0.014878341, -0.006361534, -0.014399392, 0.012275018, -0.018740838, 0.01820009, -0.00051998877, 0.023901137, -0.015813066, 0.006890696, -0.0029142546, 0.022402488, -0.022572437, 0.0082348455, 0.012900743, -0.020486688, 0.0032464294, 0.013371967, 0.0035187355, -0.0104982685, -0.027670933, -0.020363089, -0.013974517, -0.019945938, -0.0037427603, -0.022247987, 0.0040517603, 0.022974137, 0.009748944, -0.00073290896, -0.01617614, 0.018926239, 0.01974509, 0.0041019726, -0.0065932837, 0.015944391, 0.013194292, -0.002692161, -0.008188495, 0.0062186215, 0.012027818, -0.039181177, 0.008960995, 0.016114341, -0.0122904675, -0.014461191, 0.0006778684, 0.010312869, -0.0152491415, 0.012336818, -0.01804559, -0.008003095, 0.012668992, -0.004418697, 0.042116676, -0.013062967, -0.007574358, -0.00033869277, 0.011796068, -0.005276172, -0.027454633, -0.0071610706, 0.014584792, 0.014206267, -0.005681734, -0.013286992, -0.011069918, -0.009254545, -0.013611442, -0.00411356, 0.0049864845, -0.010521444, 0.018292788, 0.012614918, -0.002815761, -0.0034627293, 0.007265358, -0.058740865, 0.0047122473, -0.00422171, -0.0020239488, -0.01786019, -0.020780237, -0.005882584, -0.0008695448, 0.015465441, 0.015295491, 0.0055890344, 0.0069100084, 0.0028331422, 0.00039373335, 0.0019351114, -0.014839716, 0.011780618, -0.030158382, -0.002375436, 0.0014349179, -0.003360373, -0.011425268, -0.015218241, -0.01815374, -0.0015749334, -0.010119744, -0.0020065675, -0.008188495, 0.013325618, -0.008976445, 0.004040173, 0.004874472, 0.00409811, 0.009022795, 0.011286219, 0.0145538915, 0.006234071, -0.023422187, 0.022387037, -0.0040787975, 0.0060254964, 0.0005982043, 0.025940536, -0.021104688, 0.011873318, -0.0010689462, -0.009748944, -0.01603709, 0.0063808463, -0.0076013957, -0.0005648903, -0.0143298665, 0.01690229, 0.0042796475, 0.020409439, -0.024488235, 0.027253784, 0.006828896, -0.0015218242, 0.010583243, -0.013117042, 0.0037118604, 0.014391666]"
天気,fromCluster,-0.2542,24.0,1.1401,"[0.006603956, -0.026142905, 0.014780796, 0.008288163, -0.011182556, -0.020354118, -0.028484276, 0.033497393, -0.04855111, -0.0045714173, 0.017466908, 0.041139163, -0.0072718933, -0.0026789296, 0.000877116, 0.010514619, -0.036456425, -0.0140841305, 0.0010306337, 0.005896518, -0.022580575, 0.030940559, 0.047344513, 0.057830404, 0.009279295, 0.0035371925, 0.034215603, 0.015599557, -0.014651518, 0.00814452, 0.03154386, 0.040794425, -0.013681932, 0.021847999, -0.03056709, 0.027809156, 0.039616555, 0.032664265, -0.001231733, 0.008424623, -0.022164011, -0.01818512, -0.026616925, -0.015872478, -0.005286038, 0.009243384, -0.0056343707, -0.0052465363, 0.010184241, -0.019520992, -0.03223334, -0.016375227, -0.018572954, 0.03932927, -0.024706481, 0.04518988, 0.039990027, 0.027507506, -0.015355365, -0.015125538, -0.014378598, -0.013430558, -0.034158148, 0.025726343, 0.0019535357, 0.004869475, 0.01880278, 0.008166066, 0.0004199294, 0.005045437, -0.0015432574, 0.008632904, -0.013804029, -0.010988639, 0.038553603, -0.026530739, 0.015815021, -0.048838392, 0.014737704, -0.007067203, -0.006007841, 0.0011850493, 0.015010624, 0.0071713435, -0.02710531, 0.0055086836, -0.040564597, -0.050131176, -0.016059212, 0.03318138, 0.017395087, -0.01367475, -0.046137918, -0.014450419, 0.053492405, 0.013983581, 0.038697246, 0.010629533, 0.0123532405, -0.014924439, 0.042230844, -0.017294537, -0.00077387306, -0.039472915, 0.0014005128, -0.008999192, 0.002745364, 0.018041477, 0.01255434, -0.05073447, -0.034818903, 0.008022425, 0.017366359, -0.030969286, -0.043006513, -0.011354927, 0.0011733783, -0.019061338, 0.0012829056, -0.019075703, 0.01320073, -0.033468664, 0.016605053, 0.005286038, 0.038524874, -0.01106046, 0.03206097, 0.020167384, -0.00078509515, -0.005623597, -0.019434808, 0.053147662, -0.010658261, 0.039875112, 0.0042913146, -0.018300034, -0.0002863869, 0.02921685, -0.018242577, -0.05544594, -0.018098934, -0.04004748, -0.03657134, 0.013610112, 0.014881345, -0.030854374, 0.009846682, -0.009422937, -0.036801167, 0.024649024, -0.022738582, -0.017538728, 0.019492265, -0.01109637, -0.0119151315, 0.0030362399, 0.0116493935, 0.012044409, -0.041742463, 0.008690361, -0.054038245, 0.01641832, 0.034589075, -0.026516374, -0.037749205, -0.0006037467, 0.021287793, -0.006772736, 0.024002634, 0.033468664, -0.0041009886, -0.011879221, -0.0072036632, -0.01604485, 0.029446678, 0.063260086, 0.03389959, 0.034589075, 0.02418937, 0.025812527, -0.011785854, 0.021244701, 0.0310842, -0.005454818, -0.008122974, 0.00286746, 0.023399336, -0.006715279, 0.005760058, -0.0344167, 0.0015719858, -0.017668007, 0.0036197868, -0.01893206, 0.018845875, -0.02072759, 0.05958284, -0.042058475, -0.015197359, -0.0105648935, -0.012669254, -0.01564265, 0.007447855, -0.024131913, 0.017811649, 0.0011159214, -0.0022031143, -0.017897835, 0.0040758513, -0.019147523, 0.0048263823, 0.04004748, 0.016360862, 0.060099952, -0.026487647, 0.005975521, 0.021014873, -0.013789664, -0.040420953, 0.00028773356, 0.028513003, -0.00091392436, 0.027809156, 0.036858622, -0.00620894, 0.008187613, 0.02857046, -0.03016489, 0.005857016, 0.007957785, -0.009537851, -0.015599557, 0.017409451, -0.0053686323, -0.0034599847, -0.02632964, 0.0038927072, -0.03823759, -0.03766302, -0.016102307, -0.015068081, -0.021014873, -0.008790911, -0.031888597, -0.017294537, 0.004294906, -0.02154635, 0.013847121, -0.0122957835, -0.030394718, -0.014737704, -0.008367166, -0.008273798, 0.008661632, 0.0077925967, 0.0013547267, 0.010148331, 0.03660007, -0.024491018, -0.0002928957, 0.032348253, 0.010672625, 0.0050741653, -0.0018601682, 0.02548215, -0.030251076, -0.02107233, -0.001845804, 0.0013583178, -0.03599677, -0.01055053, -0.036628794, 0.021259066, 0.0016599668, -0.012518429, 0.025884349, -0.015700107, -0.009358298, -0.019334259, -0.028211355, -0.0024814212, 0.018644774, -0.006578819, -0.037232094, 0.016648147, -0.00097227906, -0.055761956, -0.0026017218, 0.015068081, 0.007842871, -0.01720835, 0.03651388, 6.935232e-05, 0.024605932, 0.012518429, 0.0065752277, -0.021675628, -0.015815021, 0.021934185, 0.01985137, -0.009803589, 0.00020154814, -0.02483576, -0.018874602, 0.0024832168, 0.016073577, 0.019808277, -0.032118425, 0.010392522, -0.0024473062, 0.029159393, 0.039300542, 0.0257838, -0.05659508, 0.018903332, 0.0056630992, -0.043925826, 0.00023498989, -0.051280312, -0.013265369, -0.015987393, -0.008403077, 0.011879221, -0.02100051, 0.015570829, 0.032750454, -0.009954413, 0.010557711, 0.058117688, -0.00090853777, 0.0038208861, -0.03369849, 0.007095931, 0.023629164, 0.043724727, 0.0047545615, 0.02286786, -0.009027921, 0.041541364, 0.010794722, -0.021704357, -0.01666251, 0.014292412, -0.014967531, -0.020397212, 0.0086257225, 0.06262806, -0.031974785, -0.0077782325, 0.069637805, 0.00022949107, -0.021244701, 0.023657892, 0.012022863, 0.04030604, -0.021129787, -0.017581822, -0.020684496, 0.035537113, -0.006032978, -0.018860238, 0.0075555868, 0.035910584, 0.015613922, 0.02334188, -0.008194795, 0.0103566125, 0.010852179, -0.02857046, 0.021632535, 0.012346059, 0.008043971, -0.025266686, 0.02493631, -0.022092192, -0.005892927, -0.041311536, -0.01808457, -0.015901206, 0.0076776827, -0.0039537554, -0.013409012, 0.009501941, -0.011620665, -0.02191982, 0.017193988, 0.024965039, -0.020469032, -0.008848368, 0.033238836, -0.038295045, -0.011599119, -0.00034990374, -0.009530669, 0.014572515, -0.0039034805, 0.0016456025, 0.03654261, 0.023284422, 0.0079218745, -0.026458917, -0.007950603, 0.032147154, -0.027335135, -0.0048407465, -0.016834881, -0.02219274, -0.0021294977, 0.033296295, -0.0072180275, -0.016231583, -0.048838392, 0.011864857, -0.010406887, -0.0089561, 0.025467785, 0.010715718, 0.0023305968, -0.012381969, -0.023672257, -0.012834443, -0.018888967, 0.0005875869, 0.022422569, -0.004355954, 0.05263055, 0.015973028, 0.014881345, 0.006840966, -0.004794063, -0.040535867, -0.022910953, 0.024505382, 0.03223334, 0.02473521, 0.011354927, 0.01255434, -0.008352802, 0.026516374, -0.003946573, -0.03843869, -0.013696296, -0.023083324, -0.021704357, -0.011577572, 0.009760496, -0.0022749354, -0.003634151, 0.019865735, 0.0073042125, -0.0022821175, 0.015254816, 0.025869984, -0.0034725533, -0.009674312, 0.012396334, -0.002632246, 0.014838253, -0.043035243, 0.003928618, 0.061823662, 0.030509632, 0.019535357, -0.003108061, -0.032319523, -0.035508387, -0.0006374129, 0.041857377, 0.0076417723, 0.0032373392, 0.0075268582, -0.031946056, 0.00057950703, 0.025022496, -0.02453411, -0.006772736, -0.01751, -0.040162396, -0.037548106, -0.009817953, 0.02979142, 0.008331255, 0.016303405, 0.0015019602, -0.0031242208, 0.018012749, -0.008762183, -0.028340632, 0.048120182, 0.003127812, 0.04030604, -0.015240451, 0.024060091, -0.015254816, -0.0001369091, -0.024376104, -0.023830263, -0.005052619, -0.015800657, 0.016734332, 0.036226597, 0.028426819, -0.03111293, 0.026200362, -0.007081567, 0.02707658, 0.023025867, -0.022508753, -0.006783509, 0.04030604, 0.0022587758, -0.02737823, 0.017150894, -0.010421251, 0.022638032, 0.0021097467, 0.005296811, -0.015613922, -0.0015324842, 0.0090997415, 0.00059162686, -0.017969657, 0.052573096, 0.007842871, 0.032664265, -0.001998424, 0.01068699, 0.010909636, 0.030107433, 0.010672625, 0.020713225, -0.00430927, 0.025424693, -0.00096958573, -0.022436932, -0.017754193, -0.01601612, -0.0028656647, 0.0023234147, -0.00022612445, 0.008431805, -0.004973616, -0.0053183576, -0.006700915, 0.002131293, -0.008898643, -0.0048838393, -0.0007662421, 0.014120041, -0.011354927, 0.046195373, 0.0023826673, -0.006639867, -0.011168191, 0.012504065, -0.0045031873, -0.038093947, 0.022580575, -0.0063489913, 0.011929496, 0.016188491, -0.017136531, 0.023744078, 0.006090435, -0.0003043422, -5.4258646e-05, 0.012812897, -0.00075681554, 0.023801535, -0.003946573, 0.0037203364, 0.010449979, -0.019808277, 0.012425062, 0.028225718, 0.009056649, -0.024218097, -0.04102425, -0.010873725, -0.018328762, 0.021201609, -0.017897835, 0.011247194, 0.003538988, 0.00063427066, 0.023830263, 0.037404463, -0.026243454, -0.01798402, -0.005433271, -0.019032609, 0.034244332, 0.01167094, -0.0058641983, -0.026545104, -0.022896588, 0.013294098, 0.03559457, 0.004442139, -0.043437444, -0.013940489, -0.012618979, -0.0067906915, 0.009825136, -0.009803589, 0.019951921, -0.01102455, 0.019621544, 0.010794722, 0.047143415, 0.002097178, -0.006937925, -0.025266686, 0.002283913, 0.03688735, 0.024519747, -0.028383724, 0.046798673, -0.042834144, -0.0064279945, -0.011721214, 0.013394647, 0.008934553, 0.0011491387, 0.0019176252, 0.011656576, 0.001228142, -0.020741953, -0.014780796, 0.0053865877, -0.00062215084, -0.003294796, -0.03335375, -0.012934992, 0.04590809, 0.014199045, 0.022724217, -0.012920628, 0.01950663, 0.03524983, 0.050475918, -0.009631218, 0.0061730295, -0.0045175515, -0.002497581, 0.013983581, -0.002880029, -0.013926124, -0.02117288, 0.03616914, 0.01442169, 0.0049628424, -0.0033809815, 0.03818013, 0.041771192, -0.011017367, 0.0054943194, 0.030796917, 0.007562769, -0.010370976, -0.01950663, -0.019808277, 0.010751628, -0.0053219483, 0.0019463536, 0.022135284, -0.01930553, -0.016518869, -0.021460164, 0.011462659, 0.024850124, -0.0024921945, 0.0030057158, 0.0058641983, 0.021316523, -0.013954853, 0.011275923, -0.031055473, 0.004812018, 0.026114177, 0.0124106975, 0.02782352, 0.027579328, 0.0061119813, 0.030078705, -0.004420593, -0.025094315, 0.0063849017, 0.04105298, -0.010435616, -0.012489701, 0.007067203, 0.0005561652, -0.0032050195, 0.026286548, -0.008410258, 0.004115353, 0.040938064, -0.004725833, 0.0515676, -0.027564963, 0.00081741466, -0.01815639, 0.02697603, -0.007821325, 0.012051592, 0.0072323917, 0.0077854143, -0.016820516, -0.042805415, -0.0044457302, 0.0069199693, -0.022882223, 0.004244631, 0.009545033, 0.028426819, -0.002558629, 0.026243454, 0.005785195, -0.018745326, 0.05900827, -0.015901206, -0.028857745, -0.0026986804, 0.04774671, -0.030078705, 0.029475408, -0.009753315, -0.0061766203, 0.021057967, -0.060674522, -0.010715718, 0.017869106, -0.0033055693, 0.002738182, -0.011074824, -0.007806961, -0.0014660496, -0.014292412, -0.016547596, 0.024175005, -0.034589075, 0.008302527, -0.0039358, -0.014091313, 0.05004499, -0.038553603, -0.036714982, -0.019635906, 0.009200292, -0.0104140695, -0.012051592, -0.016777424, -0.023873355, -0.015441551, 0.024318647, -0.015570829, 0.0151686305, -0.01082345, 0.0058067413, -0.020512125, -0.002344961, 0.008467715, 0.02667438, -0.010514619, -0.006198167, -0.0026609742, 0.003321729, 0.034387976, -0.011548843, -0.019090066, 0.0023018685, 0.026200362, 0.020713225, 0.0015486439, 0.015384094, -0.017739829, -0.021948548, -0.01363884, -0.0045498707, -0.0023018685, -0.027363865, -0.0031744957, -0.027119672, -0.031170387, 0.017122166, -0.038639788, 0.011584754, 0.009408573, 0.014493511, 0.003688017, -0.013796846, 0.011268741, 0.027521871, 0.00447805, -0.0032409301, 0.018127663, -0.0099759605, 0.03576694, -0.0045175515, 0.005408134, 0.009430119, 0.008223523, 0.008417441, 0.006758372, -0.00461451, -0.039788928, -0.039788928, 0.0144647835, -0.0023970315, -0.00018864278, -0.0043415898, 0.031428944, -0.019075703, -0.017050344, -0.027234586, -0.013918942, 0.0023252103, 0.0073401234, -0.041483905, -0.014436055, 0.0026843161, 0.02595617, 0.014910074, -0.018271305, 0.00016530091, 0.011986953, 7.339226e-05, -0.024117548, -0.0430927, 0.0013601134, -0.03369849, -0.008675997, -0.008790911, -0.013969217, -0.0116063, -0.021675628, -0.02079941, -0.004068669, 0.007857236, -0.0024347375, 0.01641832, 0.019276801, 0.012317331, 0.0149962595, 0.032692995, -0.002768706, -0.012805714, -0.0032319524, 0.014615607, -0.004779699, 0.02426119, 0.04217339, 0.009516304, -0.038093947, -0.025395965, 0.008675997, -0.020109927, 0.01950663, -0.035508387, 0.0014400145, -0.016174126, -0.043006513, -0.04754561, 0.010256062, 0.003881934, -0.005397361, -0.03183114, -0.03898453, 0.014981896, -0.033526123, -0.041483905, -0.019664636, 0.025137408, -0.033238836, 0.019564087, 0.0150537165, 0.028656645, 0.026832389, 0.04085188, -0.027880978, 0.023643529, -0.018472403, -0.008798093, 0.005609233, -0.03131403, 0.011678122, 0.0048443377, -0.027708607, 0.009624036, 0.010902453, -0.0013457491, 0.020670133, -0.01509681, 0.01536973, 0.039214358, 0.009832318, 0.013121727, -0.010744447, 0.0075196764, -0.010205788, -0.011398019, 0.020038106, -0.007300622, -0.009501941, -0.015283545, -0.004230267, 0.0089561, 0.005400952, 0.039472915, 0.02887211, -0.03524983, -0.016159762, 0.028268812, -0.013236641, -0.005185488, -0.017668007, 0.0051783063, -0.024878852, -0.008424623, 0.025999263, 0.01591557, -0.013545472, 0.008072699, 0.012252691, -0.023571707, 0.0023180281, -0.00021018913, -0.013035541, -0.009458847, 0.017050344, 0.0054979105, 0.03071073, -0.0036090137, 0.0051352135, -0.0077925967, 0.021761814, -0.012697983, -0.002975192, -0.0029949427, -0.007591497, 0.021934185, 0.043035243, -0.030021248, -0.03596804, 0.0030182844, 0.010040599, -0.0015118356, 0.037375737, -0.046137918, 0.024778303, -0.011053277, -0.011347745, -0.016360862, 0.03559457, 0.034933817, -0.046023004, -0.047085956, 0.03527856, 0.007900328, -0.0047545615, 0.026660018, -0.0663053, 0.0005323744, -0.033985775, -0.0022444115, 0.0032876139, -0.00695588, 0.018501133, 0.007074385, 0.01167094, 0.000621702, 0.013746572, -0.023198238, -0.021086695, 0.0041692187, -0.024218097, 0.024821395, -0.008596994, -0.019736458, 0.042805415, -0.0013708866, -0.003982484, 0.0014274457, 0.024505382, -0.015958663, -0.021862363, 0.0034115054, -0.03444543, 0.039903842, -0.01001187, 0.011872039, -0.0009309819, -0.021201609, 0.013128909, 0.018027114, 0.02697603, -0.010148331, -0.001487596, -0.01828567, -0.02032539, -0.031170387, -0.019061338, 0.009279295, 0.0069989725, -0.028857745, 0.0040219855, 0.030883102, 0.009559398, 0.0028620735, 0.022824766, -0.0024814212, -0.01394767, -0.0037777934, 0.0053937696, 0.030682003, -0.03637024, 0.045419708, 0.035680756, 0.06912069, 0.036714982, 0.008374348, -0.008525172, 0.005602051, 0.018228212, 0.03464653, -0.0033001825, 0.007074385, 0.019362986, -0.046080463, -0.005738511, 0.012547158, 0.018199483, -0.026573831, -0.025798162, -0.005778013, 0.019822642, -0.008094246, -0.004916159, 0.034847632, 0.0030075114, 0.0020002194, -0.025352873, 0.036111683, -0.01631777, 0.011800217, -0.016332133, -0.015312273, -0.001784756, 0.029274307, 0.024246827, -0.029877605, 0.010952728, -0.008000878, 0.0028279584, -0.0021115423, -0.0061838026, 0.0056630992, 0.055359755, 0.0074406727, -0.0033576395, 0.00012232043, -0.009085378, 0.02799589, 0.002592744, 0.0049556606, -0.0030488085, -0.023054594, -0.012152142, -0.0046504205, -0.02507995, 0.0020379256, 0.006805056, 0.027478779, 0.012518429, 0.012942174, -0.017409451, -0.0019625134, -0.000675119, 0.0023988269, -0.029475408, 0.015240451, -0.008510808, -0.020583946, 0.03183114, -0.038582332, -0.0016761265, 0.0075268582, 0.0032786364, 0.01923371, -0.026071083, 0.0030236712, 0.0021348842, 0.006600365, 0.013265369, 0.0043415898, -0.01591557, -0.0018475995, 0.012884717, 0.011749943, 0.008999192, -0.0056271884, -0.0058139237, -0.015039353, 0.043408714, 0.034905087, 0.002982374, 0.038496144, 0.018817145, 0.005591278, -0.010313519, -0.0044026375, -0.009501941, 0.0352211, -0.0021025646, -0.0033684128, -0.0003213997, -0.00038850761, 0.004862293, -0.0009300841, -0.02789534, -0.007893146, -0.01526918, -0.014629972, -0.029475408, 0.0034599847, -0.009817953, 0.012712346, 0.02259494, 0.0002181568, -0.038553603, -0.019564087, -0.012274237, 0.008359984, 0.03335375, 0.021029238, 0.00070878514, 0.023384972, -0.016504504, -0.032951552, -0.01007651, 0.015068081, -0.014550968, -0.012037228, 0.008970464, 0.009674312, 0.020397212, -0.018673504, -0.00909256, 0.008604175, -0.0073544877, 0.035134915, -0.0022515936, -0.010141149, 0.02117288, -0.009480394, -0.012137777, 0.0060006585, -0.0035210326, 0.015958663, -0.03277918, -0.040420953, 0.03464653, -0.0151686305, -0.02398827, 0.021431437, -0.000808437, -0.024850124, 0.021043602, 0.016763061, 0.011354927, 0.029820148, 0.015843749, 0.015068081, -0.005357859, 0.010155513, -0.008905824, -0.006287943, 0.023384972, -0.012475337, 0.024950674, 0.005591278, -0.011103553, 0.012805714, -0.013452104, 0.0047150594, 0.0050921207, -0.0011302857, -0.004061487, -0.00023902982, -0.0041333083, 0.0031601314, 0.005846243, 0.013523926, 6.531237e-05, 0.041081708, 0.010636715, 0.011836128, 0.004115353, 0.02941795, 0.00036179912, -0.0072359825, -0.012432244, -0.012159323, -0.018213848, 0.015628286, -0.0042877235, -0.010320702, 0.011936678, -0.00028728467, -0.0387547, -0.0067332345, 0.006643458, 0.013782482, 0.020167384, -0.011376473, 0.0006998075, 0.0070420653, 0.020957416, 0.0023826673, -0.008668815, -0.034244332, 0.0027309998, 0.020497762, -0.011793036, -0.010399705, -0.026932938, -0.018041477, 0.010988639, 0.00220491, -0.011850493, -0.0310842, 0.0026053127, -0.0061838026, 0.0060652974, -0.0047294237, -0.0048192004, 0.0008358188, -0.011857674, -0.032147154, -0.03705972, 0.0016806154, 0.00076669094, 0.015297908, 0.012640526, -0.014471965, 0.0051783063, -0.0009920299, -0.014967531, -0.02202037, 0.0068589216, -0.013631658, -0.04027731, 0.011836128, 0.0022192742, -0.014708975, -0.019635906, -0.024074456, -0.0072970307, -0.020095563, 0.0061227544, 0.036714982, 0.0047761076, 0.008575447, 0.0027507506, 0.018400583, -0.0006383106, 0.008769364, -0.020296661, -0.014220591, -0.024921944, -0.011046096, -0.02507995, -0.015254816, -0.007806961, 0.008403077, 0.002440124, 0.015585193, 0.033095192, -0.010701354, -0.023327515, -0.01977955, 0.031630043, -0.020339755, -0.015470279, 0.006453132, -0.010672625, 0.039875112, 0.0017425611, -0.011319016, 0.001464254, 0.006341809, -0.0086831795, 0.01788347, 0.006262806, 0.017696736, 0.004700695, -0.023629164, -0.0046647848, 0.0007909306, 0.017797286, -0.0021007692, 0.015197359, -0.0010566689, 0.022709854, 0.010895271, -0.009580944, 0.04277669, -0.005049028, -0.02348552, 0.01174276, -0.012805714, 0.0023970315, 0.032434437, 0.004197947, 0.0037023812, -1.674892e-05, -0.039903842, 0.014471965, 0.019492265, -0.013897396, -0.01241788, -0.01855859, -0.037576836, -0.02602799, -0.006090435, -0.0099759605, -0.007221618, -0.02174745, 0.0028548914, 0.0047761076, -0.020181747, -0.009810772, 0.00041903162, 0.01696416, 0.028340632, -0.019291166, 0.00536145, 0.006948698, 0.022738582, -0.017107802, -0.0016303405, -0.00041140063, -0.009674312, -0.037375737, 0.006758372, 0.019276801, -0.0015333819, 0.007900328, -0.034531616, -0.007063612, 0.0077997786, -0.01975082, -0.02829754, 0.0017290945, 0.01669124, -0.014701793, -0.023155143, 0.0027866613, 0.018142026, 0.039444186, -0.017007252, -0.015470279, -0.011031731, 0.011484205, -0.014594061, 0.003993257, 0.010464344, -0.03444543, 0.0077351397, -0.006636276, 0.0056379614, -0.0008501831, 0.021144152, -0.005045437, -0.0104715265, -0.0013646021, 0.010263245, 0.068316296, -0.028627917, 0.028556095, -0.027421322, 0.018228212, 0.010715718, -0.03056709, 0.009760496, 0.00440982, -0.009322387, -0.0044457302, 0.019635906, -0.023902085, 0.014924439, -0.0017614141, -0.0067475988, 0.012647708, -0.029561592, -0.0042230845, 0.011599119, -0.02005247, 0.0397602, 0.027909705, -0.012726711, -0.010967093, 0.014500693, 0.027234586, 0.005961157, 0.009071013, -0.006151483, 0.0016231583, -0.012259874, -0.011728397, 0.008043971, 0.0072395736, -0.012532794, 0.013049906, 0.008905824, 0.015427187, 0.011218466, -0.0030416264, -0.034876358, -0.023442429, -0.005049028, 0.00014925336, 0.012188052, -0.005465591, 0.0040758513, 0.015585193, -0.027737334, 0.049240593, 0.013480833, -0.00035259704, -0.0036072182, -0.0017515387, -0.0068553304, -0.0019050564, -0.036456425, 0.008273798, -0.027406957, -0.002901575, -0.023629164, 0.00038962983, 0.04027731, -0.016877973, 0.0067224614, -0.015929936, 0.0016438069, 0.020785045, 0.025281051, -0.0016671488, 0.015714472, 0.009487576, 0.004205129, 0.023183873, 0.004812018, 0.005724147, 0.008079881, -0.04421311, -0.0194779, -0.00031601315, 0.0001740541, 0.012065956, -0.039817654, -0.005027482, -0.0049879802, 0.010191424, 0.023830263, 0.00936548, 0.022221468, -0.031802412, -0.008273798, -0.0015737814, -0.011218466, 0.0032965916, 0.018371854, -0.010816268, -0.03789285, 0.004858702, -0.020655768, 0.035853125, 0.00620894, -0.03410069, 0.011448294, -0.021876728, 0.033037737, 0.014227773, 0.0012631548, 0.0048766574, 0.029331764, 0.017280173, -0.016791789, 0.018213848, 0.0017470499, -0.034043234, 0.025123045, -0.017524365, 0.0023180281, 0.027464414, -0.010098056, -0.005896518, -0.00848208, 0.029848877, -0.015154266, 0.032147154, 0.010263245, -0.010090874, -0.005720556, -0.0039788927, 0.0054979105, 0.0055733225, -0.0075268582, -0.019334259, -0.017122166, -0.00077970856, 0.04082315, -0.030969286, 0.00045247335, 0.00045673773, 0.007314986, 0.003497691, -0.01106046, -0.045592077, 0.014809525, 0.04197229, -0.03019362, -1.5514493e-05, 0.013746572, 0.03504873, -0.017567458, 0.020469032, -0.006873286, 0.0055840956, -0.012597432, -0.055905595, -0.00091437326, 0.022221468, -0.024979401, 0.004262586, -0.018501133, 0.0149962595, 0.015513372, -0.00454628, 0.015872478, -0.019319894, 0.016403954, -0.019592814, -0.026573831, 0.0019535357, -0.009896956, -0.03395705, -0.0015010624, 0.0074406727, -0.019822642, -0.0008254945, -0.01462279, 0.006273579, -0.006212531, 0.0055625495, -0.015628286, 0.0054619997, 0.010658261, 0.012267055, 0.018544225, 0.02500813, 0.0150537165, -0.0030021248, 0.0032463167, 0.020081198, 0.0069271517, 0.012633343, 0.010543347, 0.031227844, -0.02680366, 0.015484643, 0.014227773, -0.00059162686, 0.028455546, 0.01957845, -0.007455037, 0.0037921576, -0.012575886, -0.016633783, 0.003576694, -0.0068804678, 0.012525612, -0.0031780866, -0.013890213, 0.017179623, 0.0045498707, -0.009616855, 0.009114106, 0.002158226, -0.008640086, -0.0064495406, 0.028584825, 0.019707728, -0.0014211613, 0.034215603, 0.010177059, -0.010234516, 0.014033856, -0.0044385483, -0.012432244, 0.01564265, 0.009753315, -0.005375814, -0.009085378, -0.002463466, 0.0255827, 0.026229091, -0.003925027, 0.018759688, 0.0019355804, 0.0059252465, -0.0062484415, 0.004675558, 0.007027701, -0.021603808, -0.0021833635, -0.003115243, -0.016791789, -0.006453132, 0.00553023, -0.0066829594, -0.00082010793, 0.024318647, 0.038697246, 0.0121449595, 0.01316482, 0.0010611578, 0.0074406727, 0.026444554, 0.009279295, -0.006779918, -0.0025801754, -0.015613922, -0.019520992, -0.008446169, -0.0048335646, -0.012805714, 0.012705164, 0.005788786, 0.022250198, -0.017380722, -0.010780357, 0.0022138874, -0.0059791123, -0.0010360203, 0.018170755, -0.030480903, 0.008446169, -0.008999192, 0.0077135935, 0.013768118, 0.008898643, -0.021431437, 0.0078644175, -0.012762621, -0.0140266735, -0.0031942464, 0.013365919, -0.0009202087, -0.02391645, -0.0047545615, 0.005605642, 0.023169508, 0.0045929635, 0.0044600945, 0.0037957486, 0.007139024, -0.001975082, 0.0016833086, -0.00936548, -0.0043451805, -0.0198801, 0.0028459136, 0.009803589, 0.013940489, -0.005961157, 0.013444923, 0.0198801, 0.0019212163, 0.008065517, -0.015484643, 0.018572954, -0.023499886, -0.011900768, -0.005239354, 0.007900328, -0.026861116, -0.022264563, 0.000663448, 0.012662072, -0.025740705, 0.0029392813, -0.015958663, 0.0069774264, 0.0068625123, -0.0058067413, 0.015973028, -0.009293659, 0.005713374, 0.019837007, -0.012274237, -0.0069343336, 0.02032539, -0.0041440814, 0.016533233, -7.109173e-05, -0.001677922, -0.017969657, 0.0033145468, 0.006341809, 0.01761055, -0.004847929, -0.012202417, -0.015987393, 0.013653204, -0.009918503, -0.00580315, -0.024447925, 0.018616047, -0.0022533892, 0.007821325, -0.0035982404, 0.0102416985, -0.0034545981, 0.01751, 0.033842135, -0.0026627698, -0.0033881636, 0.0068517393, -0.0029698052, -0.01058644, -0.009473212, 0.018328762, -0.0024688526, -0.0042266757, -0.0152260875, -0.009796407, -0.0005557163, 0.019980649, 0.019923192, -0.0119725885, -0.019765185, 0.00039344534, -0.017955292, 0.017524365, 0.0016465003, -0.0017748806, -0.0073975804, -0.0045750085, 0.0005848936, 0.012130595, 0.0050777565, -5.6110286e-05, 0.006104799, -0.007196481, -0.030940559, 0.007548405, 0.0025083544, -0.0058139237, -0.010528984, -0.011290288, -0.005602051, -0.001113228, 0.010335066, -0.023700986, -0.0048263823, -0.011232831, 0.010514619, -0.011240013, 0.01659069, 0.0037275185, 0.007383216, -0.005602051, 0.0069343336, -0.0006261908, -0.018242577, -0.0070564295, 0.0014777206, 0.040191125, 0.003402528, -0.00038716098, 0.0045211427, 0.009501941, -0.008561083, -0.010112421, -0.02612854, -0.0038101128, -0.014550968, 0.0032104063, 0.0034115054, -0.019736458, 0.0032157928, -0.007692047, 0.016447047, 0.012065956, 0.0010028031, -0.031974785, 0.007885965, 0.041656278, 0.0071031135, -0.016849246, 0.0015881455, 0.014335505, 0.018501133, -0.007828508, 0.01604485, 0.036255326, -0.015197359, -0.0012766212, -0.0075555868, -0.006083253, -0.0118074, 0.021589443, -0.015929936, 0.005609233, -0.014881345, -0.017380722, -0.015154266, -0.0036754482, -0.009437301, -0.0029644186, -0.008230706, -0.02229329, -0.0077423216, 0.016202856, 0.00644595, -0.0028513004, 0.019046973, -0.00885555, -3.4143108e-05, -0.0037706112, -0.0059324284, -0.028412454, 0.021934185, -0.028627917, 0.029906334, -0.03711718, -0.008424623, -0.0039717103, 0.010449979, -0.017782921, 0.012899081, -0.020928688, 0.017409451, 0.012834443, 0.0012209598, 5.9757454e-05, 0.017093439, 0.0037993398, 0.015556465, -0.015714472, -0.0077854143, -0.0018143823, -0.0026178816, -0.02961905, 0.009322387, 0.0049412963, -0.011484205, 0.001106046, 0.005479955, 0.0140266735, 0.0062448503, -0.016145399, -0.024821395, -0.009624036, -0.01146984, -0.002379076, -0.007885965, -0.01394767, 0.0047761076, -0.012001317, 0.004733015, 0.0025460604, 0.009085378, -0.0017290945, -0.0092721125, 0.024491018, 0.0044636857, 0.0036556975, -0.015068081, -0.01852986, 0.0032445213, 0.0151111735, 0.009695858, -0.00076758873, 0.0008838492, 0.03973147, -0.016576326, -0.0024383287, 0.011979771, -0.008122974, 0.029504135, 0.023169508, -0.009250566, -0.015427187, -0.0151686305, -0.0121449595, -0.013315644, -0.017165259, -0.010765993, -0.00023341879, -0.0312853, -0.023700986, 0.014673064, -0.007986514, -0.017897835, 0.022709854, -0.02680366, 0.009509123, -0.0031134477, -0.011146645, 0.0048766574, -0.0053255395, 0.012618979, 0.0019301939, -0.011864857, -0.022910953, -0.0056882366, 0.0029051662, -0.019276801, 0.030768188, 0.008079881, 0.026315276, -0.015570829, 0.016763061, 0.008604175, -0.0072898483, -0.0018853056, -0.013071452, -0.0013951262, 0.011498569, 0.0090638315, 0.024376104, 0.0152260875, -0.024605932, -0.0054476354, 0.010342248, 0.027608057, 0.002520923, -0.0039070714, -0.017524365, -0.015297908, -0.030911831, 0.004912568, 0.0054835463, -0.012870353, -0.023399336, -0.0019858552, 0.017380722, 0.00763459, 0.002616086, -0.0155421, -0.0056164153, 0.00057097827, 0.0054584085, 0.014357051, 0.019161887, 0.011390837, -0.01631777, 0.0102416985, 0.019248072, 0.0044565033, -0.029288672, 0.0064351764, -0.024275554, -0.020555219, 0.002856687, 0.007943421, 0.031802412, 0.029389221, -0.022235833, 0.02378717, -0.0065177707, -0.015326637, 0.0092721125, 0.009983142, -0.0030111023, 0.012870353, -0.0025101497, 0.009652765, 0.021431437, 0.021661265, 0.002632246, -0.0043810913, 0.014450419, -0.0030021248, -0.0059575657, -0.023255695, 0.005537412, -0.010615168, 0.008862732, 0.0028171854, -0.005117258, 0.00061990647, 0.018759688, 0.026559468, 0.012676436, -0.011599119, 0.02042594, -0.002086405, -0.015254816, -0.0050705746, -0.0046360563, 0.009200292, 0.004980798, -0.0055769137, -0.014342687, 0.010162695, -0.0058139237, -0.03464653, 0.023700986, 0.012805714, -0.0030685593, -0.001026145, -0.0119151315, 0.0149962595, 0.008266617, -0.0054943194, -0.025324143, 0.03576694, -0.008934553, -0.007052839, 0.028240083, -0.006521362, 0.009566579, 0.004657603, 0.007336532, 0.00970304, -0.005397361, 0.015441551, 0.013409012, -0.013753753, 0.015125538, -0.002406009, -0.02069886, -0.016820516, -0.028699739, 0.006959471, 0.008395894, 0.0016949795, -0.0151686305, 0.007411944, 0.013294098, 0.027809156, -0.013258187, 0.0024113958, -0.025123045, -0.0073473053, -0.00044708676, 0.016145399, 0.03450289, -0.019262437, 0.0004928728, 0.013897396, -0.00627717, 0.0025963353, -0.0016824108, 0.0060796617, -0.0046647848, 0.021115422, -0.023054594, -0.0040219855, -0.013006814, 0.005914473, -0.0032481123, -0.0069271517, -0.0073508965, -0.023054594, -0.016806154, 0.008489262, 0.0025191274, 0.010378159, 0.024591567, -0.007081567, -0.008252252, 0.014249319, 0.002738182, -0.013559836, -0.009667129, -0.008130156, 0.0074047623, -0.012518429, -0.019707728, 0.024921944, -0.014019492, 0.011498569, -0.021560714, 0.014055402, 0.007964968, 0.009394209, 0.0047617434, 0.008927371, -0.0016563757, -0.012583069, 0.006162256, -0.01880278, -0.0037239275, -0.019693363, 0.010916817, 0.008374348, 0.012618979, -0.015858114, -0.01401231, -0.024074456, -0.011319016, -0.010248881, -0.0067475988, 0.013222277, 0.0040938067, 0.016403954, -0.03660007, -0.013409012, 0.0068014646, -0.0059108823, 0.011448294, 0.007383216, 0.025798162, 0.0010351226, 0.0025011722, 0.0113261985, -0.0033917546, -0.015312273, 0.0029087572, -0.0047042863, 0.014594061, 0.003165518, 0.008596994, 0.01391176, 0.00057412044, 0.0131145455, -0.01109637, 0.01666251, -0.017596185, -0.0014085927, 0.013459287, 0.008158885, -0.010141149, -0.0069917906, 0.010327884, 0.010493073, -0.024447925, -0.008668815, -0.001464254, 0.0008730761, 0.035307284, 0.003538988, 0.013617293, 0.0064746784, -0.0015226088, -0.015585193, 0.00060240005, -0.013782482, -0.02632964, -0.024232462, -0.0009426528, -0.008977646, 0.010449979, 0.026200362, 0.013610112, 0.020066835, 0.025625793, -0.007986514, -0.015125538, 0.008675997, -0.021948548, -0.0024886033, -0.0038675698, -0.013667568, -0.031572584, 0.028627917, 0.033468664, 0.0037957486, 0.0019804686, 0.008460534, -0.017696736, 0.00031713533, 0.006959471, 0.009825136, -0.016432684, 0.0004282337, 0.0033145468, 0.008783729, -0.0030721505, -0.006392084, 0.030308532, -0.015944298, 0.004485232, -0.0155421, -0.012834443, 0.009746132, -0.026545104, -0.001876328, 0.0058139237, -0.017668007, -0.009056649, 0.0059037, 0.021689992, 0.01241788, 0.001369091, 0.022063462, 0.016518869, 0.0069091963, -0.01910443, 0.012647708, -0.013969217, -0.011692486, 0.023040231, 0.015657015, -0.0035461702, 0.0022587758, 0.0046611936, 0.046798673, 0.010277609, -0.012425062, 0.005738511, 0.012863171, 0.0149962595, -0.022652397, 0.03769175, -0.02100051, 0.0042661773, 0.0075986795, 0.017409451, 0.002608904, -0.021776177, -0.0040327585, -0.00912847, -0.0017497431, 0.011067642, 0.014321141, -0.01279135, -0.004434957, -0.0026861117, 0.01526918, -0.0059791123, 0.03260681, 0.0069702445, 0.009315206, -0.01363884, 0.017179623, -0.02453411, 0.040938064, 0.012590251, -0.0053255395, -0.024131913, -0.011620665, -0.026114177, 0.006255624, -0.009300841, -0.0035336015, -0.010457162, 0.008403077, -0.0015728836, 0.008719089, -0.0107229, -0.017079074, -0.012504065, -0.016461411, 0.011879221, -0.016877973, 0.014342687, 0.014967531, 0.008704726, -0.01815639, -4.33452e-06, 0.006503407, -0.019147523, 0.024103183, -0.010234516, -0.0044816406, -0.018860238, -0.0052573094, -0.010421251, 0.013078635, 0.012726711, 0.0058857445, -0.0015665992, 0.010701354, -0.007200072, -0.0050238906, -0.0108880885, -0.0016294427, -0.0077854143, 0.008920189, 0.011290288, -0.009961596, -0.00055975624, -0.0042769504, 0.026645653, 0.005523048, 0.0031870643, -0.0011033526, -0.0010988639, -0.0056343707, 0.029475408, -0.01751, 0.015427187, -0.00081113033, 0.028556095, -0.033296295, 0.008158885, 0.012942174, 0.022221468, -0.0032139972, -0.018601682, -0.007063612, 0.0013457491, 0.0071713435, -0.018098934, -0.0022551846, 0.0051352135, -0.013804029, 0.011864857, -0.00400403, 0.025252322, 0.0028171854, -0.007972149, 0.0066973236, -0.0009525282, 0.012367605, 0.010629533, -0.015355365, 0.014981896, -0.017050344, -0.001399615, 0.013279734, 0.013990764, -0.01818512, 0.016174126, 0.00015980209, 0.0035748987, -0.01788347, -0.0038424325, 0.015973028, -0.01883151, 0.011153827, -0.015297908, -0.0055050924, 0.0026142905, 0.029374857, -0.011319016, 0.001124899, -0.00058175146, -0.009882593, -0.008417441, 0.009300841, -0.013854303, 0.005350677, -0.004700695, -0.02799589, -0.022092192, 0.021589443, 0.010528984, 0.010708536, 0.010119602, 0.025094315, -0.0019050564, 0.009904139, 0.006948698, 0.016763061, -0.00973895, 0.024002634, -0.023169508, -0.005286038, -0.009559398, 0.00095971033, 0.017768556, 0.010787539, 0.032376982, 0.009753315, -0.0051495777, 0.0010557711, -0.004162037, -0.025625793, 0.0012478927, -0.017050344, 0.0027920478, 0.010528984, 0.0052824467, -0.013897396, 0.0042087203, 0.0049987533, -0.013825575, -0.0020486987, 0.0007173139, -0.019090066, 0.0054476354, -0.014364233, -0.0015082445, -0.0012173688, 0.011340562, 0.0028818243, -0.008137338, 0.02493631, -0.006334627, -0.0042661773, -0.013207912, -0.0070384745, 0.010837814, 0.0064351764, 0.008216342, -0.004205129, -0.004316452, -0.008611358, -0.032692995, -0.0059252465, 0.020785045, -0.010615168, 0.017754193, 0.016432684, 0.0043595447, -0.0012694391, 0.024275554, -0.0014471965, 0.01452224, -0.0032858185, -0.0032445213, 0.0050167087, -0.0105074365, 0.0004969127, 0.013330009, -0.0098395, 0.025640156, 0.0041692187, 0.0019894463, 0.0066614132, -0.011010185, -0.005720556, -0.02575507, -0.01218087, -0.0062376685, 0.011728397, 0.015024988, 0.010643897, -0.0015468483, 0.008331255, 0.00566669, -0.0068696947, 0.0016851041, 0.0019679, -0.00086993387, 0.009889775, -0.0009220042, -0.012367605, 0.017380722, -0.012360423, 0.06555836, 0.025668886, -0.031744957, 0.0043451805, 0.003301978, -0.025180502, 0.019923192, -0.007835689, -0.010615168, -0.002463466, 5.2883945e-05, -0.010593622, -0.0068553304, 0.011785854, -0.026257819, -0.019822642, 0.03335375, 0.022135284, 0.024692118, -0.03651388, -0.017955292, -0.028584825, -0.011836128, 0.011225648, 0.01751, 0.004675558, -0.016619418, 0.009430119, 0.02134525, 0.004237449, -0.010852179, 0.013832756, 6.671513e-05, -0.0047150594, 0.0031637223, -0.011103553, 0.010342248, -0.003260681, -0.011994135, 0.012532794, 0.009085378, 0.0030757415, 0.0116493935, -0.008561083, -0.0257838, -0.0198801, -0.0063741286, 0.011814582, -0.0023323924, -0.0015199154, 0.012489701, 0.016791789, -0.0022857087, 0.0008667917, 0.003950164, -0.0013897396, 0.0020038106, -0.00095432374, 0.012123413, -0.0068625123, 0.0074406727, 0.0052537182, 0.0026268591, -0.003817295, -0.008367166, -0.006700915, -0.02859919, 0.013617293, -0.017452544, -0.008223523, -0.0010054964, -0.012259874, 0.009882593, 0.005171124, -0.012310148, -0.0012003112, 0.0038711608, -0.0045175515, 0.0025945397, -0.01937735, -0.01686361, 0.002239025, 0.041483905, 0.021675628, -0.020497762, -0.025984898, 0.028498638, 0.005110076, 0.0036072182, -0.010931182, 0.013444923, -0.0019625134, 0.016245948, -0.00046414428, 0.027852248, 0.005623597, 0.023830263, 0.004499596, 0.019190615, 0.020009378, -0.0013017587, -0.028814653, -0.0025029676, 0.011836128, -0.008309709, -0.008503626, 0.009753315, 0.0038101128, 0.0113261985, -0.0077997786, 0.010198606, -0.002734591, 0.0122383265, 0.006018614, -0.00073571806, -0.0024832168, 0.018759688, -0.0091571985, -0.0031206298, -0.0021833635, 0.00040511627, -0.0011563208, 0.015254816, -0.030940559, -0.01788347, 0.0036054226, -0.019018246, 0.00051172584, 0.022896588, 0.01628904, 0.00960249, 0.0004417002, 0.017581822, -0.0006136221, -0.012970903, -0.013689115, -0.012597432, 0.014565333, -0.0007536734, -0.0025227184, -0.018472403, 0.00181528, -0.012037228, 0.007376034, -0.0040758513, 0.021029238, -0.00012849255, -0.019765185, -0.0077782325, -0.009559398, 0.008137338, 0.008927371, -0.0006163154, -0.009437301, 0.0042661773, -0.020066835, 0.012547158, -0.0020181749, 0.014335505, 0.024002634, -0.0031206298, 0.02232202, 0.0061371187, -0.006848148, -0.0216469, 0.008632904, -0.013861485, 0.00302008, -0.014199045, 0.0033540486, -0.00018157289, 0.0030272622, 0.008051153, 0.004355954, 0.011929496, 0.009688675, -0.007275484, -0.0046863314, 0.004862293, -0.014579697, 0.00332532, 0.00013197139, -0.0068804678, -0.019161887, -0.010155513, 0.008604175, -0.0066219117, -0.009336752, -0.020282298, 0.0062448503, -0.0088340035, -0.005196261, -0.0151686305, -0.017380722, 0.0155421, -0.012769803, -0.003301978, -0.0043236343, 0.009580944, 0.027464414, -0.0029841694, -0.014752068, 0.00293569, 0.021402707, 0.011340562, 0.015786292, 0.010040599, -0.0023090504, 0.0066829594, 0.0028728468, -0.012970903, -0.011505751, 0.000743798, -0.026545104, -0.00015351774, 0.006546499, -0.0035120551, -0.011900768, -0.0113261985, -0.023428064, 0.0106223505, -0.0024652616, -0.0064998157, 0.023600435, 0.0121449595, 0.0009848478, -0.004230267, 0.0016366248, 0.0020684495, 0.015843749, 0.004679149, 0.0016204651, 0.0017757784, -0.003515646, 0.005185488, -0.009221838, -0.0011958224, 0.0048192004, 0.027521871, -0.016131034, 0.023729714, 0.007900328, -0.01353829, -0.02286786, -0.0052609006, -0.0035192373, 0.01975082, 0.0008623029, 0.0064926334, 0.0051926705, 0.013610112, -0.008216342, -0.02191982, -0.012446608, -0.019219344, 0.012130595, -0.012920628, 0.031744957, -0.017380722, 0.0034617803, 0.0074047623, -0.0078644175, 0.0066075474, -0.009846682, 0.0045211427, -0.013409012, -0.012008499, 0.011347745, -0.019722093, 0.0015755768, -0.020741953, -0.00011962713, -0.0039358, 0.0028046165, 0.004675558, 0.00022522669, 0.0040938067, 0.022638032, 0.008769364, -0.002032539, 0.027952798, 0.008108609, 0.002344961, -0.004736606, -0.02436174, -0.020512125, 0.04254686, 0.0027974346, -0.008388712, -0.003389959, 0.007979332, 0.012884717, -0.010378159, -0.010126784, -0.009652765, -0.005228581, -0.024950674, -0.008359984, -0.0026412234, -0.00143373, -0.012640526, -0.0016635578, -0.016820516, 0.0060222046, 0.0048910216, -0.008805275, 0.0133228265, 0.012920628, 0.0060617067, 0.0011374677, -0.007164161, -0.0043020877, -0.0038675698, -0.0059862942, -0.019793913, 0.010105238, 0.011800217, 0.00627717, 0.00027471597, -0.0090997415, -0.0052788556, 0.018874602, -0.009968778, 0.00076983316, 0.021718722, 0.016547596, 0.0013672955, 0.0027597283, 0.013157638, -0.0007541223, -0.035565842, -0.004485232, 0.009796407, -0.0019804686, 0.06400702, -0.0012649503, 0.02127343, 0.023011502, -0.0065860013, -0.0012730302, 0.014752068, -0.011261559, 0.0059862942, -0.014515058, 0.008762183, -0.011484205, 0.0015172221, -0.02507995, -0.006758372, 0.014910074, -0.014206227, -0.016231583, -0.0055158655, 0.0019140341, 0.009394209, -0.016906703, 0.007706411, 0.01462279, -0.0022982773, 0.017093439, 0.0033468665, -0.0072862576, -0.00987541, 0.0220491, 0.003881934, -0.0019768777, -0.0056954185, -0.003637742, -0.008747818, -0.014673064, 0.009200292, 0.020296661, 0.019808277, 0.03056709, -0.0059324284, -0.006937925, -0.039271813, 0.016087942, -0.011735579, -0.020411575, -0.00076713983, 0.017380722, 0.001155423, -0.008941735, -0.0006436972, 0.0016007143, 0.022954045, -0.007842871, 0.0074622193, -0.0037885664, -0.019908827, 0.025439057, 0.01577193, 0.004862293, 0.007121069, 0.010981456, 0.0044170017, -0.024505382, 0.0005777115, 0.005760058, -0.0034923044, 0.011584754, -0.0075340406, -0.004589373, -0.008704726, 0.020914324, 0.016087942, 0.014673064, 0.022781674, 0.01798402, 0.013990764, 0.01119692, 0.003756247, -0.0032481123, -0.008632904, -0.0064279945, 0.016403954, -0.0013358737, 0.006891241, -0.022336382, 0.030768188, 0.0030847192, -0.0042877235, 3.8575823e-08, 0.011362108, -0.004995162, 0.010615168, -0.0005507786, -0.005770831, -0.020670133, -0.012733893, -0.0029410769, 0.016360862, 0.00491975, 0.0008335744, 0.020598311, 0.0029303036, 0.0023198237, -0.0027758882, -0.0024455108, 0.017854743, 0.011225648, 0.011175374, -0.004363136, 0.019463535, -0.010751628, -0.016131034, -0.0006540215, -0.016547596, -0.022537483, -0.0038998893, -0.0055015013, -0.0032965916, 0.020914324, 0.0013879441, 0.0014427077, -0.00091796427, 0.0056954185, 0.015082445, 0.012460972, -0.006471087, -0.020497762, 0.018012749, 0.0026017218, 0.0014103882, 0.006399266, -0.015384094, 0.019420443, -0.007411944, 0.0090638315, 0.0055625495, -0.0045498707, 0.00028930465, 0.010313519, -0.017998384, 0.009027921, -0.0010889885, -0.0090063745, 0.016533233, -0.0198801, 0.023068959, 0.024031363, -0.0013008609, -0.009803589, -0.0151111735, 0.0047186506, 0.008898643, -0.005479955, -0.008884278, -0.01221678, -0.028110804, -0.013940489, -0.0066973236, 0.00081651687, -0.007189299, 0.010859361, -0.026085448, -0.023442429, 0.023600435, -0.012094685, 0.015671378, 0.006524953, -0.016030485, -0.01855859, -0.0128919, 0.018673504, 0.0065536816, 0.020655768, -0.0077854143, -0.0040794425, 0.0020127883, -0.008575447, 0.008927371, -0.003081128, 0.0058103325, 0.005961157, -0.006625503, -0.0059934766, 0.0015055512, 0.0021115423, -0.017251445, -0.019362986, -0.0152260875, -0.0009220042, 0.011886403, 2.6764606e-05, -0.02100051, -0.026545104, -0.0032104063, -0.005052619, -0.019090066, 0.008000878, -0.00018550061, -0.0076776827, 0.0017623119, 0.015599557, 0.013933307, -0.0013170206, 0.0005575118, -0.0063597644, 0.012137777, 0.0106798075, -0.01116101, 0.0040973974, -0.008934553, -0.008489262, 0.0069451067, -0.002666361, -0.00020435367, 0.009185927, -0.025841257, 0.016834881, 0.0013960239, -0.010902453, -0.0013430559, -0.0069271517, -0.002680725, 0.015341002, 0.007074385, 0.032376982, 0.022106554, -0.056336522, -0.029374857, -0.013394647, -0.012913446, 0.004007621, -0.0015261997, -0.005163942, 0.009408573, 0.023370609, -0.00407226, 0.0054979105, -0.008324074, 0.009035103, -0.0020684495, 0.018716596, -0.022350747, -0.017107802, -0.023054594, 0.014500693, -0.0019427625, 0.004812018, 0.00021916677, 0.00106026, 0.0076202257, 0.0151111735, -0.007943421, -0.019161887, 0.023542978, -0.00025586292, -0.013279734, 0.010643897, 0.006959471, -0.006833784, 0.015039353, 0.0086831795, -0.004179992, 0.0015854522, -0.024763938, 0.007936239, -0.0036197868, 0.0024042137, 0.008589812, 0.020109927, -0.009731768, -0.024175005, -0.016030485, -0.019837007, 0.026487647, 0.029676506, -0.004790472, 0.023226965, -0.0017955292, 0.015886841, -0.0106223505, -0.015886841, -0.022910953, 0.013085817, 0.010198606, 0.01686361, 0.01628904, 0.017739829, -0.007828508, 0.005289629]"
寒さ,fromCluster,-0.3125,16.0,0.7601,"[-0.0011827806, -0.030311033, 0.0019209816, 0.033575706, 0.042201877, -0.017623927, -0.028930845, 0.00998645, -0.036176827, 0.010245235, -0.023648975, 0.052792158, -0.020450657, 0.026143929, 0.029567854, 0.024166545, -0.05541982, 0.009681216, -0.002833365, -0.023728602, -0.0018396965, -0.009634768, 0.07564487, 0.013961123, 0.019163366, 0.030443743, 0.009356076, 0.023118135, -0.029727107, 0.028532714, 0.002450164, 0.02682075, -0.02343664, 0.015858881, 0.007139814, 0.021326546, 0.033549163, 0.049500942, 0.003931543, -0.00895131, -0.012600843, 0.0037391128, -0.039733462, 0.00236722, -0.004226823, 0.021406172, -0.021937013, 0.018128227, 0.040529724, 0.011439628, -0.0029760285, 0.00363958, -0.014677759, 0.019296078, 0.036097202, 0.03875141, 0.04432524, 0.011459534, 0.039096456, -0.017597387, -0.0641787, -0.0204772, -0.0133042075, 0.018499816, 0.016111031, 0.013947853, 0.03415963, 0.015872153, -0.008320936, -0.015699629, -0.04313085, -0.0122292545, -0.014345983, 0.022746546, 0.0185529, -0.013582899, -0.0076109357, 0.009243272, 0.058127113, -0.0052619632, 0.0029478276, 0.017597387, 0.036389165, -0.016310096, -0.0019724069, 0.007730375, -0.020132152, -0.025546733, -0.024697388, 0.029169723, 0.014744114, -0.0030407247, -0.04666094, -0.009774114, 0.018871404, 0.018075142, -0.020145424, 0.00056235987, 0.016336638, -0.032805987, 2.0956304e-05, -0.027869163, 0.043608606, -0.04766954, -0.021538882, 0.030072154, -0.017610656, 0.015288226, -0.014691031, -0.0066985525, -0.038087856, -0.016137572, 0.02667477, -0.055366736, -0.034690473, -0.044723373, 0.023489723, -0.01867234, -0.053800754, -0.0058890195, -0.02383477, 0.025984677, 0.011287011, -0.013131685, 0.024511592, -0.02962094, 0.0017053273, 0.020079069, -0.013058693, 0.013490002, 0.028532714, 0.033071406, 0.020543555, 0.020278133, 0.015128974, -0.02305178, 0.043874025, 0.03309795, -0.039786547, -0.034000378, -0.037583556, -0.0015394394, -0.025613088, -0.013191404, 0.010722992, -0.03195664, 0.0058790664, 0.02821421, -0.06311702, 0.04031739, 0.0152086, -0.005905608, -0.0077370107, 0.0030739023, 0.038990285, -0.022481125, 0.010689815, 0.00927645, 0.023755144, -0.0047775707, -0.023529537, -0.00889159, 0.04509496, -0.015474021, 0.00037138147, -0.02049047, 0.019561497, 0.005673365, -0.009515328, 0.044856083, -0.00747159, 0.0021582013, -0.026634958, -0.022905799, -0.015858881, 0.0499787, 0.029382061, 0.02112748, 0.02720561, 0.0608344, 0.032036267, 0.062214587, 0.023808228, 0.0054643466, 0.009356076, -0.028400004, 0.01198374, -0.042387668, 0.017079815, -0.012726918, -0.028320378, -0.034080006, 0.015301498, -0.020132152, 0.005404627, -0.040609352, 0.036176827, -0.009183553, 0.013616077, 0.015115703, -0.016111031, -0.04482954, 0.0015518811, -0.036415707, 0.018234394, 0.0075578517, -0.003201636, 0.002956122, -0.0073521505, 0.008599628, 0.05125272, -0.009230001, 0.023343742, 0.022587294, -0.009263179, 0.02770991, 0.01417346, 0.009581683, -0.048996642, 0.0066156085, -0.026236827, 0.01133346, 0.050987296, -0.009628132, 0.037371222, -0.00673173, -0.008228038, 0.0053780847, 0.0074450476, 0.032301687, -0.009302992, -0.040742062, -0.007564487, 0.011313553, 0.010039534, 0.010868974, -0.02498935, 0.013224581, -0.00818159, -0.034345426, -0.03198318, 0.016694956, -0.01173159, -0.035008978, -0.040742062, -0.01933589, -0.024126733, 0.0376101, 0.004624954, -0.022255518, 0.008904861, -0.037371222, 0.00066189264, -0.0041836924, 0.015779255, -0.03039066, 0.035141688, 0.014412339, 0.0016016475, -0.004787524, 0.023489723, 0.039866176, -0.011890843, -0.00041326816, 0.00019201521, 0.00031124713, -0.037822437, 0.0069341133, 0.023038508, -0.04820038, 0.034743555, -0.012295609, 0.029143183, -0.025082247, -0.017212525, 0.005587104, -0.015274956, 0.0015477339, -0.0056932718, -0.050137952, -0.0066720103, 0.032222062, 0.0022892526, -0.011127759, 0.028745051, -0.022428041, -0.060993653, 0.010683179, 0.0012283997, -0.018486544, -0.01134673, 0.008599628, 0.004488926, 0.004817384, 0.009190189, 0.02601122, 0.016960377, 0.019388976, 0.010596917, -0.017278882, 0.013642618, -0.007929441, -0.00869916, -0.034504678, -0.014903367, 0.01081589, 0.0075313095, -0.006101356, -0.03423926, -0.0014382479, 0.019680938, 0.017451404, -0.0022743228, -0.029488228, 0.014837012, -0.056853093, -0.02294561, 0.022321872, -0.035645988, -0.031001126, 0.012474768, -0.02269346, 0.023211032, -0.030709164, -0.0065724775, -0.031877015, -0.021671591, -0.042308044, 0.013476731, -0.010716356, 0.008208132, 0.0056401878, -0.014584862, -0.008228038, -0.0055506085, 0.02498935, 0.0041969633, 0.003898365, -2.1863503e-05, 0.013436918, -0.03389421, -0.028187668, 0.014797199, -0.0019176638, -0.0072459825, 0.03487627, 0.031107293, -0.0010807595, -0.013828414, 0.006960655, 0.00024551406, 0.0028748368, -0.0013851637, 0.0048771035, 0.009123833, -0.010683179, -0.005620281, 0.015951779, 0.0115126185, 0.021114208, 0.0073985993, -0.017239068, 0.017557573, 0.028638883, 0.0039182715, -0.031664677, 0.02975365, 0.016854208, -0.0130786, 0.06375403, -0.03492935, -0.010364674, -0.0062838327, 0.028426547, -0.010868974, -0.039282247, -0.033973835, -0.006907571, -0.015434208, 0.011001684, -0.01430617, 0.002888108, 0.0078033656, 0.023144675, -0.015792526, 0.040423557, -0.012156264, -0.030443743, -0.028718509, 0.04275926, -0.030629538, 0.014598133, -0.018128227, -0.015261685, 0.014717572, -0.0072592534, 0.0007763553, 0.009740936, -0.004910281, 0.0040542996, -0.029196266, -0.020901872, 0.017159441, -0.04151178, 0.050695334, 0.0005221321, 0.0053814026, 0.017000189, 0.013854955, 0.0044955616, -0.0009944978, -0.023516266, 0.031850472, 0.01134673, -0.017637199, 0.036229912, 0.008838506, 0.0005154966, -0.01262075, 0.011187478, -0.026701313, -0.054013092, 0.041113652, 0.0067483187, -0.035645988, -0.0010625118, 0.0035632716, 0.015062619, 0.058764122, 0.025705986, -0.069646366, 0.0047012623, 0.013264394, -0.0030407247, 0.00055655383, 0.02060991, 0.018446732, 0.035115145, 0.017066544, 0.0053349542, -0.026634958, -0.048412718, 0.0029362154, -0.0017169395, -0.020570096, 0.007816637, 0.02834692, 0.045041874, -0.022839442, -0.011306917, 0.016031405, 0.011605516, 0.020304676, -0.0014299535, -0.021538882, -0.0048737857, 0.007186263, -0.02486991, 0.00596201, 0.013828414, 0.028267294, -0.0064497204, 0.042201877, -0.030443743, -0.057437018, 0.0026027807, -0.00012980726, 0.039892714, 0.019866731, -0.015500563, -0.019680938, -0.022746546, -0.04299814, -0.00070046156, 0.0040509817, 0.01263402, -0.04236113, -0.03129309, -0.046050474, -0.029196266, 0.00875888, 0.027497575, -0.026382808, 0.032646734, -0.013105142, 0.019428788, 0.0027172435, 8.3825216e-05, -0.0056169634, -0.023595892, 0.0028947433, -0.0075578517, 0.019667666, -0.009103927, -0.016748039, 0.00020113905, -0.013987666, -0.017730096, 0.021658322, 0.040343933, 0.013841684, -0.025599817, -0.02988636, -0.007232711, 0.0067151412, 0.0059819166, 0.034451593, -0.036017574, 0.018433461, 0.03723851, -0.0051557953, -0.02642262, -0.0039580846, 0.0023207713, -0.015474021, 0.02834692, 0.006174347, 0.013642618, -0.01062346, -0.00097376184, -0.00013550966, 0.0031933417, -0.022826172, 0.030496826, 0.031611595, -0.012972432, 0.019521685, -0.011068039, 0.031399257, 0.026236827, 0.007292431, -0.008141777, 0.009302992, 0.022215704, -0.007637478, 0.0066521037, -0.003339323, 0.014637946, -0.005036356, -0.0036992996, -0.0143990675, 0.010795983, -0.032009725, 0.021737948, -0.012680469, 0.015102432, -0.0322486, -0.01648262, -0.008546543, -0.014545049, 0.017411591, 0.015447479, 0.008042244, 0.0013859932, -0.0053880382, -0.020941686, -0.027086172, 0.017849535, 0.035513278, 0.0009870329, 0.010762805, -0.008274487, 0.032646734, 0.0026857248, -0.022467854, -0.0054709823, 0.00380215, 0.013052058, 0.020543555, 0.0029677341, -0.003024136, 0.008347478, -0.04265309, 0.011127759, 0.022016639, 0.061630663, -0.004624954, 0.014478694, -0.036150284, -0.017690282, -5.8527316e-05, -0.0023191124, -0.010809254, 0.0004611683, -0.037689727, -0.0009521964, 0.018592713, -0.029169723, -0.016641872, 0.016442806, -0.03904337, 0.011705048, 0.0077502816, 0.022507668, -0.006456356, 0.014372526, -0.011844395, 0.013337385, -0.012010282, -0.008685889, 0.0054643466, 0.009993086, 0.0074384124, -0.0020968227, -0.0060549076, -0.008214768, -0.00036059876, 0.03259365, -0.025082247, 0.0045519634, 0.0417772, 0.0007207828, -0.00818159, -0.014200002, 0.029302435, 0.015447479, -0.012269068, 0.009760843, -0.029169723, -0.025493648, 0.050456457, 0.0032397902, -0.022520937, -0.01179131, -0.02191047, 0.014345983, -0.010085983, -0.017451404, 0.018605985, 0.004525421, 0.014452152, -0.013894768, -0.029302435, -0.012308881, 0.007929441, 0.010596917, 0.036734212, -0.010324861, -0.019495143, 0.007770188, 0.0060117766, -0.024259442, 0.0071729915, -0.059719633, 0.0040045334, 0.0022411451, 0.029806733, 0.00508944, -0.013987666, 0.05541982, 0.03373496, 0.0051524774, -0.016681684, 0.011439628, 0.033416454, -0.013934582, 8.112954e-06, 0.02975365, -0.0036893464, -0.02577234, 8.08185e-05, -0.034717016, 0.0069407485, 0.001436589, 0.009296357, 0.005716496, -0.01688075, -0.02137963, -0.009508693, 0.023104863, 0.0018430143, -0.024259442, -0.007823273, 0.00785645, 0.007046917, -0.025467107, 0.016986918, -0.0040941127, 0.024431966, -0.015699629, -0.011585609, 0.0057662623, 0.048173837, 0.009050842, -0.016787853, -0.006718459, 0.004817384, 0.018393647, 0.030496826, -0.036946546, -0.017703554, 0.036813837, -0.014345983, 0.009920095, 0.023502994, 0.01673477, -0.0042732717, 0.031346172, -0.010517292, -0.0028267293, -0.014438881, -0.019561497, -0.0060283653, 0.0644972, 0.022321872, -0.002052033, -8.325498e-05, 0.011074674, -0.018022059, 0.0069341133, -0.014717572, 0.02692692, -0.048359632, 0.0041107014, -0.0038386455, 0.033310287, 0.015155517, -0.017610656, 0.005527384, -0.0075711226, 0.007823273, -0.005215515, 0.0016315073, -0.016323367, 0.034637388, 0.00087671744, 0.008327572, 0.0067947675, -0.032275144, 0.015036077, 0.00399458, 0.0015394394, -0.015155517, -0.017730096, 0.011366637, -0.050191034, -0.0028980612, 0.027232153, 0.010212057, 0.007498132, 0.015128974, -0.028798135, -0.015553647, -0.028054958, -0.02254748, 0.0006871905, -0.027789537, 0.017345237, 0.0019093695, 0.032381315, -0.020211779, -0.032036267, 0.018725423, -0.035221312, -0.001614089, 0.008327572, -0.0023887854, -0.0022510984, -0.01893776, -0.014545049, -0.032646734, 0.017557573, 0.0166286, -0.018791778, 0.0030622901, -0.021684863, 0.029063556, 0.0075047673, 0.0152086, -0.0033011688, -0.011545796, 0.006595702, 0.011990376, 0.0075711226, -0.021817572, 0.013363928, -0.024431966, -0.0055207484, 0.0327529, 0.0064629917, -0.024697388, -0.030709164, -0.00069465546, 0.007073459, -0.03078879, 0.01114103, -0.009900188, 0.039282247, 0.032036267, -0.017411591, 0.026276639, 0.008586356, 0.01701346, 0.014969721, 0.0033691828, -0.044537578, 0.026170472, -0.012700376, 0.020636452, -0.011479441, 0.011054768, -0.024790283, 0.030470286, 0.026462434, -0.009959908, -0.006881029, -0.0213929, -0.0027388087, 0.018778507, 0.020371031, 0.0031452342, 0.0034139724, 0.03309795, 0.004717851, -0.006821309, -0.022865985, -0.030602995, 0.005215515, -0.025719255, -0.007677291, 0.018725423, 0.018353835, 0.044139445, 0.012521217, 0.02293234, 0.00073529803, 0.00024655086, 0.030470286, -0.005348225, -0.00091072446, -0.009495422, -0.014598133, -0.02498935, 0.024538135, 0.008546543, 0.015540376, -0.017862806, 0.015221871, -0.06396636, -0.013085236, 0.0019873367, -0.009375983, -0.0052055614, 0.016721498, 0.035274398, -0.013695703, -0.05398655, 0.020039255, -0.01636318, 0.008851777, -0.008851777, -0.016442806, 0.02563963, -0.00412729, -0.033151034, -0.010384581, 0.0059354682, -0.006273879, 0.00025940716, -0.015951779, -0.0012698717, -0.023476452, -0.029169723, 0.0047908416, -0.011884207, -0.02781608, -0.021897199, -0.017809723, -0.016137572, 0.005500842, 0.0024584583, -0.021286732, 0.016044674, -0.02498935, -0.020012714, -0.02191047, 0.017040003, 0.018327292, -0.013961123, 0.008911497, -0.052420568, 0.019787105, -0.047616456, -0.0071597206, 0.015009535, -0.0075578517, 0.01803533, 0.017929161, -0.07293758, -0.042387668, 0.013735516, -0.0043860753, 0.03633608, -0.031346172, 0.029143183, -0.018632526, -0.027152527, -0.00051508186, -0.03208935, 0.033973835, -0.025068976, -0.012707011, 0.013947853, -0.003131963, -0.0016530727, 0.013350656, 0.008480188, 0.002816776, 0.0006917524, -0.012806544, 0.00470458, -0.019521685, -0.01217617, -0.01892449, 0.0068611223, -0.011041497, -0.02319776, 0.0009928389, 0.01482374, -0.0038685054, -0.015049348, -0.014611404, -0.06104674, 0.005049627, 0.009813927, -0.0118709365, 0.006605655, 0.015885422, -0.005348225, 0.004814066, 0.021844115, 0.0030705845, 0.05141197, 0.009256544, -0.0052984585, -0.00032596968, -0.0027736453, -0.0233172, -0.0116187865, -0.0011827806, -0.02099477, 0.016694956, 0.030231407, -0.033920754, -0.019043928, 0.017066544, -0.0010484114, -0.025493648, 0.010477479, -0.01573944, -0.004751029, -0.018645797, -0.030841874, -0.0004951753, 0.04676711, 0.02164505, -0.04729795, -0.031107293, 0.0028234117, -0.023609163, -0.027630284, 0.010948599, -0.053800754, 0.014730844, 0.0076971976, 0.0121031795, 0.020822246, 0.0005188143, 0.025201686, -0.0050164494, 0.020769162, -0.033204116, 0.035327483, 0.00908402, -0.011605516, 0.008977852, -0.018685611, 0.0399458, 0.002287594, 0.005995188, 0.020317947, -0.004721169, -0.002173131, -0.017411591, 0.037052717, -0.0067549543, 0.006967291, -0.005816029, -0.025015892, 0.0038950474, -0.00908402, -0.036362622, 0.008307665, -0.0072526177, -0.015474021, 0.040025428, -0.0012151287, -0.007318973, -0.009966544, -0.018513087, 0.010066076, -0.02525477, 0.025613088, 0.002682407, 0.007995795, -0.026688041, 0.037026174, 0.017358508, 0.02911664, -0.0031385985, 0.036813837, -0.005318365, 0.023118135, -0.02371533, -0.012627385, 0.023755144, -0.009926731, 0.011990376, 0.0007610106, 0.061789915, 0.02562636, -0.009130469, -0.009176917, 0.004346262, 0.014465422, 0.016469348, -0.024763742, -0.00084602815, 0.021844115, -0.04445795, 0.0147573855, 0.019919816, 0.00036412387, -0.025838695, -0.002339019, -0.0018413555, 0.027869163, 0.00059719634, -0.0003527191, 0.051836643, -0.009170282, 0.022149349, 0.015633274, 0.036734212, 0.0016240423, 0.0065459358, -0.0042732717, -0.017796451, 0.00695402, -0.0019823601, 0.03028449, -0.0036030847, 0.030815331, 0.002861566, -0.0066023376, -0.0020918462, -0.017597387, 0.025029162, 0.04185683, 0.0054145805, 0.009581683, -0.009648039, -0.010729628, 0.039229166, -0.0083143, 0.023383554, -0.015155517, -0.027630284, -0.017026732, -0.0077237394, -0.024285985, 0.0047775707, 0.0018662385, 0.012852993, -0.014133647, 0.017570844, -0.014969721, 0.0061511225, -0.0146512175, -0.0048903744, -0.004681356, 0.022812901, -0.004080842, -0.018061873, 0.015381124, -0.01984019, 0.0066985525, -0.02628991, -0.0038286922, 0.007936076, -0.00850673, -0.033708416, -0.002353949, 0.04546655, -0.008075422, 0.033071406, -0.018406918, -0.042228416, 0.011446264, 0.011432992, -0.01867234, 0.0057795336, 0.006622244, 0.0036064023, 0.02294561, 0.00034400998, -0.0085000945, 0.01972075, 0.0072459825, 0.0013893109, 0.030974584, -0.01017888, -0.0037192062, 0.030762248, 0.005019767, 0.005185655, 0.023529537, 0.021220377, 0.01714617, 0.0076839263, -0.016217198, 0.011612151, -0.0072592534, -0.015752712, -0.011227291, 0.018300751, 0.0013179792, -0.01623047, 0.0037656548, -0.005567197, -0.029965986, -0.008918132, 0.015089161, -0.0065724775, 0.014518507, -0.005623599, -0.0035864958, 0.014146918, -0.0024966125, -0.0086062625, -0.014279628, -0.015274956, 0.006867758, 0.00027848428, -0.007000468, 0.0199729, 0.0051226174, -0.00059719634, -0.021034583, -0.007743646, -0.0077502816, 0.022308601, -0.024577947, 0.0002591998, 0.02601122, 0.0056070103, -0.04201608, -0.014438881, -0.009575048, 0.036282998, -0.026143929, -0.0103115905, 0.039627295, 0.004747711, -0.026780939, -0.011167572, -0.00020684145, 0.020424115, -0.004173739, 0.016548974, -0.0017003507, -0.032142434, 0.014624675, -0.028001873, 0.008101963, -0.016270284, -0.006947384, -0.0021946966, 0.0065592066, 0.013961123, 0.01892449, -0.015341311, 0.0417772, -0.007969254, 0.00825458, -0.0057961224, 0.0049036457, -0.00566673, -0.0039978977, 0.003762337, -0.009190189, -0.022958882, -0.004167103, -0.008294393, -0.0044822902, 0.014186731, 0.018128227, 0.006622244, -0.0061245803, 0.0404501, -0.009707758, 0.046820194, 0.005457711, 0.0041007483, 0.0021283415, -0.010338132, -0.009329534, -0.020928415, 0.0011977104, 0.004661449, -0.0098271975, -0.034478135, -0.0019508414, -0.009289721, -0.01282645, -0.0029627574, -0.031744305, -0.012209347, 0.003941496, -0.015168787, -0.0014506895, -0.022773087, 0.014080563, -0.014797199, -0.015553647, 0.0030340892, -0.01559346, 0.0122292545, -0.015911965, 0.00054660055, 0.005072851, -0.021751218, -0.0006283003, -0.017822994, 0.0040443465, -0.01159888, -0.014518507, 0.024803555, 0.009561777, -0.02962094, 0.003175094, 0.019123554, -0.009555141, 0.004160468, -0.041193277, 0.0006544277, -0.015580189, -0.02717907, -0.009482151, -0.0077768234, 0.053960007, -0.011937291, -0.05411926, -0.014372526, 0.021167293, -0.028771592, -0.0047543463, 0.015009535, 0.0027952108, 0.0134302825, 0.0032364724, 0.01455832, 0.0038917295, -0.0005208879, 0.017889349, 0.02847963, -0.00046904795, 0.0077635525, -0.0050960756, -0.0037424304, -0.025108788, 7.864122e-05, -0.0015742759, -0.041113652, 0.010908786, 0.038220566, -0.01192402, -0.0045984117, 0.019083742, -0.0016472666, -0.01856617, -0.012998974, 0.031664677, 0.004243412, -0.013947853, 0.020848788, -0.0019591358, 0.023980752, 0.022109536, -0.012308881, 0.0006735048, -0.0068743937, 0.0156200025, 0.009787384, 0.010915422, 0.016402993, 0.005441122, 0.009661309, 0.010729628, 0.00933617, 0.01726561, 0.002201332, 0.0006320328, -0.0031966593, -0.011326824, 0.0041936454, 0.004472337, 0.030470286, -0.011014955, -0.014425609, 0.020012714, 0.020079069, -0.03750393, 0.01455832, 0.0028682014, 0.012673833, 0.010895516, -0.007292431, 0.017809723, 0.0332572, -0.029196266, -0.02679421, -0.02861234, 0.005062898, 0.0029229443, -0.019216452, -0.012209347, -0.0003305316, -0.0009696146, -0.020238321, -0.010457572, -0.012653927, -0.00061876175, -0.006323646, 0.014664488, 0.025613088, -0.0030772202, -0.022481125, 0.0026011218, 0.0247372, -0.007597665, -0.022215704, -0.0003419364, 0.024909724, -0.022122808, 0.0080157025, 0.017809723, 0.030470286, -0.015686357, -0.008294393, 0.012328787, 0.015726171, -0.007292431, -0.012720282, -0.0047377576, 0.014598133, -0.013204675, -0.018406918, -0.03543365, 0.033788044, 0.008911497, -0.002473388, 0.01192402, -0.013682432, 0.00045453277, -0.01624374, 0.014837012, 0.0020470563, -0.028293837, 0.0116586, -0.002161519, -0.022136077, 0.017849535, 0.03599103, -0.0071729915, -0.0025513556, -0.005033038, 0.0102916835, 0.050005242, -0.0044258884, 0.015036077, 0.004747711, 0.012567665, 0.005185655, -0.0018496498, 0.0052486924, 0.013138319, -0.0015809115, 0.016310096, 0.014571591, 0.024339069, 0.01831402, -0.008792058, 0.014014208, -0.01482374, -0.029408602, 0.016655143, 0.024816826, 0.011724955, 0.0651873, 0.030443743, 0.00092067773, 0.0051491596, 0.02978019, 0.015699629, 0.025560005, 0.017544301, -0.035911407, 0.011180843, -0.007046917, -0.004243412, 0.008420468, 0.022454582, -0.009064114, -0.0021382947, 0.008931403, 0.016150843, 0.017411591, -0.011001684, -0.036946546, -0.0078896275, 0.004432524, 0.002888108, 0.0066421507, -0.018114956, -0.0029627574, -0.0019209816, 0.015155517, 0.020835517, -0.011167572, 0.0053250007, -0.019216452, -0.0067416835, -0.012707011, 0.009004394, -0.0035831782, -0.0017169395, -0.021857386, -0.03269982, -0.03352262, 0.010663273, 0.033310287, -0.0030291127, -0.017079815, -0.00012762999, 0.0072990665, 0.013894768, 0.011837759, -0.006784814, 0.015513834, -0.0018081778, -0.012952525, 0.013775329, -0.008944674, 0.004634907, -0.025015892, -0.035486735, -0.036389165, -0.0038220566, 0.005895655, 0.032805987, -0.027789537, -0.01455832, -0.014982993, -0.014691031, -0.0035267763, -0.019388976, 0.012282338, -0.029408602, -0.016721498, 0.00052544987, -0.011625422, -0.0047908416, -0.0073919636, -0.0095286, -0.03492935, -0.0038087857, -0.029541314, 0.012388507, -0.012959161, -0.0105239265, 0.006141169, 0.0036860285, 0.012680469, 0.022560751, -0.0123686, -0.021114208, -0.003871823, 0.004346262, -0.020079069, 0.013549722, -0.0016373133, -0.026210284, 0.01481047, -0.0089645805, 0.0011487736, 0.043369725, 0.035486735, -0.008042244, 0.0044955616, 0.023874583, -0.010722992, 0.020822246, 0.0015435867, 0.0021698135, -0.005265281, 0.0071066367, 0.0074914964, -0.01676131, 0.0031900238, 0.0073455153, 0.0007062676, -0.010132431, 0.014319441, 0.013828414, -0.013423647, -0.00010580536, -0.0013893109, 0.026064303, 0.006403272, -0.01037131, -0.0009936683, 0.020278133, -0.024962807, -0.019481871, 0.02834692, 0.042387668, -0.02319776, -0.0069274777, 0.026847294, -0.017849535, -0.006993833, -0.024617761, 0.0074782255, -0.0002639691, -0.027762994, -0.008247945, -0.0015410983, 0.015261685, 0.00045121502, 0.006320328, 0.0006191765, -0.009455609, 0.012481404, -0.01869888, -0.0036760753, -0.0050031785, 0.010225329, -0.007318973, 0.007358786, 0.013470096, 0.021220377, 0.0009944978, -0.009880282, 0.024033835, -0.011797946, 0.0055174306, -0.003503552, 0.0142928995, -0.006867758, 0.01392131, -0.0032066125, -0.0116586, 0.027232153, -0.007962618, -0.014876825, 0.027086172, 0.019787105, 0.0105438335, -0.0018977573, 0.010689815, 0.0102386, -0.014664488, 0.009880282, 0.013052058, 0.03262019, -0.012653927, 0.014253086, -0.015566918, -0.029939443, -0.0018314022, 0.00023929327, -0.007060188, 0.0026658182, 0.0033028275, 0.009176917, 0.02010561, 0.012474768, -0.014584862, -0.015049348, -0.004402664, -0.0072725243, -0.0035334118, 0.028585799, 0.017385049, 0.006363459, 0.025944864, 0.01573944, 0.010709722, 0.010245235, -0.029727107, -0.0032464257, 0.01739832, 0.013602805, 0.009362712, 0.0016588788, -0.00289972, 2.1707983e-06, -0.008042244, -0.009548506, 0.014385796, -0.010762805, 0.006841216, -0.0060184123, -0.0072592534, 0.0053747674, -0.016296824, -0.008592992, -0.004804113, -0.006993833, -0.005842571, 0.006390001, -0.013111778, -0.010577011, 0.013722245, 0.015898693, 0.01623047, -0.0044225706, -0.003473692, 0.009608226, 0.013025516, 0.014452152, -0.013144955, -0.008665983, -0.009628132, -0.018260937, -0.0049733184, -0.00019460722, -0.037530474, 0.020463929, 0.023529537, 0.009163646, -0.0025646265, -0.020132152, 0.013748787, 0.028267294, 0.0122292545, 0.021565424, -0.01930935, -0.030974584, 0.00033260518, 0.0016671731, 0.0087522445, 0.031664677, -0.0208886, 0.0027968695, -0.0012657245, -0.010338132, 0.0116586, -0.023940938, 0.017557573, -0.0055904216, -0.011233927, 0.0071597206, 0.000312906, -0.0065625245, 0.022972153, -0.009488787, -0.010225329, -0.008493459, -0.004638225, 0.009283085, -0.004714533, 0.0053382716, -0.014266357, 0.009787384, 0.01945533, -0.007537945, 0.012375236, -0.0022942293, -0.0014797199, 0.008354113, -0.010530562, 0.012866263, 0.0015178741, 0.028108042, -0.023794957, 0.032514025, 0.012567665, 0.00011975031, 0.025931593, 0.01584561, -0.0103115905, -0.0140407495, -0.032540567, -0.0069805617, 0.010941965, 0.0037822435, 0.014783927, -0.0007688903, 0.007730375, 0.01701346, -0.033310287, -0.012925983, 0.008904861, -0.0074848607, 0.014571591, 0.01945533, 0.0044391598, -0.00979402, 0.008208132, -0.0044690194, 0.0012466473, 0.015447479, -0.0077370107, -0.012985703, -0.022600563, -0.009674581, -0.033336826, -0.018791778, 0.0067151412, 0.0041007483, -0.002407033, 0.0031833884, 0.016894022, -0.010842431, 0.028824678, 0.010643366, 0.003977991, 0.0027172435, 0.029992528, -0.0022759817, 0.026435891, 0.0014025819, 0.0047443933, -0.0039514494, -0.0069341133, 0.006781496, 0.006549253, -0.008486824, 0.022268789, -0.0129458895, -0.019123554, -0.022175891, 0.007876356, -0.028718509, 0.016960377, -0.002423622, -0.013045423, 0.024936266, -0.009628132, 0.0064895335, 0.008911497, 0.021671591, 0.004651496, -0.007876356, -0.008944674, -0.015726171, -0.018473273, -0.0049235523, -0.010895516, -0.013854955, -0.008055516, 0.016004862, 0.01739832, 0.0016738087, 0.007192898, -0.012819815, 0.013722245, -0.0069341133, 0.0051790196, 0.012892806, 0.0028698603, 0.0055605615, 0.01753103, -0.017040003, -0.0015352922, -0.01217617, -0.02009234, 0.011559067, 0.024458509, 0.017995516, 0.010610188, 0.008918132, -0.003256379, 0.022242246, 0.0011612151, -0.0011238904, -0.003364206, -0.018247666, -0.011180843, -0.008466917, 0.0026326405, 0.0043761223, 0.0032497435, -0.016190657, 0.005046309, -0.0051956084, 0.0007369569, -0.018433461, 0.006914207, -0.0048273373, 0.009581683, 0.0070668235, 0.005663412, 0.004445795, -0.02074262, -0.004104066, -0.0024932947, -0.006526029, 0.0035665892, -0.002407033, -0.009322898, 0.019734021, 0.014478694, -0.01636318, 0.0023887854, -0.0056003747, -0.0112803755, -0.025015892, -0.00889159, -0.0057496736, -0.02100804, -0.0055074776, -0.021339817, -0.0091105625, 0.0047278046, 0.009614862, -0.0015054324, 5.0181083e-05, -0.028904304, -2.747518e-05, 0.01017888, -0.0046150004, -0.03784898, 0.002629323, -0.0062904684, -0.003433879, -0.0376101, 0.007232711, -0.014239815, -0.0029328975, -0.0061046737, -0.00092565437, 0.0033575706, -0.0020072432, -0.008705796, 0.0027388087, -0.018380377, 0.028267294, -0.022175891, 0.042308044, 0.0038784584, -0.019627854, 0.006134534, 0.021698134, -0.026329724, -0.021087667, 0.019614583, -0.0075313095, 0.011917385, -0.0074450476, 0.0055107954, 0.029328976, 0.020981498, -0.009170282, -0.0067615896, -0.010868974, 0.009356076, 2.1034064e-05, -0.0117647685, -0.020039255, 0.0033160986, -0.009820562, -0.0036727577, 0.007318973, -0.0035533183, 0.0011653623, 0.023104863, 0.0016505844, 0.010968506, -0.023954209, -0.0029660752, 0.017756639, 0.017053274, -0.009004394, 0.016429536, 0.004847244, 0.0013387152, -0.019415516, 0.0102386, 0.0042235055, -0.0023008648, -0.0048306547, 0.0008949651, 0.001887804, 0.0053316364, -0.009064114, -0.023755144, -0.0023987386, 0.008148412, -0.004814066, -0.012215983, -0.025347667, -0.0035997669, -0.013682432, -0.017345237, 0.009203459, -0.010198787, -0.0034106546, 0.01958804, -0.014107105, -0.01650916, 0.025958134, 0.011559067, 0.005597057, -0.0024866592, 0.00079875014, -0.008148412, -0.013297572, -0.034690473, -0.0404501, 0.019853462, -0.027006546, 0.009103927, -0.010331497, 0.00014826229, 0.017066544, 0.0035068698, 0.013762058, -0.031160379, 0.024312528, 0.027006546, 0.010802618, 0.012249161, 0.0057131783, -0.0115126185, 0.00025297902, -0.018181311, 0.0036462154, 0.003226519, 0.0010650002, -0.0022942293, -0.010298319, 0.013025516, -0.004442477, -0.021817572, 0.0018131544, -0.007949347, -0.0036296267, 0.007829907, 0.0017169395, 0.0070668235, 0.011167572, 0.013098506, 0.028240751, -0.0002390859, 0.017292151, 0.016920563, -0.015381124, -0.0014714254, -0.008971216, -0.009521964, 0.00042840544, -0.010358039, 0.007425141, -0.008413833, -0.0057430384, -0.008393927, -0.0016812736, -0.0034703743, 0.01455832, -0.016721498, 0.015434208, 0.011399815, 0.013602805, 0.018340563, 0.0012557713, -0.024378883, 0.0044258884, -0.016203927, -0.022401499, -0.016164115, 0.0045453277, 0.013934582, -0.0036362621, 0.017451404, 0.004800795, -0.0014034114, -0.02731178, 0.0072128046, 0.0041239727, -0.005952057, -0.02035776, 0.0022743228, 0.005490889, -0.0055174306, 0.008692524, -0.012607479, -0.0043329913, 0.0041770567, -0.0020935049, -0.014956451, -0.0021001406, 0.010630095, -0.006403272, 0.014186731, 0.029727107, 0.007186263, 0.0017667059, -0.0016663437, -0.038963743, 0.0010110866, 0.007995795, -0.0041107014, 0.003420608, -0.0075047673, 0.016801124, -0.0024136687, -0.019150097, -0.019083742, 0.024113461, 0.0031004443, 0.012660563, 0.021114208, -0.023741873, -0.0049202344, -0.017225796, 0.009774114, 0.0044524306, -0.0039481316, -0.00946888, -0.01920318, 0.017942432, 0.025971405, -0.008413833, -0.037318137, 0.007637478, -0.017610656, 0.013085236, 0.026568603, -0.029302435, -0.0023423368, 0.010285048, -0.009309627, 0.021034583, -0.019216452, 0.009316263, -0.008480188, -0.010324861, -0.013310843, 0.022109536, -0.003067267, -0.0015676405, -0.013549722, 0.0012972432, -0.022228975, 0.0039580846, -0.013131685, -0.017411591, -0.0016804442, 0.014213273, -0.028532714, -0.017796451, 0.003407337, -0.011963833, -0.023794957, -0.004681356, 0.004117337, 0.017690282, -0.0018098367, 0.020915143, -0.0028018462, -0.001683762, -0.00309215, -0.018141499, -0.012249161, 0.02526804, -0.014385796, -0.012746824, -0.013934582, 0.010212057, 0.0068345806, -0.011758133, -0.031372715, 0.035141688, -0.025719255, 0.024033835, 0.0030739023, -0.012322151, 0.00026479852, 0.0049069636, 0.0011462852, -0.0075445804, -0.0012549418, -0.014929908, -0.006648786, 0.003732477, 0.019110283, -0.021791032, 0.021286732, -0.010351404, -0.00050264027, 0.01559346, 0.0070270104, -0.0009040889, -0.0029511454, 0.0012425001, 0.0146512175, 0.0021631778, -0.0051027113, 0.009515328, -0.017239068, -0.015394395, -0.005719814, -0.0051657483, 0.0036163556, 0.008838506, -0.017544301, -0.010158974, 0.0006025877, 0.03415963, 0.0031950006, -0.021578696, 0.029541314, 0.003968038, -0.017451404, 0.00011384056, 0.0097011225, -0.002695678, -0.0021001406, -0.009575048, -0.018367106, 0.019813647, -0.012096544, 0.015235143, 0.02346318, -0.0028350237, -0.002173131, 0.00077386695, 0.015699629, 0.0036628044, -0.0009397548, 0.000422392, -0.0042467294, 0.006635515, 0.028108042, 0.0039481316, 0.036654584, 0.0040576174, 0.008387291, -0.017358508, 0.008440375, -0.009123833, 0.0063004214, -0.020543555, 0.0007539604, -0.0064729447, 0.013602805, 0.008174955, 0.019083742, -0.007863086, 0.008367385, -0.014014208, -0.014425609, 0.0102916835, 0.016031405, -0.010271777, -0.01686748, -0.01688075, -0.030443743, 0.010358039, 0.025533462, -0.0076242066, -0.015606731, 0.0038087857, -0.01050402, -0.0066686925, -0.0051889727, 0.009621496, 0.010709722, 0.021021312, -0.010424394, 0.008798693, 0.016137572, -0.005869113, 0.007783459, -0.01972075, -1.9828785e-05, -0.011943927, 0.01037131, -0.020012714, -0.0071066367, -0.0034836454, 0.01482374, 0.003256379, -0.0008219744, 0.007929441, 0.00291465, 0.011625422, 0.0013287619, 0.034053463, -0.015354582, 0.0031153744, -0.01930935, -0.005527384, -0.0044657015, -0.0004466531, 0.018765237, -0.009488787, 0.010172244, 0.028001873, -6.562939e-05, 0.020941686, 0.025573274, 0.006675328, -0.0018960984, -0.0072725243, 0.004936823, -0.0070800944, 0.009435702, 0.006841216, 0.015726171, -0.00972103, -0.0023904443, 0.026502246, 0.0020055843, -0.01661533, -0.010324861, -0.007511403, 0.015553647, 0.031505425, 0.0006253973, -0.018725423, -0.0056468234, 0.021724677, -0.020118881, 0.009608226, 0.015699629, 0.008088693, -0.00741187, 0.024126733, -0.01597832, 0.013390469, 0.001430783, 0.004226823, -0.0066255615, 0.0037557015, -0.03721197, -0.0028416594, 0.013025516, 0.010358039, -0.02163178, 0.019893274, -0.018791778, -0.02628991, -0.013523179, -0.038194023, -0.0015170446, -0.007922805, 0.010450936, 0.004077524, 0.031770844, -0.00016153332, 0.0043661688, 0.0012864604, -3.4862373e-06, -0.0028001873, -0.016389722, 0.004060935, 0.013244488, -0.015341311, -0.019415516, -0.01519533, -0.0009016006, 0.0052851876, 0.008334206, -0.0038917295, 0.0024003976, -0.0013710633, 0.015752712, 0.0106699085, 0.012959161, -0.022481125, -0.0067085056, 0.0013635983, 0.009475515, 0.02279963, 0.01892449, 0.0056036925, 0.021366358, 0.014637946, -0.01933589, 0.0006237384, 0.011771403, 0.006008459, -0.012421684, 0.008553179, -0.0093428055, -0.01892449, 0.017305423, -0.012780002, -0.017239068, 0.00824131, 0.013695703, -0.024577947, -0.015381124, -0.0078100013, 0.004160468, -0.0067383656, 0.008068786, 0.0011462852, 0.024790283, 0.0016431194, 0.006167711, -0.0067947675, 0.017000189, -0.012375236, -0.005895655, -0.016469348, 0.012162899, -0.01711963, 0.009130469, -0.012043459, 0.013231217, 0.007153085, 0.005072851, 0.01739832, 0.016270284, -0.030894957, 0.0061046737, 0.0071597206, 0.002038762, 0.0053714495, 0.0053979913, -0.014664488, -0.0016563904, -0.012348694, 0.0001543794, 0.004323038, 0.013483367, -0.0024833414, -0.011890843, -0.001347839, 0.011207385, 0.015765984, -0.017862806, 0.00640659, 0.026183743, -0.0022975472, -0.0014141941, 0.0028117995, 0.0003547927, -0.0039481316, 0.01765047, -0.0026674771, 0.022082994, 0.012129721, -0.0025364256, 0.0019873367, 0.0043263556, 0.012819815, 0.0019160049, 0.011605516, -0.0010907127, 0.00914374, -0.0119970115, -0.0040144864, 0.015951779, -0.0107760765, 0.017504489, 0.007046917, 0.001648096, -0.0023157948, 0.0058757486, -0.012109815, 0.012089908, 0.006224113, 0.017942432, -0.010683179, -0.004200281, -0.005729767, 0.006044954, -0.0105239265, -0.01624374, -0.0012433296, -0.026462434, 0.014863553, -0.009117197, 0.005673365, 0.009316263, -0.007060188, 0.003322734, 0.009150376, 0.006947384, -0.013682432, -0.0053814026, -0.0073455153, -0.019906545, -0.013682432, 0.006774861, 0.017703554, 0.02050374, -0.0032829212, -0.011665235, 0.019548228, -0.018128227, -0.008865048, 0.022056451, -0.0016439488, -0.000471951, 0.0034405144, 0.009283085, 0.0049301875, 0.007425141, 0.0118510295, 0.007955982, -0.012050095, 0.011107852, -0.004442477, -0.027258696, 0.012089908, -0.010165609, -0.008559815, -0.007982524, 0.013483367, -0.0025297902, 0.01519533, -0.0031385985, 0.0042201877, -0.012959161, -0.004568552, -0.004857197, 0.014425609, -0.014518507, 0.013125049, -0.005633552, 0.023675518, 0.00254472, 0.028851219, 0.023861311, -0.003093809, -0.003556636, 0.0029163088, 0.0022146031, -0.011293647, 0.009163646, -0.0060283653, 0.079838514, 0.0060714963, -0.023211032, 0.0042301407, 0.000964638, -0.0051524774, 0.0031369396, -0.02137963, 0.007936076, -0.0018413555, 0.0011985399, -0.013436918, -0.03169122, 0.0057961224, -0.015274956, -0.006645468, 0.013470096, 0.022175891, 0.007995795, -0.01648262, -0.002405374, 0.0031485518, -0.0025248134, -0.0016207246, 0.00012845942, -0.022069722, -0.013231217, -0.0046150004, 0.009502058, 0.00579944, -0.008022337, -0.0051093465, 0.001442395, -0.009369347, -0.002423622, -0.0066421507, 0.008931403, 0.020012714, -0.00046033887, 0.0036428978, 0.026834022, 0.0233172, 0.008095329, -0.0043329913, 0.004293178, 0.014491965, -0.0039580846, 0.023476452, -0.009999721, 0.012461497, 0.0076109357, -0.010995048, -0.0039746733, -0.022348415, -0.0008717408, -0.028320378, 0.00052544987, 0.014465422, 0.0023008648, 0.0005121788, 0.013397105, 0.024206359, 0.0009190188, -0.01242832, -0.0010102572, 0.00045162975, -0.024723928, -0.011041497, 0.00631701, -0.010908786, 0.0012574301, -0.011605516, 0.00011021176, 0.0029461686, 0.023211032, -0.00010238392, 0.0014133647, -0.0067118234, -0.008082057, -0.005865795, -0.008082057, 0.0016638554, 0.0059719635, 0.021485798, -0.036150284, -0.0006353506, 0.01661533, -0.0025696033, -0.01327103, -0.0074317767, -0.009263179, -0.02305178, -0.014584862, 0.008407198, 0.015142245, -0.0007344686, -0.0020984816, 0.0071663563, 0.020025983, 0.020822246, 0.012819815, -0.028638883, -0.0020205143, -0.012534488, 0.009714394, -0.01507589, -0.008334206, -0.0012955843, 0.034637388, -0.008805328, -0.002697337, -0.019083742, 0.022759816, -0.004847244, 0.003898365, -0.008214768, 0.027762994, -0.006814674, -0.017544301, 0.001142138, 0.007863086, 0.021061124, 0.022985425, -0.008108599, 0.0143990675, 0.016031405, 0.013330749, 0.016814396, 0.009210095, 0.0238215, -0.005537337, 0.0028831312, -0.024246171, 0.015686357, 0.007717104, -0.002776963, -0.015354582, 0.0023174535, 0.015858881, -0.0002768254, -0.026236827, -0.0110282255, -0.010722992, 0.0042633186, -0.0066686925, 0.0016937152, 0.005802758, -0.025201686, -0.011267104, -0.0010824184, -0.009402525, -0.0027354911, 0.0089645805, -0.0025944863, 0.008911497, -0.012288974, 0.003858552, -0.009455609, 0.01634991, 0.0142928995, 0.007292431, 0.0029892996, 0.02229533, 0.0025762387, -0.039229166, 0.010643366, 0.0072725243, -0.016575517, 0.014677759, -0.009561777, -0.006280515, 0.010849067, 0.011724955, -0.002435234, 0.00631701, -0.008095329, -0.007332244, 0.0058326176, 0.036866922, -0.0055472907, -0.0006171029, -0.01803533, -0.013894768, -0.03131963, -0.016748039, 0.013158226, -0.014054021, -0.003024136, -0.023648975, -0.0062008887, 2.582278e-06, 0.007849814, -0.001176145, 0.024471778, 0.005786169, 0.008579721, -0.0019209816, -0.0034106546, -0.0127136465, 0.016827665, -0.022175891, -0.002287594, -0.006967291, -0.022972153, -0.02293234, 0.008931403, -0.010510656, 0.014518507, -0.0010898834, 0.015527105, -0.0076573845, 0.006390001, -0.0067416835, -0.0032596968, -0.0016306778, -0.013543086, -0.021963555, -0.008055516, -0.025480378, -0.017252339, -0.0035367296, 0.0042732717, 0.0020288087, 0.030576453, 0.00058434, -0.025666172, -0.0038253744, -0.011074674, 0.0006851169, 0.016708227, 0.024564676, 0.0032049539, -0.0134302825, 0.0068345806, -0.015142245, 0.01546075, 0.010351404, 0.018260937, 0.022560751, -0.002244463, 0.007922805, -0.0025098836, -0.0033575706, -0.0077768234, -0.0012474768, 0.012322151, 0.039600752, -0.0056136455, 0.0270729, 0.0047311224, 0.011459534, -0.02050374, -0.030443743, -0.0131781325, -0.008838506, 0.011379908, -0.011200749, 0.008413833, -0.009681216, 0.0077502816, 0.029727107, 0.013264394, 0.0012408413, -0.02486991, 0.005553926, 0.0055240663, 0.013264394, -0.01634991, -0.019495143, -0.00017729266, 0.0036926642, -0.00235229, 0.0032945331, 0.008214768, 0.023343742, -0.007464954, 0.006827945, 0.00741187, 0.0088783195, -0.016442806, 0.007690562, -0.0031402574, 0.014850282, -0.004681356, -0.009687852, -0.033283744, 0.01636318, 0.0013810166, 0.0018861451, -0.012030189, 0.004807431, 0.0070933653, -0.036389165, 0.027125984, 0.009356076, 0.01573944, -0.0045486456, 0.01765047, -0.008573085, -0.01004617, -0.014637946, -0.014133647, -0.012998974, -0.00060383184, 0.002176449, -0.012580937, 0.024670845, -0.008101963, -0.0040974305, 0.0074317767, -0.003991262, -0.014213273, 0.006270562, 0.01017888, -0.02563963, -0.0038353277, -0.019787105, -0.013543086, 0.0038154211, -0.022003368, 0.020689536, -0.0014589839, -4.2638367e-06, -0.013841684, 0.004857197, 0.0011736567, 0.0020586685, 0.01017888, 0.01623047, 0.007756917, -0.0017550937, -0.021114208, 0.007949347, 0.011220655, 0.04305122, -0.007007104, 0.015049348, 0.020039255, -0.0026508882, -0.0034040192, -0.001682103, 0.011107852, -0.0048771035, 0.0065227114, 0.021021312, -0.00785645, 0.014186731, -0.013868227, 0.01281318, 0.014385796, -0.016694956, 0.002201332, 0.0009795679, 0.03039066, -0.0028250704, -0.00109486, 0.009302992, -0.01056374, -0.013144955, -0.0063966364, -0.014279628, 0.0006005141, 0.012288974, 0.008101963, -0.0051226174, -0.014664488, -0.017318694, -0.00016194803, -0.010125796, -0.007969254, -0.009389253, 0.013390469, -0.009548506, 0.036123745, -0.028267294, -0.0058226646, -0.00818159, 0.0161243, 0.0012632362, -0.013987666, 0.0010591941, -0.0012425001, -0.008347478, -0.018460002, -0.00927645, -0.0044292063, 0.0029710517, 0.008904861, 0.009621496, -0.012501311, -0.015951779, 0.01417346, -0.0022146031, 0.0046913093, 0.010583647, -0.0051193, 0.0027006546, -0.015779255, 0.019004116, 0.020875331, -0.018911218, -0.007703833, -0.010384581, -0.00806215, 0.0042367764, 0.0054212157, 0.0033559117, 0.012461497, 0.018964302, 0.007192898, 0.008592992, -0.0021565424, -0.01275346, -0.0024584583, 0.021804303, 0.0020006078, 0.016947106, -0.013735516, 0.009196823, -0.010928693, 0.025108788, -0.009654675, 0.020543555, -0.014093834, 0.012288974, 0.019946357, -0.0029743696, 0.009993086, -0.0049700006, -0.00019087474, 0.0013901404, -0.011340095, 0.0037026175, -0.015182058, 0.007318973, 0.0020354441, -0.0041007483, 0.009966544, 0.00960159, 0.0014000937, 0.0045552813, -0.011698413, 0.029939443, -0.020132152, -0.010583647, 0.0043661688, -0.021870658, -0.026727855, 0.014956451, -0.023529537, -0.0118510295, 0.011890843, -0.0008534931, 0.016933834, 0.002584533, 0.006907571, -0.016190657, 0.01269374, 0.012302245, 0.010032899, -0.0074782255, -0.010464207, 0.00029652458, 0.01869888, 0.01918991, -0.001683762, -0.011505983, 0.001176145, 0.0062307487, 0.015779255, 0.01609776, -0.00727916, -0.012355329, 0.0038386455, -0.022056451, -0.0110282255, 0.008805328, 0.016986918, 0.009568413, -0.009044207, 0.0039713555, 0.019521685, -0.00027599596, -0.0078033656, 0.000834416, 0.012680469, 0.012215983, -0.012740189, -0.020530283, 0.013490002, 0.007730375, 0.003201636, -0.0023887854, 0.008108599, 0.001444054, 0.02126019, -0.024259442, -0.015407666, -0.0013445212, -0.030098695, 0.010676543, -0.009130469, -0.024976078, -0.00058682833, -0.024325797, 0.0054676645, 0.0061146272, 0.0051624305, -0.009614862, -0.01686748, -0.0059354682, 0.0021183882, -0.014850282, 0.0091105625, -0.016004862, -0.000560701, -9.272873e-06, -0.01256103, -0.0041969633, -0.002981005, -0.0025513556, -0.008719067, -0.018778507, 0.0040476643, 0.016111031, 0.00818159, -0.02770991, 0.0029030377, -0.012660563, -0.004293178, 0.0021582013, -0.0015220213, -0.008665983, 0.0020885284, -0.015659815, 0.010749535, 0.0080157025, 0.008566449, -0.006041636, 0.0016912268, 0.013841684, 0.008128506, 0.015765984, -0.0035765425, -0.0015734464, -0.015805798, 0.009030936, 0.005759627, 0.0012416707, -0.010344768, -0.015168787, 0.00053623255, 0.02049047, 0.0025646265, 0.0026873837, -0.011612151, 0.00434958, 0.013602805, -0.0071995337, 0.0066288793, 0.0064364495, -0.060728233, -0.005404627, -0.013974395, 0.015407666, -0.016774582, 0.008579721, -0.018380377, -0.009581683, 0.01390804, -0.000115706796, -0.0014200002, -0.0017998834, 0.0044391598, 0.009103927, 0.011160936, -0.029514771, -0.0031253276, -0.013337385, 0.008380655, -0.0055572437, 0.01146617, 0.016177386, 0.025294583, 0.004840608, 0.011751497, 0.0048240195, 0.007073459, 0.015699629, -0.0014266358, -0.0099532725, -0.015328039, 0.018539628, 0.011890843, 0.0104376655, 0.010975142, 0.008088693, 0.021698134, -0.01634991, 0.013144955, 0.0028764957, 0.016057946, -0.004389393, 0.025015892, 0.011320189, 0.008811964, 0.00026355436, -0.017451404, 0.0063402345, 0.02421963, -0.0062340666, 0.015089161, -0.016044674, -0.0022560752, 0.0017633882, -0.0011097899, -0.016402993, 0.00013177718, 0.016562246, 0.01584561, 0.005265281, -0.004130608, 0.0056169634, 0.010656637]"
高飛車,fromEntity,0.5529,34.0,1.6152,"[0.007946323, -0.0346052, -0.005620663, 0.0052336915, 0.0018869643, 0.014911807, -0.034789108, 0.03301134, -0.050298613, -0.0054597445, -0.0028697182, 0.014605295, 0.044444233, -0.021701047, -0.031080313, 0.008314137, -0.020582277, 0.008827545, -0.0016561224, -0.02600754, -0.0057126167, 0.012789211, 0.027708681, -0.007509543, -0.022022884, -7.273672e-05, -0.020306418, 0.01530261, -0.019417532, -0.068903886, 0.026543936, 0.041225858, 0.019800672, 0.0061723846, 0.050605126, 0.049225822, 0.042942327, -0.011425233, -0.00087547477, -0.04796912, -0.0065248734, -0.026375353, -0.04104195, -0.005842884, -0.0049233483, -0.0023754677, -0.007869694, 0.045976795, 0.021179976, 0.0015066979, 0.028015193, 0.029225916, 0.010352441, 0.030421313, -0.019448183, 0.026758494, 0.015563144, 0.029716335, -0.013946294, -0.020061208, -0.024980724, -0.05845183, 0.01363212, 0.017884973, -0.0008333294, 0.028337032, 0.015831342, 0.0564595, -0.03429869, 0.013900317, -0.04613005, -0.019248951, 0.031938545, -0.015907971, 0.021930931, -0.03616841, 0.008681951, -0.0027796803, 0.0011187687, -0.009356278, -0.020934766, -0.012681932, -0.008199195, 0.0028160787, 0.02220679, -0.019187648, 0.0010670448, -0.04435228, -0.0073907697, 0.0049041915, -0.002532555, -0.02165507, -0.0061034192, -0.02148649, 0.0045440397, 0.011724083, 0.00012583753, -0.0021015226, 0.022452, 0.0043984465, 0.002584279, -0.0035306346, 0.028030518, 0.018375391, 0.022268094, 0.019800672, -0.04465879, 0.03767032, 0.007567014, -0.016735554, 0.0046666446, 0.0002993281, 0.017593786, -0.010965466, -0.013011432, 0.012635956, 0.011448221, 0.0067356005, 0.027540099, -0.034727804, 0.06436751, -0.018896462, 0.010467383, -0.033685666, 0.01642904, -0.04665112, 0.032980688, -0.020674232, -0.0025727847, -0.057072528, -0.0023716362, 0.008812219, 0.017869648, 0.05486564, -0.008038276, -0.018773858, -0.0051417383, -0.01242906, -0.027846612, -0.014176178, 0.006340966, 0.016229808, 0.021731699, 0.013593805, 0.018819835, 0.02332556, 0.0038888706, 0.007923334, 0.0024022874, 0.013609131, 0.010206848, -0.035494085, 0.0024961568, 0.053210475, -0.017854322, 0.017838996, -0.067555234, 0.018896462, -0.0078083924, -0.018666578, 0.0028486454, -0.012283467, 0.002340985, -0.01180071, -0.01232178, 0.017731717, 0.059861787, -0.00451722, -0.021455837, 0.01897309, 0.01886581, 0.017701065, -0.036505576, -0.017379228, 0.0057126167, 0.07209162, 0.017976927, 0.0056628087, -0.008245172, 0.010329453, 0.0039003647, 0.019953929, 0.031570733, -0.0079616485, 0.047754563, -0.02036772, 0.018574625, 0.020107185, -0.0060459482, -0.054436523, 0.024183793, -0.018283438, 0.007084258, -0.059616577, -0.0063792802, 0.0025383022, 0.012919479, -0.026620563, 0.012413735, 0.01626046, -0.00058285164, -0.013639783, -0.003961667, 0.001244247, 0.040091764, -0.035279527, 0.033409804, 0.040367626, -0.020536302, 0.020275766, 0.023892608, 0.0037126262, -0.016045902, -0.015157016, -0.010582325, -0.0018457767, -0.025072679, -0.025471143, -0.0031551574, -0.019892626, 0.04711089, 0.017363902, -0.015356249, 0.029731661, -0.021793, -0.01793095, 0.0025555436, 0.012612967, -0.0017432867, -0.0025766161, -0.023555445, -0.034973014, 0.0006642689, 0.061946068, 0.017808344, -0.05793076, -0.06326407, 0.015923297, 0.01180071, 0.026053516, 0.01702674, 0.0057241106, -0.030712498, -0.011877338, 0.020950092, 0.00922601, -0.013118712, 0.0019540137, -0.026681866, -0.033685666, -0.0008520075, -0.029087985, 0.025455818, 0.027724007, 0.042206697, 0.049593635, -0.011969292, -0.00069204654, -0.026406005, -0.047049586, -0.018482672, -0.008896509, -0.007758584, 0.065777466, 0.008406091, -0.027080331, 0.0041762255, 0.027861938, -0.006946327, -0.031080313, 0.008199195, -0.020704882, -0.023724025, -0.014245143, 0.045762237, 0.0010938646, -0.016720228, -0.021471163, 0.006118745, 0.02001523, -0.017624438, 0.022681884, 0.027110983, -0.023800654, 0.018298764, -0.0371186, 0.0040421267, -0.019938603, 0.021057371, -0.04711089, -0.034451943, -0.00320305, -0.027769983, 0.0032547738, 0.015861994, 0.065470956, 0.034145433, -0.0179616, 0.031126289, 0.007731764, -0.0063639544, 0.017394554, 0.029011358, -0.03763967, 0.017011413, 0.0006561272, -0.02367805, 0.019785346, 0.0050766044, -0.041869532, -0.000121766665, 0.018850485, -0.026819797, 0.012658944, 0.048796706, -0.029471125, -0.028383007, 0.040306322, -0.034237385, -0.03178529, -0.006961653, -0.0017116778, -0.03276613, -0.03567799, 0.018252788, 0.051034242, 0.007068932, -0.008934824, -0.019049719, 0.019325579, -0.0032758466, -0.039018974, -0.047570657, -0.005482733, -0.044995956, -0.014084225, -0.036934692, 0.045333117, -0.003101518, -0.019785346, -0.013271968, 0.016076552, -0.010206848, 0.024520956, 0.0088581955, -0.0057777506, 0.0149807725, -0.016628275, 0.020214465, 0.0033007506, 0.00070832996, 0.0011245158, 0.013302619, -0.010222174, 0.020566953, -0.024168467, 0.0079616485, -0.004823732, 0.008773905, 0.01190799, 0.014183841, 0.008030613, 0.032398313, 0.031049661, 0.029976869, 0.04251321, -0.00413408, -0.008367777, -0.052198987, -0.020520976, -0.013770049, -0.04432163, -0.045792885, -0.0075287, -0.005367791, -0.023785328, -0.029287217, -0.029609056, -0.02165507, 0.0018888799, -0.014344759, 0.023754677, 0.0048773717, -0.0072528394, -0.030053498, 0.030482614, -0.017992252, -0.051187497, 0.008360114, 0.010758569, 0.03457455, -0.021118674, -0.018528648, 0.0029827445, -0.021333233, 0.0012528676, 0.03561669, -0.018053554, -0.023356212, -0.03481976, 0.0078122234, 0.089869305, -0.0049463366, -0.042176045, 0.028643543, -0.038804416, -0.021118674, -0.023540119, 0.0030746982, 0.011624466, -0.013279631, -0.024459654, 0.033746965, -0.009731755, 0.0320305, -0.012559327, 0.038344648, 0.0005071815, -0.025655052, -0.063447975, -0.010996116, 0.030222079, 0.0039961496, -0.031478778, 0.018743206, 0.032674175, 0.024413677, 0.03098836, -0.0067279376, -0.0410113, -0.01185435, -0.04254386, 0.00051628106, -0.00396933, -0.0007044986, -0.0064788964, 0.057072528, 0.021731699, -0.015570807, -0.021701047, -0.019969255, -0.0069961357, -0.017179996, -0.00281991, 0.02357077, 0.041685626, 0.018789183, -0.018911788, 0.012413735, -0.031049661, 0.002151331, -0.0011206843, -0.01037543, -0.008429079, -0.02099607, -0.0064750654, -0.018176159, 0.026497958, -0.03739446, 0.00015768604, 0.02203821, 0.066942215, 0.015693413, -0.040122416, 0.017210647, 0.0173026, -0.015241307, 0.035494085, 0.002877381, -0.024490306, 0.020873465, -0.05504955, 0.04073544, 0.024950074, 0.0069846413, 0.009655126, -0.0018678072, -0.008612986, -0.02600754, 0.004432929, 0.012260478, -0.0032911722, 0.055938434, 0.024291072, 0.036199063, 0.010597651, 0.026620563, -0.008681951, -0.013065073, -0.000906126, 0.022452, -0.022635909, -0.011057419, 0.0050995927, 0.0013036337, -0.040153068, -0.016352413, 0.018160833, 0.0005775835, -0.0021072698, 0.012436722, -0.0038677978, 0.031080313, -0.0054789013, -0.04465879, 0.0410113, -0.04940973, 0.011226, -0.021961583, -0.026451983, 0.003611094, -0.000574231, 0.013256642, -0.010160872, 0.027371518, -0.019310253, 0.018681904, -0.021808326, -0.03972395, -0.0006800734, 0.023969235, 0.02524126, -0.0060191285, 0.0016168506, 0.06255909, -0.0033026664, 0.006068937, -0.0022509473, 0.030084148, -0.0281991, -0.013241317, -0.01229113, -0.020444348, 0.009486545, -0.0055210465, -0.0061723846, 0.017624438, 0.03561669, 0.004793081, -0.019877302, -0.02392326, 0.0076129907, 0.013915643, -0.00032878196, -0.0104214065, -0.026635889, -0.009233673, -0.02600754, -0.0069080135, 0.024950074, 0.0150574, -0.003840978, 0.00010524376, -0.011011442, -0.014628284, -0.011486536, -0.013103386, -0.029854264, 0.025103329, 0.039509393, -0.013816027, -0.027632054, 0.052597452, 0.013440549, -0.008551683, 0.020474998, -0.01911102, 0.013471201, -0.0095248595, 0.0027317877, -0.0009511449, -0.0018850486, 0.015907971, -0.059800483, 0.0042030453, -0.04355535, -0.039662648, -0.010482709, 0.0037451931, -0.0119769545, 0.019141672, -0.0028084158, 0.03929483, 0.010773895, 0.036750782, 0.036842737, 0.0009755701, -0.040643487, -0.006846711, 0.020061208, -0.0075133746, -0.002323744, 0.003444428, -0.021854302, -0.022084186, 0.0024080346, -0.029133962, 0.042359952, -0.030651197, 0.031064987, -0.015708737, 0.029164612, 0.0080765905, 0.012467374, 0.016720228, 0.017808344, 0.011747071, -0.0137547245, -0.0051187496, -0.008896509, 0.030130126, 0.01733325, 0.029639706, -0.0027087994, 0.033900224, 0.012934805, -0.0011254736, -0.007241345, -0.0018764279, -0.0071110777, 0.005697291, -0.016030576, -0.018513322, 0.027110983, -0.03432934, 0.0035114777, -0.029118637, -0.002482747, -0.012298793, -0.0054061045, 0.0059769833, 0.02269721, -0.008758579, -0.030957708, 0.011678106, -0.007191537, 0.0020019063, -0.00028400248, 0.012505688, 0.04021437, -0.0020383045, -0.025287237, 0.008720266, -0.07411459, -0.007900346, -0.015907971, 0.029976869, -0.0346052, 0.046804376, 0.0075900024, 0.0046091736, 0.021793, -0.011287303, 0.028873427, 0.018681904, -0.01886581, 0.02343284, 0.023478815, -0.004249022, 0.020781511, -0.011892664, -0.027371518, -0.004965494, 0.0038677978, 0.0015498011, 0.056061037, -0.0021417523, -0.014582306, -0.0064061, -0.031570733, 0.028950054, 0.014015259, 0.013157026, 0.016996088, 0.013992271, 0.0015881151, 0.015271958, -0.0076781246, -0.016582297, 0.005513384, 0.018344741, 0.016996088, -0.025164632, -0.019662742, -0.021471163, -0.02816845, -0.049471032, -0.023218282, 0.027754659, 0.023340886, -0.00011129018, -0.03917223, 0.014321771, -0.018605275, 0.0025478806, -0.0012883081, 0.0136551075, 0.0004645572, 0.0013352428, 0.020796837, 0.016352413, -0.013731736, -0.03408413, 0.0026628226, 0.008145555, 0.0013687675, -0.00547507, -0.02976231, -0.015417552, -0.025149306, 0.01998458, 0.013157026, 0.001779685, 0.0011139794, 0.015218318, 0.006252844, -0.033624362, 0.05183117, 0.0006388859, 0.0050766044, -0.017808344, 0.023540119, -0.01127964, -0.0044865687, 0.0136551075, -0.023861956, 0.03175464, 0.012145536, -0.020612929, -0.013080398, -0.0063026524, -0.026743168, -0.005360128, 0.0048313946, 0.011586152, -0.0006877362, 0.05048252, -0.03819139, -0.010835198, 0.015478854, 0.014137864, 0.010612977, -0.017609112, 0.018467346, -0.02458226, -0.01127964, 0.0012566991, 0.023417514, 0.012022932, 0.00046527557, 0.00052777526, -0.0093103, -0.009593824, -0.02217614, -0.017042065, 0.006390774, 0.0024291072, -0.012835189, -0.024321724, -0.017854322, -0.0066206586, 0.014758551, 0.018176159, -0.011747071, 0.010758569, -0.020842813, 0.0091953585, -0.00074089685, -0.0034865735, 0.018635927, -0.027386844, 0.03060522, 0.0027451979, -0.011180024, -0.0001694197, -0.012589979, 0.054344572, 0.01883516, -0.004885034, -0.004199214, -0.029578405, 0.025808306, -0.003279678, 0.0075516882, -0.011095733, -0.0025478806, -0.009685778, 0.011126384, 0.04536377, 0.007222188, 0.03227571, 0.045792885, 0.047049586, 0.019264277, 0.022911768, -0.027984543, -0.015463528, -0.046743073, -0.030022847, 0.0065823444, 0.0030651195, 0.0007662799, 0.0023218282, 0.014858168, 0.03285808, 0.013448212, -0.0036264197, -0.022589931, 0.015785366, 0.012030594, -0.020674232, 0.008168544, 0.020459672, 0.017394554, 0.0039061117, -0.009846697, 0.0036513237, -0.05431392, -0.006436751, -0.03279678, 0.010314127, 0.0053754537, 0.011739408, -0.044689443, -0.006168553, 0.006616827, -0.022068862, 0.006888856, 0.018850485, -0.013701085, 0.018743206, 0.014160853, 0.007038281, 0.0149807725, -0.0019415617, 0.0028218257, -0.011915652, 0.019233625, -0.008398428, 0.027509449, 0.024061188, -0.014475027, -0.0047509354, 0.005685797, -0.032459617, 0.027693355, -0.014329434, -0.008015288, 0.008168544, -0.03405348, 0.024214445, 0.00246359, 0.025976889, 0.0077624153, 0.0051340754, 0.024612911, 0.0010536349, 0.0020689557, 0.0022701041, 0.0061340705, 0.04720284, 0.0071992, -0.008091915, -0.022360047, 0.007394601, -0.0011532513, -0.025072679, -0.02482747, -0.022789164, -0.00659767, -0.01793095, 0.0005627368, -0.009402255, 0.025701027, -0.0040919348, 0.0030746982, 0.007946323, -0.034421295, 0.0024980726, 0.025333213, -0.033409804, 0.0005335224, 0.030865755, 0.003055541, 0.0057585933, -0.027417494, -0.012130211, 0.038497902, -0.03429869, -0.041563023, -0.006992304, 0.0015641688, 0.004505726, -0.022497978, 0.009463557, 0.009923325, -0.04760131, -0.009915662, 0.014559318, -0.0050114705, -0.0029808288, -0.009049766, -0.016720228, 0.0150957145, 0.008245172, 0.0027854275, 0.03199985, 0.018743206, 0.038099438, 0.0009765279, -0.015241307, 0.045578327, 0.0007519121, 0.01223749, 0.027448146, 0.008927161, 0.0016446282, -0.026344704, -0.006716443, -0.018988416, 0.007908009, -0.020490324, -0.024122491, 0.008827545, -0.011103395, -0.009662789, 0.02318763, -0.013432886, 0.016153181, 0.005908018, -0.010022941, 0.003911859, 0.024612911, 0.013394573, 0.0014798781, 0.0048007434, -0.030068824, -0.049011264, -0.0055861804, 0.007038281, -0.0062298556, -0.04845954, -0.015938621, 0.018605275, -0.0022241273, -0.035187572, -0.020965418, 0.030160777, 0.017777694, -0.019815998, -0.0023582263, 0.018360067, 0.00028687605, -0.014942458, 0.0019568873, 0.015907971, -0.013302619, -0.016199157, -0.016199157, 0.0040038126, 0.018712556, 0.0024865782, 0.028413659, -0.0022452, -0.015356249, -0.029409822, -0.040582184, -0.005352465, -0.03917223, -0.023111003, -0.024689538, -0.00032327435, 0.043892514, 0.027417494, -0.011226, 0.042298652, 0.010268151, -0.0077930666, -0.0031666516, 0.0036915534, 0.021179976, 0.010758569, 0.0014789202, -0.020812161, 0.0346052, -0.010781558, -0.025026701, 0.019754697, 0.0071378974, -0.0011953966, 0.0047815866, -0.00884287, 0.019555463, -0.03435999, 0.011356268, 0.035432782, -0.015279621, 0.01138692, -0.0054520816, -0.012252816, -0.022053536, -0.062129974, -0.04971624, -0.017088043, -0.0173026, -0.017256623, -0.010452058, 0.05538671, -0.009586162, -0.007923334, -0.010666616, -0.018375391, -0.0301148, 0.00014583264, 0.0006388859, -0.022574605, -0.002488494, -0.014245143, -0.0044367607, 0.06737133, 0.004988482, 0.01557847, -0.010344779, -0.03947874, 0.011432896, 0.02666654, -0.0072719962, 0.030390661, 0.01180071, -0.010842861, -0.015019086, 0.00451722, -0.0026130145, 0.0010220258, -0.010942477, -0.0021302581, -0.008015288, 0.052137684, -0.0011015274, -0.0020976912, 0.021793, -0.0082988115, -0.006291158, 0.010551674, 0.014620621, -0.009241336, 0.003170483, -0.0014425219, 0.0034156926, -0.012720247, 0.0017911793, -0.028566916, 0.0069080135, -0.0035708644, 0.0061915414, -0.032735478, -0.025026701, 0.009770068, 0.005294994, -0.012666606, 0.00065804285, 0.0051723896, 0.005896524, 0.007210694, 0.0029118636, 0.0063218093, -0.025103329, -0.0097470805, -0.030927056, -0.004019138, -0.010812209, -0.012015269, 0.0034022827, -0.0043409755, 0.017149344, 0.0073524555, -0.011072745, -0.0019482666, 0.0037988327, 0.037087947, -0.018589951, -0.029915567, -0.0009085206, -0.01018386, 0.001397503, 0.0038390623, -0.0036666493, 0.006252844, -0.014505679, -0.022712536, -0.0020057377, 0.008467393, 0.0034884892, 0.007930997, -0.007578508, -0.021976907, 0.019892626, -0.0021858134, -0.0049310112, 0.016306436, -0.03408413, -0.03224506, -0.008750916, 0.019279603, -0.030022847, 0.0054865642, 0.0055172155, -0.0017701066, 0.0038007484, 0.004835226, 0.014566981, 0.0041494058, 0.00051005505, -0.001493288, 0.0076781246, -0.030099474, -0.015049737, 0.007766247, -0.012283467, 0.0015363912, 0.0075555197, 0.0120918965, -0.00020270498, 0.016153181, 0.005923344, -0.0026570756, 0.0033773787, 0.018605275, -0.018176159, -0.021455837, -0.0038237367, -0.0075325314, -0.014459702, 0.009294976, 0.009157045, 0.0024846627, -0.01524897, 0.032183755, 0.008007625, -0.010628303, -0.003739446, -0.012612967, -0.031907894, 0.003873545, -0.006356292, 0.025731679, -0.02718761, 0.0052336915, 0.0006015297, 0.0121991765, -0.003252858, 0.0033658845, 0.027632054, -0.012674269, -0.023156978, 0.027693355, -0.013363921, 0.003860135, -0.016199157, 0.0049693254, 0.010865849, -0.010544011, 0.016475018, 0.01618383, 0.012038257, 0.023264257, -0.012176188, -0.014712574, -0.00947122, 0.0333485, -0.0020785343, -0.010827535, 0.0007389812, 0.0072719962, -0.0154328775, 0.0008443447, -0.0115325125, 0.00041522793, -0.016337087, 0.014321771, 0.024536282, -0.0008242298, 0.021440512, -0.02203821, -0.008222183, 0.0029195265, -0.0009391718, 0.0136474455, -0.010635965, -0.029011358, -0.009348615, -0.04971624, 0.015708737, -0.02757075, 0.008934824, -0.0012863923, -0.00044300556, 0.006865868, 0.017639764, -0.024367701, -0.020658907, 0.00061781314, -0.0049233483, 0.015409889, 0.0069195074, 0.033624362, -0.012459711, -0.046007447, -0.0075248685, -0.0012787295, -0.01678153, -0.006551693, -0.0014655103, -0.0014779624, 0.016076552, 0.012383083, 0.0066972864, -0.031570733, 0.013984608, -0.018022904, -0.025563097, -0.053700894, 0.038528554, -0.010904163, -0.0005383116, 0.018237462, -0.0005895566, 0.0012729825, 0.03310329, -0.021609094, -0.024245096, -0.03534083, 0.009486545, 0.011241326, 0.00788502, -0.0090804165, -0.014781539, -0.015111039, 0.007406095, -0.017593786, -0.024275748, 0.014789202, -0.014582306, -0.015892645, -0.0002832841, 0.013432886, 0.026022865, -0.007019124, 0.003961667, -0.008628312, 0.019693393, -0.006743263, 0.005114918, 0.02280449, -0.002003822, -0.021838978, -0.007708776, 0.0009803594, 0.0013994187, 0.019126346, -0.025302563, 0.018406043, -0.0004523446, 0.03212245, 0.009678115, 0.0034041984, -0.015785366, -0.0015804523, -0.033685666, 0.0070459438, 0.005053616, 0.0026934738, -0.012988444, 0.0064022685, 0.0111953495, 0.02127193, 0.008934824, 0.01204592, -0.014589969, -0.014758551, 0.027448146, -0.023340886, -0.024597585, 0.006080431, 0.0054520816, 0.0044137724, 0.010942477, 0.006126408, -0.014436713, 0.0003081882, -0.0060765995, 0.0020957754, 0.054007407, 0.028337032, -0.016214482, -0.026298726, 0.004938674, -0.0044290978, 0.03178529, 0.01702674, -0.0005775835, 6.0194878e-05, 0.0013237485, -0.023770003, 0.00062164455, 0.02521061, -0.009118731, 0.0020248946, 0.048980612, 0.019831324, 0.021195302, -0.011586152, -0.04153237, -0.01037543, 0.031723987, -0.026130145, 0.00936394, -0.02214549, -0.003101518, 0.009019114, -0.011969292, -0.013019095, -0.001231795, -0.015172342, -0.008911835, -0.013042084, 0.0076474734, -0.0057011223, -0.0037739286, 0.001544054, 0.0065248734, 0.011846688, -0.0006312231, 0.013256642, 0.023172304, 0.014789202, 0.014835179, 0.0028065, -0.033716317, -0.0048582144, 0.032643523, -0.012781548, -0.00014475506, -0.0230497, 0.004850552, -0.017363902, 0.024291072, 0.0073677814, 0.008383102, -0.0022950084, -0.008099578, -0.0027796803, -0.012712584, 0.012183851, -0.0050689415, -0.010796884, 0.016275786, 0.015210656, -0.012842851, -0.028383007, 0.006635984, -0.009317963, -0.009632139, 0.00621453, -0.013379247, 0.012406072, 0.010727919, -0.02732554, -0.035279527, -0.009762406, -0.02642133, -0.0072719962, -0.024321724, 0.002948262, -0.013601468, 5.14545e-05, 0.008099578, 0.03199985, 0.022973072, -0.003088108, 0.024904096, -0.0073026475, -0.03049794, 0.013563154, -0.0063946056, 0.031187592, 0.0015680003, 0.0042720106, 0.0029827445, 0.017777694, 0.011953967, 0.011363931, 0.004505726, -0.012988444, -0.014505679, 0.011478873, 0.010429069, -0.011409908, -0.026022865, -0.0018084205, -0.0041953824, -0.0075708455, -0.011969292, -0.011984617, 0.004114923, 0.0046436563, -0.012114885, -0.0042528533, 0.014957784, 0.0093103, 0.03249027, 0.0020900285, -0.008107241, -0.026559262, -0.01530261, -0.027693355, -0.02012251, -0.0013438634, 0.013371584, -0.011892664, -0.0138696665, -0.01705739, 0.023953909, 0.0028371513, 0.015907971, -0.0048199007, -0.0065938383, -0.0018812171, -0.002017232, -0.0008448236, -0.01467426, -0.028873427, -0.0024291072, -0.005819896, 0.021072697, 0.0026819797, -0.008873521, -0.014904144, -0.0059310063, -0.0036072626, -0.021256605, 0.060903925, 0.0013189593, 0.011793048, -0.010390756, 0.010406081, -0.022007558, 0.009187696, -0.023877282, -0.030865755, 0.018084206, 0.010505698, 0.015678087, 0.006118745, 0.015210656, 0.01138692, -0.007375444, 0.012911816, 0.023003723, 0.0033888728, 0.0063026524, -0.02203821, 0.0022375374, 0.017287275, -0.04432163, 0.028812123, -0.030237405, 0.006521042, -0.0028333198, -0.0069348332, 0.009019114, -0.0069195074, -0.018252788, -0.0054444186, 0.008237509, 0.0011982702, 0.031938545, 0.022298746, -0.018130183, -0.000475333, 0.013854341, 0.0059769833, -0.006226024, 0.009754743, 0.009011452, 0.007869694, -0.012574653, 0.01065129, 0.007444409, 0.0022413686, 0.005045953, -0.0095248595, -0.015984599, -0.003509562, 0.004306493, -0.0036417453, -0.0024406016, 0.0091953585, 0.009134056, 0.008191532, 0.021011395, -0.007030618, -0.050298613, 0.008727928, -0.0036149255, 0.011340942, 0.0066513093, 0.0038064953, 0.03509562, -0.0071225716, 0.018053554, 0.020796837, 0.0104214065, 0.012635956, -0.0039310157, 0.00061924994, 0.015340923, 0.00094060856, -0.023540119, -0.015547819, -0.005647483, -0.021348558, -0.017440531, 0.013923306, -0.0026609069, -0.00038673187, 0.026927076, 0.028628217, -0.0006144607, -0.00081896165, -0.002266273, -0.0053639594, -0.0016455861, -0.016965438, 0.001908037, -0.0089808, -0.01524897, -0.01180071, 0.008406091, -0.017179996, 0.021471163, 0.0045785224, 0.0020900285, 0.00531032, -0.014459702, 0.0038294839, -0.013042084, 0.004785418, -0.010337116, 0.0034674166, -0.00468197, -0.0075248685, -0.006011466, -0.017593786, 0.010314127, -0.017011413, -0.0012739403, -0.009026777, -0.0022452, 0.024689538, 0.0117547335, 0.019877302, 0.015800692, -0.015455865, 0.0068850247, -0.0015660846, 0.020919442, 0.008689614, -0.020612929, -0.007651305, 0.0061072507, 0.02482747, 0.0056743026, 0.006080431, -0.010122557, -0.010452058, 0.01587732, -0.008658963, -0.001652291, -0.010015278, 0.023478815, -0.015180005, -0.01869723, 0.0077739097, -0.0018725966, 0.018482672, -0.011172361, -0.0058850297, -0.0018888799, -0.0013093808, -0.004153237, -0.0031877244, 0.0038179895, 0.012781548, 0.015984599, 0.019371556, 0.012122548, 0.012053583, -0.017532485, 0.034145433, 0.014796865, 0.009593824, -0.0015038243, -0.031907894, 0.00017157487, 0.0047317785, 0.009678115, 0.014666597, 0.007819886, -0.015923297, 0.013034421, 0.008567009, 0.007203031, -0.01037543, -0.017072717, 0.0043103243, -0.0044942317, -0.021532465, 0.0060497797, 0.0055938433, -0.008628312, 0.021869628, -0.010053593, -0.019325579, 0.0016043986, 0.02524126, -0.007842875, 0.008934824, 0.0008797851, 0.01062064, 0.01702674, -0.0077854036, -0.0173026, 0.017011413, -0.0066513093, -0.007509543, -0.023524793, 0.0067279376, -0.008812219, 0.007609159, 0.023202956, 0.015256633, 0.023478815, -0.012329443, 0.008551683, 0.0044712434, -0.0040612835, 0.02475084, 0.03534083, 0.027877262, -0.010689605, 0.026957726, -0.0076474734, 0.020551628, -0.011685768, 0.015233644, 0.0053218137, 0.024383027, -0.0072528394, -0.021624418, 0.015356249, 0.0052796686, 0.0151033765, 0.0025421337, -0.01500376, -0.0048965286, -0.0018390717, 0.012720247, -0.0057777506, -0.011103395, -0.00821452, -0.012176188, 0.0025708692, 0.0052566803, -0.00010027491, 0.0027547763, 0.009149382, -0.0013141701, -0.0036781435, -0.007708776, -0.010605314, 0.010720256, -0.010061255, 0.030697173, -0.011180024, 0.030206753, -0.009953976, 0.011371594, 0.019310253, -0.0020363887, 0.007946323, 0.022344721, 0.006701118, -0.022513304, -0.0012212585, 0.0012614883, 0.01601525, -0.018635927, -0.001843861, 0.0060497797, -0.00083620293, 0.011570826, -0.007681956, -0.004766261, -0.0028984537, -0.0015814102, -0.012919479, 0.0022452, 0.011065082, -0.019019067, -0.0037049633, 0.0042413594, 0.013302619, 0.008452067, -0.0016704901, -0.0050497847, -0.007521037, -0.00884287, -0.00509193, 0.0020134004, -0.0027873432, -0.009425242, -0.006061274, 0.005532541, -0.008612986, 0.0067356005, -0.012122548, -0.020704882, -0.00017600492, 0.017471181, 0.024199119, -0.010842861, 0.010260488, 0.003490405, 0.019187648, 0.017593786, 0.020812161, 0.013953957, 0.01880451, -0.009923325, 0.011455884, -0.0030708667, 0.009739418, -0.009578499, 0.0070536067, -0.04150172, 0.00017432867, 0.014352422, 0.004287336, 0.01333327, -0.017042065, 0.014022922, 0.004249022, 0.012513351, -0.0005512426, 0.011555501, 0.014383074, 0.016597623, -0.020030556, -0.0017519074, -0.009118731, 0.0064214254, -0.018406043, -0.0020727871, -0.0029003695, -0.016475018, -0.023953909, -0.001728919, 0.0028907908, -0.0281991, -0.0076474734, -0.012160862, 0.01095014, -0.019095695, -0.000618771, 0.0039961496, -0.008727928, -9.997558e-05, 0.010812209, 0.017609112, -0.0020402202, -0.009701104, -0.00531032, -0.00087308016, -0.021793, 0.01366277, -0.013823689, -0.030574568, -0.010536348, -0.006578513, -0.010490372, -0.008934824, -0.03564734, -0.012605305, -0.0013754724, -0.0060076346, 0.00750188, 0.026850447, 0.0045785224, -0.012260478, 0.014130201, -0.016658925, -0.017593786, 0.0004990398, 0.0036800592, 0.022436675, 0.0070229555, 0.031938545, -0.01765509, -0.019432858, -0.00870494, 0.01363212, -0.0185593, 0.0051723896, -0.0057892445, -0.005823727, 0.02548647, 0.005417599, 0.010360104, 0.0079693105, -0.0019770022, 0.011440559, 0.013348596, -0.02485812, 0.009425242, 0.00014415641, 0.0013007601, -0.006973147, 0.020030556, 0.015616785, -0.0061723846, -3.921198e-05, -0.0050995927, -0.002551712, -0.0074750604, -0.016551645, 0.010612977, 0.017624438, -0.017777694, 0.01601525, -0.009203021, 0.010061255, 0.002392709, -0.00599614, -0.008582335, 0.0035306346, 0.012911816, 0.022605257, 0.0070229555, 0.024137817, -0.011065082, 0.024689538, -0.020597603, -0.011363931, -0.0041685626, -0.0058850297, -0.025670378, -0.0023314066, 0.018298764, -0.007846707, 0.010842861, -0.0016187663, 0.013992271, -0.0019473088, 0.032337014, -0.031248894, 0.0033965358, -0.003476995, 0.0108965, -0.008536358, 0.009402255, 0.01497311, -0.024628237, 0.014107213, 0.027846612, 0.020612929, -0.012827526, 0.026620563, -0.0014731731, -0.0034999833, -0.007681956, -0.015892645, -0.0041838884, -0.0075248685, -0.020199139, 0.0009027735, -0.002603436, 0.016306436, 0.014084225, -0.004498063, 0.013831352, -0.0040689465, 0.007486555, 0.026482634, 0.02099607, 0.0066244896, -0.008689614, 0.008145555, 0.0061723846, -0.00563982, -0.0057241106, 0.0066819605, 0.011616804, -0.007892683, 1.4771841e-05, 0.01768574, 0.0155401565, -0.0064520766, 0.035984505, -0.028076496, 0.012498025, 0.0046436563, -0.009708766, -0.005333308, 0.0067930715, 0.013800701, -0.010091906, 0.02001523, -0.0015028665, -0.015026749, -0.013264305, 0.0052796686, 0.0005474112, -0.0173026, 0.0047624297, 0.016996088, 0.011432896, 0.0320305, 0.009463557, 0.009999952, 0.024628237, 0.021179976, 0.017088043, 0.008122567, -0.01147121, 0.0078122234, 0.01883516, -0.014781539, 0.005015302, 0.035831247, -0.031907894, 0.0065248734, -0.015892645, 0.007026787, 0.014712574, -0.014666597, -0.009716429, 0.002488494, 0.0017701066, 0.029026683, -0.007061269, -0.013747062, 0.0035229719, 0.012137874, 0.0034693324, 0.017915623, -0.008490382, -0.018038228, 0.01032179, -0.003909943, -0.008306474, 0.0069003506, -0.0013745145, -0.018406043, 0.0016685745, -0.02012251, 0.014574644, 0.029471125, -0.0077547524, -0.009877348, 0.023218282, -0.0061417334, -0.0024080346, 0.0076589677, 0.014015259, -0.010475046, 0.021179976, 0.015517168, 0.025088005, 0.006233687, 6.7199157e-06, -0.0066896235, -0.0046743075, -0.013601468, -0.008819882, 0.004337144, 0.008344788, -0.010091906, 0.0054865642, -0.009907999, 0.030819777, -0.0023812149, -0.018957764, -0.009187696, -0.004114923, -0.008352451, 0.006724106, -0.0012289213, 0.022329396, -0.018927114, 0.0056819655, 0.012735572, -0.011065082, 0.021869628, 0.0032758466, -0.012505688, -0.006157059, -0.004712621, 0.015386901, -0.0053294767, -0.027310215, -0.052658755, -0.0007001883, -0.003036384, -0.0053946106, 0.0012729825, 0.015256633, 0.02360142, -0.012544002, -0.01108807, -0.009701104, 0.02228342, 0.0027164624, 0.0046743075, -0.007394601, -0.033961527, -0.004804575, 0.01180071, 0.0023218282, -0.017670415, -0.0014894565, -0.008819882, -0.0022049705, 0.020137835, 0.012490362, -0.00821452, -0.017317927, 0.011134047, -0.024275748, 0.0031743145, -0.0041877194, -0.020199139, -0.013708747, -0.0028218257, 0.018298764, -0.0072375135, -0.005467407, 0.00736395, -0.0012691511, -0.017425206, 0.012329443, 0.0077509214, 0.0021474995, 0.008919498, -0.011149373, 0.0045861853, -0.009111068, 0.005647483, 0.00021934762, -0.013164689, -0.0009904167, -0.0054789013, -0.020796837, 0.007992299, 0.012015269, -0.009425242, 0.008229846, -0.020781511, 0.0033697158, 0.006260507, 0.0012959709, -0.009386929, -0.023141652, -0.006298821, 0.004605342, -0.0021781507, 0.0076551363, 0.008153218, 0.001550759, -0.02036772, -0.008421416, 0.014666597, -0.0055938433, 0.0040153065, 0.018390717, 0.014137864, 0.0052835, -0.008827545, -0.006655141, -0.0042336965, -0.010099569, 0.0068275537, 0.0004097203, 0.013471201, 0.0059693204, 0.010850524, 0.020459672, -0.028045844, 0.0012308371, -0.024658887, -0.021287255, 0.01390798, -0.006800734, -0.005149401, 0.017440531, 0.020291092, -0.018360067, -0.0040919348, -0.009632139, -0.027065007, -0.006088094, 0.005819896, -0.015065063, -0.0032892565, 0.012766223, -0.0011398414, -0.031356174, 0.0015871573, 0.008559346, -0.0021666563, -0.028030518, 0.00049281376, 0.0022950084, -0.013800701, -0.008360114, 0.0054022735, -0.0021838977, -0.008796893, 0.010567, -0.017149344, 0.011248989, 0.007846707, -0.0016197241, 0.002442517, -0.011885001, -0.0065363673, -0.0040153065, -0.0027892587, -0.033961527, 0.0065248734, 0.008367777, 0.012934805, -0.007854369, 0.010988453, -0.009846697, -0.007030618, 0.022053536, 0.010413744, 0.005137907, -0.004812238, 0.00019635922, -0.0070459438, -0.007134066, -0.013409899, 0.0018812171, 0.011478873, -0.0060574426, -0.00032183755, 0.001320875, -0.026651215, 0.02026044, -0.006773914, 0.0023697205, -0.0068045654, -0.01946351, 0.01196163, 0.007183874, -0.0014530582, -0.015409889, 0.003909943, -0.023739351, -0.005383116, 0.050053403, -0.012168525, -0.012582316, 0.0150957145, -0.0065095476, 0.008559346, -0.0026858111, -0.006743263, -0.015049737, -0.0028812124, -0.006505716, 0.043494046, -0.009356278, -0.014796865, 0.014383074, -0.013724073, -0.0022356217, -0.0057394365, 0.007141729, 0.022758514, 0.013900317, 0.027034355, -0.02625275, -0.0082988115, -0.017854322, -0.004651319, -0.021471163, 0.0063792802, -0.019693393, 0.0022241273, -0.0100842435, -0.016475018, 0.013340933, 0.0027145466, 0.0019051634, -0.04021437, 0.0020804498, -0.0077930666, -0.0039808243, 0.023264257, -0.0020517143, -0.015294947, 0.029179938, -0.008735591, 0.00413408, -0.0014760466, 0.007731764, 0.0015660846, 0.021440512, 0.007268165, -0.0006211657, 0.011042093, 0.008796893, 0.023616746, -0.005325645, 0.0022509473, 0.004164731, 0.021501815, 0.006923339, -0.007624485, -0.026467308, 0.014858168, -0.00036158832, 0.009271987, 0.019141672, 0.0020440517, 0.004988482, -0.005103424, -0.0003771534, 0.0049846508, 0.02190028, -0.004720284, 0.0063716173, -0.022819815, 0.020199139, -0.0055593606, 0.008712603, -0.0021704878, 0.027555425, -0.0066896235, 0.020245114, 0.010712593, 0.005980815, 0.003137916, 0.00023120102, 0.013624457, 0.024383027, -0.01587732, 0.018145507, 0.02099607, -0.0047241156, 0.021103349, -0.0070421123, 0.0059118494, 3.6368363e-06, 0.03662818, -0.0058160643, 0.009839034, 0.035279527, 0.0065095476, -0.017455855, -0.0057969075, -0.020076534, 0.018283438, 0.012697258, -0.011601478, -0.005839053, 0.0069654845, 0.0034827422, -0.010996116, -0.009149382, -0.007229851, 0.012030594, 0.0029942386, -0.006137902, -0.017486507, 0.004279673, -0.0049731564, -0.0020689557, 0.012605305, -0.027080331, -0.0017595702, 0.01618383, -0.010911826, -0.010452058, -0.006693455, 0.008865858, 0.004076609, -7.22578e-05, 0.005957826, 0.00016918023, -0.021563116, 0.019034393, -0.015678087, 0.02124128, -0.010245162, 0.018635927, -0.016858159, -0.007586171, -0.0049156854, -0.00024389253, -0.013609131, 0.00035368607, -0.0070344494, 0.008252835, 0.029915567, 0.008559346, 0.003919522, -0.0032490268, 0.01497311, 0.006375449, 0.011701094, 0.023953909, 0.017042065, -0.0018860064, -0.011034431, 0.00063697016, -0.00055555295, 0.00766663, -0.0037202889, -0.0044061095, -0.013555491, 0.018651253, -0.006145565, -0.0024540115, 0.005111087, 0.0057892445, -0.0018390717, 0.0005833306, 0.0090804165, 0.008536358, 0.008344788, 0.0018706808, 0.0064865593, -0.023616746, 0.011808373, -0.0042260336, 0.021563116, 0.014781539, -0.009930988, 0.013455875, -0.0055938433, 0.0063601234, -0.012773886, -0.014758551, -0.011655117, 0.012283467, -0.0025593748, 0.009256661, 0.0015478854, -0.017134018, 0.0003024411, -0.005570855, 0.030436637, 0.008084253, 0.00999229, 0.00034722057, -0.0005493269, 0.005206872, 0.05232159, 0.0138696665, -0.014130201, -0.007413758, -0.011034431, 0.013831352, 0.0068045654, -0.0046436563, -0.0063371346, -0.0047624297, -0.0064175944, 0.011670443, 0.008122567, -0.0061149136, 0.012498025, 0.012582316, -0.010628303, 0.013517178, -0.0097470805, 0.020950092, -0.024873445, 0.0013132122, 0.018252788, 0.01626046, 0.016812181, 0.011478873, -0.0082988115, -0.010658953, -0.0023658893, 0.0074252523, 0.0030746982, 0.019264277, 0.0026704855, 0.009141719, 0.010475046, 0.007406095, 0.004249022, 0.00024077951, 2.818174e-05, -0.011647454, 0.0059195124, -0.0031149278, 0.0033352333, 0.017287275, -0.017609112, 0.010091906, 0.018038228, 0.008452067, 0.014635946, -0.012720247, -0.00045282353, 0.0016810265, -0.00084195007, 0.01171642, 0.006559356, -0.014321771, 0.0019492245, -0.009210684, 0.0005301699, -0.0136474455, 0.013149363, 0.035494085, -0.0011331365, 0.015233644, 0.00094396103, -0.013049747, -0.0008596703, -0.0024769998, -0.010275814, -0.004938674, -0.0008156092, -0.0067126118, 0.0041570687, -0.028674195, 0.0023582263, -0.014498016, 0.004034464, 0.045486376, -0.023279583, 0.0082988115, 0.01196163, 0.0068620364, 0.019325579, 0.010015278, 0.013065073, -0.0033390648, 0.025026701, -0.003961667, -0.0010105317, -0.038896367, -0.025348539, 0.012589979, -0.010773895, 0.015601459, 0.025179958, 0.0032049657, -0.005015302, -0.023034373, 0.010383093, 0.016214482, 0.0012653196, -0.0048390576, -0.009157045, 0.011003779, -0.012114885, -0.0048199007, -0.018114857, 0.0035708644, -0.016658925, -0.0095248595, 0.00086924876, -0.009248998, -0.018298764, -0.0019348568, 0.003444428, -0.0074827233, -0.006973147, 0.0007715481, 0.015593796, -0.004498063, 0.012367758, -0.008720266, 0.025532447, -0.004547871, 0.006245181, 0.011930978, 0.0059616575, 0.0071800426, -0.010904163, 0.011072745, -0.0043792897, -0.0017231719, -0.010934814, 0.020474998, -0.007616822, 0.000510534, 0.0039061117, -0.013808364, -0.020490324, -0.0140918875, -0.02611482, 0.00050047657, 0.019310253, -0.014850505, 0.006003803, 0.007459735, 0.0016503753, 0.015999924, 0.015678087, 0.012283467, -0.0064597395, 0.013233654, 0.018298764, 0.005168558, -0.0021704878, -0.007915671, 0.008352451, -0.008429079, 0.020291092, 0.00878923, 0.00947122, -0.0046168366, 0.008796893, 0.020474998, 0.006505716, -0.012068909, -0.0024386859, -0.021118674, -0.014160853, 0.0090804165, -0.0064597395, 0.017731717, 0.009356278, -0.0048199007, -0.036260366, 0.015969273, 0.024153143, -0.026467308, -0.010260488, 0.010206848, -0.016030576, -0.009816046, -0.0045287143, 0.0038256524, -0.0034041984, 0.015501843, -0.0064022685, -0.02715696, 0.000277537, -0.0106436275, 2.4948997e-05, 0.002335238, 0.014383074, 0.016413715, -0.0022126331, 0.0019118683, -0.007256671, -0.0009037314, -0.010360104, 0.0029137793, 0.030451963, 0.023647398, 0.012589979, -0.0036187568, 0.018635927, -0.0037624342, 0.0017835165, 0.012137874, -0.008114904, -0.006873531, 0.008068928, -0.00955551, -0.017011413, 0.02050565, 0.0066972864, 0.015816018, -0.00041905933, -0.014122538, -0.0007696324, 0.000631702, -0.023019047, 0.0018333247, 0.00621453, 0.0023084183, 0.0031360006, -0.004869709, -0.011394582, -0.002852477, -0.0107509075, -0.003630251, 0.008114904, -0.020582277, 0.017455855, 0.0050497847, 0.0012662775, 0.0047241156, -0.0033314019, 0.018406043, 0.014796865, 0.0074673975, 0.004122586, 0.011885001, -0.002323744, -0.032735478, -0.027110983, -0.010865849, -0.014122538, 0.013731736, 0.0033467275, 0.006137902, 0.0018649338, -0.010137883, -0.0008285401, -0.0070229555, -0.0015469275, 0.012873502, -0.020950092, -0.01935623, -0.0013409898, -0.017532485, -0.028689519, 0.00057662564, 0.0009626391, 0.02099607, -0.0031934716, -0.012735572, -0.0054520816, 0.0054137674, 0.025946237, -0.023739351, -0.00039990232, 0.004785418, -0.024321724, 0.014475027, 0.026758494, 0.0089808, 0.009892673, 0.011685768, -0.016704902, -0.025287237, -0.009731755, -0.0020708714, -0.015034412, -0.014183841, -0.016551645, 0.008222183, 0.009448231, 0.009900336, 0.025532447, -0.021363884, -0.004084272, -0.009379266, -0.004697296, -0.0029118636, 0.0024846627, 0.009984627, 0.0005009555, 0.015754715, 0.002469337, -0.023233607, 0.013379247, -0.014850505, 0.0072528394, -0.025884936, 0.0140918875, -0.0054329247, 0.021992233, 0.007984636, 0.009126394, -0.007371613, -0.0055746865, -0.007306479, -0.0062375185, -0.001460721, 0.004804575, -0.0035861898, -0.018329415, 0.000618771, -0.012712584, 0.008168544, -0.012099559, 0.0019635921, -0.0056244945, -0.005678134, -0.013708747, 0.02124128, -0.011287303, -0.00821452, -0.01733325, 0.00038745027, 0.008505707, 0.011547838, 0.008383102, -0.010881174, 0.0179616, 0.005425262, 0.012160862, 0.017394554, 0.027524775, 0.00465515, 0.0016925207, -0.008835208, -0.015233644, -0.0063946056, -0.017731717, -0.021471163, 0.0076283165, 0.003567033, -0.00028184731, 0.0020823656, -0.006340966, 0.0023563106, -0.01138692, -0.0109731285, -0.008260497, -0.00029837023, -0.0010938646, -0.026988378, 0.013984608, 0.013471201, -0.0028122473, -0.016827507, 0.004766261, 0.017455855, 0.019831324, 0.0095248595, -0.01650567, -0.018681904, 0.014467364, 0.005563192, 0.0038563036, 0.015662761, -0.020566953, 0.020321744, -0.0021379208, 0.022743188, -0.0131417, -0.00088074297, -0.005149401, 0.005275837, 0.004421435, 0.0032835093, 0.00036422242, 0.022589931, 0.009294976, 0.0036206725, 0.009072754, -0.0082988115, -0.025655052, 0.0007715481, -0.0047011273, 0.01357848, 0.0072451765, 0.0031570732, -0.008383102, -0.004191551, -0.0026494127, 0.0185593, -0.011708757, -0.00813023, 0.006413763, -0.0069961357, -0.0043984465, 0.002105354, 0.016229808, -0.003726036, -0.0026896424, -0.011953967, -0.009248998, -0.0104214065, 0.0093103, 0.028428985, -0.017731717, 0.0011513355, 0.007819886, -0.0049233483, -0.012835189, -0.030237405, -0.0028084158, 0.0032566895, 0.0056513143, -0.008344788, 0.005754762, 0.010628303, -0.030697173, -0.009248998, 0.016720228, 0.0070421123, -0.0040995977, -0.0042605163, 0.027800635, -0.0075708455, 0.010720256, -0.016720228, -0.012137874, -0.007429084, 0.0037988327, -0.013501852, 0.0088581955, 0.0084137535, 0.012337106, 0.0071302345, 0.0020344732, 0.004777755, 0.013379247, -0.042635813, 0.018268112, -0.007176211, -0.002770102, 0.0103064645, -0.01705739, -0.0019674236, -0.025103329, -0.0012365842, 0.0081838695, -0.0108581865, -0.0072528394, 0.003976993, 0.004938674, 0.0054865642, -0.029394496, 0.03310329, -0.0056743026, 0.020137835, -0.017363902, 0.0028601398, -0.0008850533, -0.0020268103, -0.010191523, 0.004524883, -0.0070152925, -0.020720208, 0.00010314846, -0.0070995833, -0.016520994, -0.025164632, -0.005888861, -0.0153179355, -0.0060497797, 0.0037700972, -0.005409936, -0.00076149066, -0.007946323, -0.022835141, -0.010812209, 0.020459672, 0.015287284, -0.0124827, -0.035003666, -0.015616785, -0.006118745, 0.010666616, -0.0078007295, 0.005072773, -0.010789221, -0.0040804404, -0.010475046, 0.05023731, -0.004938674, -0.014022922, -0.0075057116, 0.0070344494, 0.010429069, 0.0023792991, -0.0052873315, 0.0030153114, -0.005735605, 0.014597632, -0.010957803, -0.010038267, 0.017011413, -0.012704921, 0.0029137793, 0.0081838695, 0.014720237, 0.006731769, 0.0005148443, 0.019233625, -0.017716391, -0.0019195311, -0.005980815, 0.0016666588, 0.009938651, -0.002252863, 0.01911102, 0.0019568873, -0.020919442, -0.006551693, -0.023861956, -0.028643543, 0.017869648, 0.037792925, 0.005743268, -0.007306479, 0.0051915464, 0.0056513143, 0.0020248946, 0.02203821, 0.036444273, 0.024413677, 0.010942477, -0.0027471134, -0.008712603, -0.0075478572, 0.0009923325, 0.00023239832, -0.00941758, 0.0015124449, -0.0072949845, 0.0027586077, 0.014421388, 0.0021302581, -0.021701047, 0.018222136, 0.021930931, -0.0022241273, 0.0070344494, -0.020950092, -0.01199228, 0.002208802, 0.0069961357, -0.019003741, -0.009601487, 0.010061255, 0.005149401, -0.012245153, -0.0010555505, 0.003547876, -0.00468197, 0.0038869549, 0.033379152, -0.004536377, -0.00038768974, 0.01032179, 0.012406072, 0.0085210325, -0.006781577, -0.0044137724, -0.0019750865, -0.027769983, 0.013019095, -0.023248931, -0.001857271, 0.016612949, 0.0022988396, 0.0010450142, -0.006375449, 0.003816074, 0.013026758, 0.0109731285, 0.00988501, 0.039264183, -0.005973152, 0.0073026475, -0.01845202, 0.007976973, 0.0075325314, -0.0016245134, -0.01448269, -0.022651235, 0.005103424, 0.031877242, 0.0011915653, 0.00071599276, -0.008122567, -0.016873483, -0.0009353404, 0.0005545951, 0.026314052, 0.02124128, 0.024934748, -0.007394601, 0.013478863, 0.020781511, -0.007758584, 0.00509193, -0.0015852415, -0.01180071, 0.008911835, -0.0051647266, 0.01872788, -0.010053593, -0.006505716, -0.017747043, 0.028045844, 0.008758579, 0.0040306323, -0.0030823608, 0.009907999, 0.014758551, 0.019540137, 0.016091878, -0.014176178, -0.012099559, 0.012490362, -0.013065073, 0.011095733, 0.02422977, -0.013218328, -0.0039578355, -0.0034750793, 0.0037279518, 0.00084386574, -0.00851337, 0.008612986, -0.0006235603, -0.014275795, 0.002187729, 0.0094099175, 0.010919489, 0.015049737, -0.0038448095, 0.02269721, 0.0007806476, 0.0018179991, 0.012996107, -0.009065092, 0.012835189, 0.007559351, 0.0010114894, 0.020107185, -0.0069693155, -0.016612949, 0.012651281, -0.011256652, 0.005524878, 0.01612253, -0.0048467205, -0.016061226, -0.009877348, 0.007662799, 0.015586133, -0.0054865642, 0.009042103, -0.019892626, 0.026819797, -0.013793038, 0.0038256524, -0.000599614, -0.006888856, 0.0014396483, 0.009302638, 0.007689619, 0.00017839954, 0.003285425, -0.033440456, -0.036260366, 0.004279673, 0.0028122473, -0.029915567, 0.019632092, 0.00010039464, 0.03074315, -0.0062106987, -0.0033582216, -0.018743206, -0.046681773, 0.007578508, -0.0050995927, 0.008934824, -0.0043179872]"
