aspect,aspect_vecs,cluster_main_vecs
ファミリー,"[ 6.990e-02 -4.940e-02  1.018e-01  1.000e-02  1.180e-02 -1.000e-04
  2.520e-02 -9.310e-02  8.900e-02  6.510e-02  4.430e-02  1.500e-02
  4.200e-03  1.101e-01 -9.970e-02 -3.940e-02  3.200e-02 -1.700e-02
 -3.400e-02  7.470e-02 -3.800e-03  2.440e-02 -5.800e-02  1.670e-02
  1.182e-01 -2.280e-02  3.760e-02  7.050e-02  9.310e-02  2.880e-02
  1.810e-02  8.400e-03 -2.480e-02  5.240e-02  4.750e-02 -2.100e-03
 -2.320e-02 -1.700e-03  8.050e-02 -1.740e-02 -6.870e-02  3.060e-02
 -5.610e-02  4.050e-02 -7.960e-02 -9.840e-02  4.720e-02  4.600e-03
 -6.300e-03  2.700e-03  2.900e-03 -6.780e-02  5.600e-03 -1.840e-02
 -3.990e-02  7.510e-02 -3.960e-02 -6.110e-02 -3.150e-02 -3.800e-03
 -1.420e-02 -5.710e-02 -3.030e-02 -7.700e-03  8.010e-02  3.970e-02
  1.970e-02  1.400e-03 -6.810e-02  2.960e-02 -2.800e-02 -7.000e-03
  3.930e-02  1.390e-02 -6.260e-02 -7.540e-02  1.790e-02  7.700e-03
  8.700e-03 -1.240e-02 -4.540e-02 -3.370e-02 -3.060e-02  9.870e-02
  2.000e-03 -2.940e-02 -7.100e-02 -6.700e-03  2.100e-03  5.180e-02
 -3.720e-02 -1.400e-03  5.100e-03  2.700e-03  3.370e-02  7.350e-02
 -5.550e-02  7.800e-03  7.810e-02  4.400e-03 -2.680e-02  6.250e-02
  2.200e-03  1.960e-02  1.820e-02  1.405e-01  3.500e-03 -3.280e-02
 -3.080e-02 -4.900e-03  2.800e-03  3.920e-02  3.470e-02 -5.700e-02
 -2.910e-02  7.370e-02 -6.030e-02  5.680e-02  3.100e-03  3.380e-02
 -7.890e-02 -1.540e-02 -1.000e-04  3.190e-02  4.200e-03 -3.600e-02
 -0.000e+00 -3.180e-02 -2.040e-02  7.020e-02  1.110e-02  1.380e-02
  1.950e-02 -3.250e-02  5.500e-02  2.260e-02  4.520e-02  1.290e-02
  6.980e-02  1.430e-02 -1.910e-02 -2.690e-02  5.000e-02  3.320e-02
  6.970e-02  3.600e-02 -3.690e-02  7.710e-02 -5.750e-02  7.300e-03
  6.600e-02 -4.760e-02  1.124e-01  5.180e-02  1.175e-01  2.200e-03
  8.930e-02 -5.540e-02  2.020e-02 -1.170e-02  1.890e-02 -2.040e-02
 -6.110e-02  7.180e-02  1.650e-02 -1.890e-02 -6.660e-02 -7.880e-02
 -2.010e-02  7.230e-02  2.020e-02  2.290e-02 -9.100e-03  6.150e-02
 -4.130e-02  5.510e-02 -1.380e-02 -3.040e-02 -4.220e-02 -6.420e-02
 -4.630e-02 -7.050e-02  6.660e-02 -3.400e-02 -6.510e-02 -5.600e-03
 -4.790e-02 -1.650e-02  4.090e-02  4.810e-02 -1.153e-01  3.500e-03
  3.830e-02  2.810e-02  2.480e-02 -1.211e-01  1.200e-03 -4.920e-02
 -3.580e-02  2.750e-02  6.000e-02 -4.860e-02 -7.500e-02  1.670e-02
 -4.800e-02  1.910e-02  2.390e-02  1.155e-01  6.530e-02 -1.030e-02
 -5.500e-03 -2.880e-02  5.520e-02 -1.420e-02  5.510e-02 -1.050e-02
 -1.240e-02 -1.593e-01  2.080e-02  5.700e-03 -5.870e-02 -2.780e-02
  3.100e-02  2.860e-02  4.150e-02  2.020e-02 -1.240e-02  1.000e-04
 -4.240e-02 -3.800e-03  5.520e-02 -2.350e-02 -4.770e-02  1.810e-02
 -3.650e-02 -3.960e-02 -1.227e-01 -2.900e-02  6.750e-02 -5.550e-02
 -3.020e-02 -1.610e-02  5.600e-02 -7.490e-02 -5.640e-02 -1.460e-02
  1.000e-03 -5.990e-02 -5.140e-02 -2.190e-02  3.180e-02 -9.280e-02
 -1.570e-02 -7.000e-04  1.810e-02 -7.250e-02 -9.470e-02 -4.730e-02
 -4.990e-02  7.790e-02  2.110e-02 -5.070e-02 -2.160e-02  5.900e-02
  4.460e-02 -3.710e-02  6.460e-02  8.600e-03 -6.650e-02 -9.470e-02
  3.750e-02 -2.090e-02  1.210e-02 -1.000e-01  1.720e-02 -3.700e-02
 -3.180e-02  4.600e-02 -1.114e-01  5.270e-02  3.870e-02 -2.810e-02
  5.450e-02  6.330e-02  2.330e-02 -4.710e-02  3.940e-02 -8.280e-02
  2.240e-02 -4.180e-02 -2.760e-02 -4.270e-02 -4.910e-02 -1.102e-01
 -1.030e-02 -3.050e-02 -3.030e-02 -4.230e-02 -8.000e-03 -6.700e-02]","[ 3.52499993e-02 -2.71500009e-02  8.57500024e-02  1.12000001e-02
  7.85000017e-03  1.73500002e-02  1.88000002e-02 -5.51999984e-02
  5.00008464e-05  2.64499998e-02  2.59500006e-02 -1.65000046e-03
 -1.05999999e-02  5.55500006e-02 -7.66999982e-02  3.69999930e-03
  2.22000009e-02 -2.16000006e-02 -1.25000011e-02  2.41499990e-02
 -5.24999993e-03 -7.30000064e-03 -4.78999987e-02 -3.29999998e-03
  6.20499984e-02 -3.63000007e-02 -4.00000066e-03  3.71000007e-02
  2.09499989e-02  3.33999991e-02  2.12000003e-02  1.44000002e-02
 -2.75500007e-02  3.04500004e-02  2.35999997e-02 -1.92999997e-02
 -2.03000000e-02  4.19999979e-03  1.99499987e-02 -2.23000003e-02
 -4.14000005e-02  2.71500004e-02 -1.81999998e-02  2.63000000e-02
 -5.18999994e-02 -5.35999984e-02  9.85000096e-03 -2.50000018e-03
  1.69499994e-02  1.90000003e-03  2.04000004e-02 -5.49999997e-02
 -2.27999995e-02 -2.79999999e-02 -3.66500001e-02  3.30999987e-02
 -1.72999999e-02 -5.80499992e-02 -7.24999979e-03 -1.07499999e-02
  1.11000007e-02 -4.35000006e-02 -3.78000000e-02  5.80000039e-03
  5.52500002e-02  9.20000114e-03  2.88000004e-02  9.64999967e-03
 -5.80999982e-02  1.54000000e-02 -1.79500002e-02  1.86999994e-02
  2.69999914e-03  7.34999983e-03 -2.67500007e-02 -5.88000007e-02
  8.59999971e-03 -1.09000001e-02 -2.96000009e-02  1.14999991e-03
 -5.01000006e-02 -6.00000005e-03 -2.82000005e-02  5.55000007e-02
 -1.49999990e-03 -3.50000057e-03 -3.59500012e-02 -9.85000003e-03
 -2.05500006e-02  4.60000001e-02 -1.87000001e-02  1.33000005e-02
  3.55000014e-03  5.49999997e-03  1.19000003e-02  1.02999993e-02
 -4.54500001e-02  2.20000008e-02  2.69500017e-02 -7.60000013e-03
 -2.99999956e-03  5.63999992e-02  1.19500002e-02  2.42999997e-02
  3.60000040e-03  8.29499969e-02 -1.14999998e-02 -1.76500001e-02
 -2.51500001e-02 -1.26000005e-02 -2.66499999e-02  1.70500001e-02
  3.54999993e-02 -4.23999997e-02 -1.39500004e-02  1.83000024e-02
 -2.95000000e-02  3.79499998e-02 -4.59999975e-03  2.03499992e-02
 -5.50500005e-02 -2.36499999e-02 -3.25499988e-02  9.49999969e-03
  1.08500000e-02  7.55000114e-03  7.55000021e-03  2.99999490e-04
 -1.35000004e-02  3.29500018e-02  2.86000008e-02  5.09999995e-03
  3.10000004e-02  2.15000100e-03  2.36000000e-02  4.20500012e-02
  2.42000007e-02 -2.14000000e-02  1.29499976e-02  6.74999997e-03
 -1.77499996e-02  1.81999989e-02  6.50500003e-02  1.30999996e-02
  6.58000018e-02  1.17999990e-02 -1.08999992e-02  3.41500007e-02
 -2.25500003e-02  3.95000010e-03  6.32499997e-02 -3.33000002e-02
  5.52000013e-02  3.18000009e-02  9.12999995e-02 -1.07500004e-02
  3.08999997e-02 -3.32999993e-02  4.49999981e-03 -1.57999997e-02
  1.03499998e-02 -1.85000058e-03 -1.25999991e-02  3.82500004e-02
  1.05000008e-03 -2.31499998e-02 -5.13500012e-02 -1.53999999e-02
  7.15000089e-03  4.35000011e-02 -1.50000677e-04  1.41000000e-02
  8.79999949e-03  4.90000006e-02 -1.07999993e-02  3.24000008e-02
 -4.99999989e-03 -6.45000022e-03 -3.02999998e-02 -4.31999993e-02
 -2.42000007e-02 -3.84500006e-02  2.84000011e-02  7.39999861e-03
 -2.90999997e-02 -1.17999995e-02 -1.60499997e-02  2.65000015e-03
  2.39999965e-03  7.49999657e-04 -5.60499999e-02 -3.60000017e-03
  2.74999999e-02  1.49000004e-02  1.79500002e-02 -6.73000007e-02
 -7.29999959e-03 -2.24499991e-02 -3.00499992e-02  2.09499998e-02
  1.12999994e-02 -8.34999979e-03 -3.56500015e-02  1.10499999e-02
 -2.67000003e-02  7.09999958e-03  2.27000006e-02  7.36000016e-02
  1.96000012e-02  2.19999999e-03 -2.98999995e-02 -1.73999998e-02
  5.56000005e-02 -1.62000004e-02  2.72500007e-02  1.55500001e-02
 -2.58499994e-02 -1.31900001e-01  3.22499992e-02 -1.73000002e-02
 -2.74499995e-02 -2.58999998e-02 -7.44999945e-03  3.57000008e-02
  3.76499984e-02  6.49999967e-03 -4.05000011e-03  1.99000007e-02
 -6.49999920e-03 -8.35000025e-03  4.42500003e-02 -7.99999572e-04
 -3.88499992e-02  4.75000031e-03 -2.47999998e-02 -1.21999998e-02
 -8.42999984e-02 -1.99499996e-02  2.70500015e-02 -4.11499999e-02
 -1.07500004e-02 -5.70000033e-03  4.36000004e-02 -6.08500000e-02
 -5.03000002e-02 -3.42000010e-02 -4.40000003e-03 -4.95500006e-02
 -3.11999992e-02 -2.26999996e-02  2.23500011e-02 -7.11000003e-02
 -6.59999973e-03 -4.29999980e-03  6.15000050e-03 -3.53999989e-02
 -4.16000006e-02 -1.68999997e-02 -1.59999998e-02  4.60500000e-02
  1.65499998e-02 -3.78000010e-02 -4.15000040e-03  3.93000003e-02
  3.99999991e-02 -2.41999994e-02  6.64499998e-02 -1.36500001e-02
 -4.37500002e-02 -3.64000006e-02  6.04500026e-02 -5.45000006e-03
 -1.60000008e-03 -4.68500007e-02 -9.25000012e-03 -2.65500005e-02
 -5.25000133e-03  8.15000013e-03 -4.84500006e-02  2.27500009e-02
  2.48499997e-02 -1.34000003e-02  3.60499993e-02  4.53999992e-02
  1.46999997e-02 -1.37499999e-02  3.33500002e-02 -3.95500005e-02
  3.58499996e-02 -2.21999999e-02 -1.49499999e-02 -2.40000000e-02
 -4.27000001e-02 -7.85500016e-02 -1.05000008e-03 -4.19499995e-02
 -1.96000002e-02 -3.51000000e-02 -1.40000018e-03 -5.89000005e-02]"
カヤック,"[-2.070e-02  8.740e-02  6.060e-02 -1.590e-02  4.320e-02  1.064e-01
  1.089e-01 -9.450e-02 -9.860e-02  4.850e-02  2.400e-02  2.840e-02
  7.960e-02 -2.030e-02 -7.240e-02  1.510e-01  7.380e-02  9.400e-03
 -3.650e-02  2.180e-02 -1.470e-02 -7.320e-02 -1.112e-01 -1.432e-01
  1.091e-01 -1.330e-02 -6.620e-02  3.110e-02 -1.470e-02  5.210e-02
 -8.740e-02  8.500e-02 -2.970e-02  1.350e-02 -1.039e-01 -4.660e-02
 -1.800e-03 -1.400e-02  6.130e-02 -3.240e-02  6.250e-02 -5.940e-02
 -1.280e-01 -2.050e-02 -3.000e-04 -9.440e-02 -1.039e-01 -5.220e-02
 -4.320e-02  3.560e-02  1.399e-01 -7.590e-02  7.740e-02  6.110e-02
  2.550e-02 -7.570e-02 -9.500e-03 -1.112e-01 -7.280e-02  9.910e-02
 -1.900e-03 -6.050e-02  1.780e-02  2.980e-02  2.100e-02 -7.170e-02
  9.890e-02 -6.100e-03  5.700e-02  4.580e-02  7.780e-02  8.620e-02
 -1.259e-01  7.880e-02  1.130e-02 -1.165e-01  1.540e-02  1.139e-01
 -1.126e-01  6.000e-03  6.410e-02  8.510e-02  1.180e-02 -3.600e-03
 -9.630e-02  1.610e-02 -3.720e-02  2.940e-02 -1.889e-01 -2.490e-02
  5.180e-02  6.360e-02 -2.610e-02  1.435e-01  3.200e-02 -6.080e-02
 -7.420e-02  9.550e-02 -5.800e-02 -5.710e-02  1.430e-02  9.220e-02
  1.560e-02  3.050e-02  7.800e-02  1.076e-01 -3.200e-03 -1.990e-02
 -9.600e-02 -1.100e-03 -5.600e-03  3.830e-02 -1.160e-02  1.853e-01
 -1.700e-03  1.276e-01  6.160e-02  1.520e-02 -4.200e-03  1.000e-02
 -9.160e-02 -2.100e-02 -3.800e-02 -9.460e-02 -4.360e-02  3.720e-02
 -1.940e-02 -7.410e-02 -4.080e-02 -1.010e-02 -6.610e-02 -1.073e-01
 -4.600e-02 -2.430e-02  7.160e-02  1.047e-01 -9.200e-02 -4.170e-02
  6.970e-02  8.590e-02  1.470e-02  3.200e-03  1.047e-01 -8.190e-02
  2.650e-02 -1.360e-01  2.440e-02 -5.770e-02 -5.370e-02  2.780e-02
  8.500e-02  1.141e-01  4.060e-02  1.942e-01  1.432e-01  7.500e-03
  1.284e-01  1.247e-01 -1.686e-01 -3.110e-02 -5.000e-02  2.450e-02
 -1.165e-01 -2.300e-03 -1.660e-01 -7.060e-02 -3.330e-02  8.370e-02
  1.700e-02 -8.650e-02  5.810e-02 -3.560e-02 -8.460e-02  1.190e-01
 -1.237e-01 -1.099e-01 -1.960e-02  1.700e-02 -4.780e-02  5.660e-02
 -1.081e-01 -2.000e-03  2.000e-02 -4.580e-02 -1.210e-01 -1.200e-02
 -5.520e-02  4.000e-04  1.595e-01 -2.590e-02 -4.820e-02  6.410e-02
  6.300e-02  4.820e-02  3.750e-02 -8.070e-02  3.740e-02 -5.450e-02
 -2.260e-02  5.700e-03  9.610e-02  2.300e-02 -1.541e-01 -8.370e-02
 -1.030e-02 -1.800e-03 -3.970e-02  1.627e-01  1.070e-02  3.470e-02
 -6.070e-02 -3.140e-02  4.290e-02  3.280e-02  3.970e-02 -4.680e-02
 -6.630e-02 -3.146e-01 -4.390e-02 -1.584e-01 -1.356e-01 -7.050e-02
 -1.050e-02  6.730e-02 -6.850e-02 -5.420e-02  4.220e-02  1.090e-02
  3.110e-02 -9.990e-02 -9.040e-02 -2.000e-02 -8.950e-02  3.100e-02
  2.900e-03  2.310e-02 -1.170e-01 -5.900e-02  3.540e-02 -4.250e-02
 -3.670e-02  9.700e-03  5.390e-02 -1.227e-01 -8.660e-02 -7.600e-02
 -5.400e-03  8.000e-04  7.780e-02  4.870e-02 -1.541e-01 -1.789e-01
 -6.030e-02  2.040e-02  8.110e-02  1.860e-02 -5.190e-02 -4.660e-02
  9.960e-02  4.680e-02  2.880e-02 -2.700e-02 -5.050e-02  8.280e-02
  1.487e-01 -9.100e-03  1.364e-01 -2.610e-02 -8.050e-02  4.040e-02
  2.050e-02  2.500e-02 -9.100e-03 -1.910e-02 -1.413e-01 -3.390e-02
 -1.720e-02 -1.215e-01  1.213e-01  2.670e-02 -1.234e-01  1.650e-02
 -1.800e-03  5.530e-02  8.110e-02 -3.600e-03  2.480e-02 -4.700e-03
 -1.990e-02 -5.290e-02 -4.320e-02  1.090e-02 -5.700e-03 -1.860e-02
 -1.388e-01 -3.000e-02  3.300e-03  7.900e-03  4.210e-02  6.700e-03]","[-2.07000002e-02  8.73999968e-02  6.06000014e-02 -1.59000009e-02
  4.32000011e-02  1.06399998e-01  1.08900003e-01 -9.44999978e-02
 -9.86000001e-02  4.85000014e-02  2.40000002e-02  2.84000002e-02
  7.95999989e-02 -2.03000009e-02 -7.24000037e-02  1.50999993e-01
  7.37999976e-02  9.39999986e-03 -3.64999995e-02  2.18000002e-02
 -1.47000002e-02 -7.32000023e-02 -1.11199997e-01 -1.43199995e-01
  1.09099999e-01 -1.32999998e-02 -6.62000030e-02  3.10999993e-02
 -1.47000002e-02  5.20999990e-02 -8.73999968e-02  8.50000009e-02
 -2.96999998e-02  1.35000004e-02 -1.03900000e-01 -4.65999991e-02
 -1.79999997e-03 -1.40000004e-02  6.12999983e-02 -3.24000008e-02
  6.25000000e-02 -5.93999997e-02 -1.28000006e-01 -2.05000006e-02
 -3.00000014e-04 -9.44000036e-02 -1.03900000e-01 -5.22000007e-02
 -4.32000011e-02  3.55999991e-02  1.39899999e-01 -7.59000033e-02
  7.73999989e-02  6.10999987e-02  2.54999995e-02 -7.56999999e-02
 -9.49999969e-03 -1.11199997e-01 -7.28000030e-02  9.91000012e-02
 -1.90000003e-03 -6.04999997e-02  1.77999996e-02  2.97999997e-02
  2.09999997e-02 -7.16999993e-02  9.88999978e-02 -6.09999988e-03
  5.70000000e-02  4.58000004e-02  7.77999982e-02  8.61999989e-02
 -1.25900000e-01  7.88000003e-02  1.13000004e-02 -1.16499998e-01
  1.53999999e-02  1.13899998e-01 -1.12599999e-01  6.00000005e-03
  6.40999973e-02  8.51000026e-02  1.18000004e-02 -3.59999994e-03
 -9.62999985e-02  1.61000006e-02 -3.72000001e-02  2.94000003e-02
 -1.88899994e-01 -2.49000005e-02  5.18000014e-02  6.36000037e-02
 -2.61000004e-02  1.43500000e-01  3.20000015e-02 -6.08000010e-02
 -7.41999969e-02  9.54999998e-02 -5.79999983e-02 -5.71000017e-02
  1.42999999e-02  9.22000036e-02  1.55999996e-02  3.05000003e-02
  7.80000016e-02  1.07600003e-01 -3.19999992e-03 -1.98999997e-02
 -9.60000008e-02 -1.09999999e-03 -5.59999980e-03  3.83000001e-02
 -1.15999999e-02  1.85299993e-01 -1.70000002e-03  1.27599999e-01
  6.15999997e-02  1.52000003e-02 -4.19999985e-03  9.99999978e-03
 -9.16000009e-02 -2.09999997e-02 -3.79999988e-02 -9.45999995e-02
 -4.36000004e-02  3.72000001e-02 -1.94000006e-02 -7.41000026e-02
 -4.08000015e-02 -1.00999996e-02 -6.61000013e-02 -1.07299998e-01
 -4.60000001e-02 -2.42999997e-02  7.15999976e-02  1.04699999e-01
 -9.20000002e-02 -4.17000018e-02  6.97000027e-02  8.59000012e-02
  1.47000002e-02  3.19999992e-03  1.04699999e-01 -8.19000006e-02
  2.64999997e-02 -1.36000007e-01  2.43999995e-02 -5.77000007e-02
 -5.37000000e-02  2.77999993e-02  8.50000009e-02  1.14100002e-01
  4.06000018e-02  1.94199994e-01  1.43199995e-01  7.49999983e-03
  1.28399998e-01  1.24700002e-01 -1.68599993e-01 -3.10999993e-02
 -5.00000007e-02  2.44999994e-02 -1.16499998e-01 -2.30000005e-03
 -1.65999994e-01 -7.06000030e-02 -3.33000012e-02  8.37000012e-02
  1.70000009e-02 -8.64999965e-02  5.81000000e-02 -3.55999991e-02
 -8.46000016e-02  1.19000003e-01 -1.23700000e-01 -1.09899998e-01
 -1.96000002e-02  1.70000009e-02 -4.78000008e-02  5.66000007e-02
 -1.08099997e-01 -2.00000009e-03  1.99999996e-02 -4.58000004e-02
 -1.20999999e-01 -1.20000001e-02 -5.51999994e-02  3.99999990e-04
  1.59500003e-01 -2.59000007e-02 -4.82000001e-02  6.40999973e-02
  6.30000010e-02  4.82000001e-02  3.75000015e-02 -8.07000026e-02
  3.73999998e-02 -5.44999987e-02 -2.26000007e-02  5.70000010e-03
  9.61000025e-02  2.30000000e-02 -1.54100001e-01 -8.37000012e-02
 -1.03000002e-02 -1.79999997e-03 -3.97000015e-02  1.62699997e-01
  1.07000005e-02  3.46999988e-02 -6.06999993e-02 -3.13999988e-02
  4.28999998e-02  3.28000002e-02  3.97000015e-02 -4.67999987e-02
 -6.62999973e-02 -3.14599991e-01 -4.39000018e-02 -1.58399999e-01
 -1.35600001e-01 -7.05000013e-02 -1.04999999e-02  6.72999993e-02
 -6.84999973e-02 -5.42000011e-02  4.21999991e-02  1.09000001e-02
  3.10999993e-02 -9.98999998e-02 -9.04000029e-02 -1.99999996e-02
 -8.95000026e-02  3.09999995e-02  2.89999996e-03  2.30999999e-02
 -1.16999999e-01 -5.90000004e-02  3.53999995e-02 -4.25000004e-02
 -3.66999991e-02  9.70000029e-03  5.38999997e-02 -1.22699998e-01
 -8.65999982e-02 -7.59999976e-02 -5.40000014e-03  7.99999980e-04
  7.77999982e-02  4.87000011e-02 -1.54100001e-01 -1.78900003e-01
 -6.03000000e-02  2.04000007e-02  8.11000019e-02  1.86000001e-02
 -5.18999994e-02 -4.65999991e-02  9.96000022e-02  4.67999987e-02
  2.87999995e-02 -2.70000007e-02 -5.05000018e-02  8.28000009e-02
  1.48699999e-01 -9.10000037e-03  1.36399999e-01 -2.61000004e-02
 -8.04999992e-02  4.03999984e-02  2.05000006e-02  2.50000004e-02
 -9.10000037e-03 -1.90999992e-02 -1.41299993e-01 -3.39000002e-02
 -1.72000006e-02 -1.21500000e-01  1.21299997e-01  2.66999993e-02
 -1.23400003e-01  1.64999999e-02 -1.79999997e-03  5.53000011e-02
  8.11000019e-02 -3.59999994e-03  2.48000007e-02 -4.69999993e-03
 -1.98999997e-02 -5.29000014e-02 -4.32000011e-02  1.09000001e-02
 -5.70000010e-03 -1.86000001e-02 -1.38799995e-01 -2.99999993e-02
  3.29999998e-03  7.89999962e-03  4.21000011e-02  6.69999979e-03]"
初心者,"[ 4.060e-02  4.280e-02  1.848e-01  6.520e-02 -5.350e-02  1.557e-01
  2.210e-02  3.000e-03 -1.135e-01  2.070e-02  6.790e-02  2.950e-02
  1.324e-01  1.042e-01 -1.699e-01  8.840e-02 -7.200e-03  5.420e-02
 -5.560e-02 -6.110e-02 -5.110e-02 -5.530e-02 -7.180e-02 -6.590e-02
 -1.142e-01 -2.430e-02 -7.580e-02  1.649e-01  1.110e-02  1.740e-02
  7.460e-02  5.250e-02  2.010e-02  1.380e-01 -9.940e-02 -8.820e-02
 -6.090e-02 -1.393e-01 -5.900e-03  6.580e-02  9.160e-02 -6.680e-02
 -1.937e-01  1.030e-01 -1.320e-01 -1.042e-01  7.330e-02  2.170e-02
  5.520e-02  4.200e-03  1.346e-01 -1.174e-01  1.678e-01  2.130e-02
 -9.260e-02 -7.120e-02 -4.450e-02 -1.964e-01  6.790e-02 -6.270e-02
  8.690e-02  1.330e-02 -1.598e-01  4.710e-02  3.870e-02 -1.463e-01
 -3.800e-02 -1.887e-01 -1.258e-01  2.160e-02  8.270e-02  1.193e-01
  8.680e-02  4.540e-02 -3.740e-02 -1.275e-01 -1.000e-04 -1.010e-02
 -4.100e-03  1.630e-02 -6.270e-02  6.030e-02  3.500e-02  3.380e-02
  5.890e-02 -5.620e-02  1.750e-02  1.273e-01  2.730e-02  8.560e-02
 -5.400e-03 -2.470e-02  4.600e-02  7.950e-02  3.530e-02 -8.090e-02
 -1.200e-02  2.110e-02  7.270e-02 -1.061e-01 -5.040e-02  2.138e-01
  9.450e-02 -2.018e-01 -3.510e-02  1.705e-01  6.900e-02  4.250e-02
 -2.290e-02  8.350e-02 -1.410e-02 -3.690e-02  2.225e-01 -3.380e-02
 -2.620e-02  8.820e-02  8.590e-02 -3.010e-02  9.700e-02  3.700e-02
 -1.544e-01 -8.500e-02  8.000e-04  3.210e-02  7.860e-02  1.561e-01
 -5.700e-03  2.315e-01  7.250e-02  7.110e-02 -1.790e-02  4.680e-02
 -1.840e-02  5.060e-02 -3.260e-02  2.440e-02 -3.450e-02 -6.010e-02
  1.490e-02 -1.620e-02 -7.280e-02  1.314e-01  2.215e-01  9.300e-02
  1.682e-01  2.900e-02  9.920e-02  6.610e-02 -7.160e-02  2.500e-02
  3.450e-02  2.000e-03 -4.280e-02  1.298e-01  2.030e-02 -1.600e-03
 -3.990e-02  7.150e-02 -9.660e-02 -6.220e-02 -5.210e-02  4.210e-02
 -2.930e-02  2.198e-01 -1.090e-01 -9.400e-03 -3.850e-02  8.560e-02
 -6.240e-02  7.260e-02  4.110e-02 -1.893e-01  1.970e-01  7.740e-02
  3.660e-02  1.036e-01  5.050e-02 -1.109e-01 -1.067e-01  8.070e-02
  5.750e-02 -1.270e-02 -1.047e-01 -8.900e-02 -1.826e-01 -9.320e-02
 -1.193e-01  1.795e-01  3.040e-02 -1.451e-01 -1.524e-01  1.360e-02
 -1.244e-01  2.250e-02  1.278e-01 -6.310e-02 -2.580e-02 -1.458e-01
  9.610e-02 -1.203e-01 -9.140e-02  7.060e-02  5.950e-02  1.374e-01
 -1.536e-01 -2.570e-02  1.418e-01  1.335e-01  1.092e-01  1.436e-01
 -1.092e-01  6.910e-02  8.320e-02  2.168e-01 -1.054e-01  5.950e-02
 -1.290e-02 -3.454e-01  8.700e-02  1.241e-01  1.186e-01 -6.360e-02
  1.535e-01  5.880e-02  1.552e-01  3.000e-03  2.780e-02  5.980e-02
  6.120e-02  3.200e-02  6.790e-02  9.900e-03 -2.345e-01 -1.516e-01
 -1.370e-01  1.276e-01 -1.903e-01  2.090e-02  1.234e-01 -6.480e-02
 -7.920e-02 -1.177e-01 -2.182e-01 -3.690e-02  4.820e-02 -1.621e-01
 -8.510e-02  1.085e-01 -8.830e-02 -7.290e-02  1.576e-01 -1.629e-01
 -8.900e-02 -4.370e-02 -4.110e-02 -3.030e-02 -1.597e-01  4.550e-02
  1.056e-01 -8.860e-02 -5.440e-02 -1.500e-02 -1.439e-01  2.980e-02
 -2.620e-02  7.830e-02  9.950e-02  5.910e-02 -2.880e-02  5.690e-02
  4.580e-02 -8.700e-03 -8.800e-02  2.880e-02  1.283e-01 -8.700e-03
 -1.300e-03 -9.900e-02 -4.990e-02 -4.290e-02  1.498e-01 -1.304e-01
  1.250e-02  8.220e-02 -6.960e-02  1.526e-01  8.960e-02  6.100e-02
  1.288e-01  4.230e-02  1.920e-02 -1.077e-01 -1.001e-01 -4.920e-02
 -9.960e-02  1.174e-01 -2.519e-01  6.160e-02  6.360e-02 -1.052e-01]","[ 4.06000018e-02  4.28000018e-02  1.84799999e-01  6.52000010e-02
 -5.35000004e-02  1.55699998e-01  2.20999997e-02  3.00000003e-03
 -1.13499999e-01  2.07000002e-02  6.79000020e-02  2.95000002e-02
  1.32400006e-01  1.04199998e-01 -1.69900000e-01  8.83999988e-02
 -7.19999988e-03  5.42000011e-02 -5.55999987e-02 -6.10999987e-02
 -5.11000007e-02 -5.53000011e-02 -7.18000010e-02 -6.58999979e-02
 -1.14200003e-01 -2.42999997e-02 -7.58000016e-02  1.64900005e-01
  1.10999998e-02  1.74000002e-02  7.46000037e-02  5.24999984e-02
  2.00999994e-02  1.37999997e-01 -9.93999988e-02 -8.82000029e-02
 -6.08999990e-02 -1.39300004e-01 -5.90000022e-03  6.58000037e-02
  9.16000009e-02 -6.67999983e-02 -1.93700001e-01  1.03000000e-01
 -1.31999999e-01 -1.04199998e-01  7.32999966e-02  2.17000004e-02
  5.51999994e-02  4.19999985e-03  1.34599999e-01 -1.17399998e-01
  1.67799994e-01  2.12999992e-02 -9.26000029e-02 -7.11999983e-02
 -4.45000008e-02 -1.96400002e-01  6.79000020e-02 -6.27000034e-02
  8.69000033e-02  1.32999998e-02 -1.59799993e-01  4.71000001e-02
  3.86999995e-02 -1.46300003e-01 -3.79999988e-02 -1.88700005e-01
 -1.25799999e-01  2.16000006e-02  8.26999992e-02  1.19300000e-01
  8.68000016e-02  4.54000011e-02 -3.73999998e-02 -1.27499998e-01
 -9.99999975e-05 -1.00999996e-02 -4.10000002e-03  1.63000003e-02
 -6.27000034e-02  6.03000000e-02  3.50000001e-02  3.37999985e-02
  5.88999987e-02 -5.62000014e-02  1.75000001e-02  1.27299994e-01
  2.73000002e-02  8.56000036e-02 -5.40000014e-03 -2.47000009e-02
  4.60000001e-02  7.94999972e-02  3.53000015e-02 -8.08999985e-02
 -1.20000001e-02  2.10999995e-02  7.27000013e-02 -1.06100000e-01
 -5.04000001e-02  2.13799998e-01  9.44999978e-02 -2.01800004e-01
 -3.51000018e-02  1.70499995e-01  6.89999983e-02  4.25000004e-02
 -2.29000002e-02  8.34999979e-02 -1.41000003e-02 -3.68999988e-02
  2.22499996e-01 -3.37999985e-02 -2.62000002e-02  8.82000029e-02
  8.59000012e-02 -3.00999992e-02  9.70000029e-02  3.70000005e-02
 -1.54400006e-01 -8.50000009e-02  7.99999980e-04  3.20999995e-02
  7.85999969e-02  1.56100005e-01 -5.70000010e-03  2.31500000e-01
  7.24999979e-02  7.10999966e-02 -1.78999994e-02  4.67999987e-02
 -1.84000004e-02  5.05999997e-02 -3.26000005e-02  2.43999995e-02
 -3.44999991e-02 -6.01000004e-02  1.48999998e-02 -1.62000004e-02
 -7.28000030e-02  1.31400004e-01  2.21499994e-01  9.30000022e-02
  1.68200001e-01  2.89999992e-02  9.92000028e-02  6.61000013e-02
 -7.15999976e-02  2.50000004e-02  3.44999991e-02  2.00000009e-03
 -4.28000018e-02  1.29800007e-01  2.03000009e-02 -1.59999996e-03
 -3.99000011e-02  7.15000033e-02 -9.66000035e-02 -6.21999986e-02
 -5.20999990e-02  4.21000011e-02 -2.93000005e-02  2.19799995e-01
 -1.08999997e-01 -9.39999986e-03 -3.84999998e-02  8.56000036e-02
 -6.23999983e-02  7.25999996e-02  4.10999991e-02 -1.89300001e-01
  1.96999997e-01  7.73999989e-02  3.66000012e-02  1.03600003e-01
  5.05000018e-02 -1.10900000e-01 -1.06700003e-01  8.07000026e-02
  5.75000010e-02 -1.26999998e-02 -1.04699999e-01 -8.90000015e-02
 -1.82600006e-01 -9.31999981e-02 -1.19300000e-01  1.79499999e-01
  3.04000005e-02 -1.45099998e-01 -1.52400002e-01  1.36000002e-02
 -1.24399997e-01  2.25000009e-02  1.27800003e-01 -6.31000027e-02
 -2.58000009e-02 -1.45799994e-01  9.61000025e-02 -1.20300002e-01
 -9.13999975e-02  7.06000030e-02  5.95000014e-02  1.37400001e-01
 -1.53600007e-01 -2.56999992e-02  1.41800001e-01  1.33499995e-01
  1.09200001e-01  1.43600002e-01 -1.09200001e-01  6.91000000e-02
  8.32000002e-02  2.16800004e-01 -1.05400003e-01  5.95000014e-02
 -1.29000004e-02 -3.45400006e-01  8.69999975e-02  1.24100000e-01
  1.18600003e-01 -6.36000037e-02  1.53500006e-01  5.88000007e-02
  1.55200005e-01  3.00000003e-03  2.77999993e-02  5.97999990e-02
  6.12000003e-02  3.20000015e-02  6.79000020e-02  9.89999995e-03
 -2.34500006e-01 -1.51600003e-01 -1.36999995e-01  1.27599999e-01
 -1.90300003e-01  2.08999999e-02  1.23400003e-01 -6.48000017e-02
 -7.91999996e-02 -1.17700003e-01 -2.18199998e-01 -3.68999988e-02
  4.82000001e-02 -1.62100002e-01 -8.51000026e-02  1.08499996e-01
 -8.82999972e-02 -7.28999972e-02  1.57600001e-01 -1.62900001e-01
 -8.90000015e-02 -4.36999984e-02 -4.10999991e-02 -3.03000007e-02
 -1.59700006e-01  4.54999991e-02  1.05599999e-01 -8.86000022e-02
 -5.44000007e-02 -1.49999997e-02 -1.43900007e-01  2.97999997e-02
 -2.62000002e-02  7.82999992e-02  9.95000005e-02  5.90999983e-02
 -2.87999995e-02  5.68999983e-02  4.58000004e-02 -8.70000012e-03
 -8.79999995e-02  2.87999995e-02  1.28299996e-01 -8.70000012e-03
 -1.30000000e-03 -9.89999995e-02 -4.98999991e-02 -4.28999998e-02
  1.49800003e-01 -1.30400002e-01  1.25000002e-02  8.21999982e-02
 -6.96000010e-02  1.52600005e-01  8.95999968e-02  6.10000007e-02
  1.28800005e-01  4.23000008e-02  1.92000009e-02 -1.07699998e-01
 -1.00100003e-01 -4.91999984e-02 -9.96000022e-02  1.17399998e-01
 -2.51899987e-01  6.15999997e-02  6.36000037e-02 -1.05200000e-01]"
駐車場,"[-0.2285      0.07669999  0.6989      0.1576      0.11939999 -0.1911
 -0.3615      0.0327     -0.1631      0.168       0.0366      0.2116
 -0.09019999  0.14570001 -0.30040002  0.5134      0.0509     -0.25280002
 -0.2684      0.0633     -0.2028      0.2115     -0.1121      0.2291
 -0.1947      0.0514      0.0495     -0.0069      0.2601     -0.33749998
 -0.22       -0.3587     -0.1888     -0.4161      0.1198     -0.2549
  0.0108     -0.0442     -0.2324      0.1051     -0.4303      0.29689997
 -0.0115      0.3614     -0.77619994 -0.1234      0.46969998  0.3566
 -0.18        0.72       -0.3821      0.0037      0.0486      0.77400005
  0.07009999 -0.4633      0.2977     -0.3789      0.2529     -0.41979998
 -0.0801     -0.37980002 -0.38700002  0.0763      0.1561     -0.0545
  0.1204      0.1438      0.1056      0.252       0.2296      0.0439
  0.0769      0.11350001 -0.0175     -0.1929     -0.1685     -0.0898
 -0.3875     -0.08130001 -0.4019     -0.13030002 -0.2149      0.0303
 -0.36870003  0.2389     -0.3133      0.3754      0.0181     -0.29470003
 -0.34309998  0.223      -0.2201      0.5861      0.24270001 -0.0693
 -0.2824      0.0112     -0.1437      0.1114      0.187       0.767
  0.1004      0.5389      0.0462      0.1186     -0.1689      0.0951
 -0.2476      0.2105     -0.8284     -0.3539      0.48510003 -0.1929
  0.2148     -0.1367      0.11799999  0.62039995  0.3872      0.0726
 -0.0704     -0.0478     -0.0557     -0.0836     -0.3372     -0.0042
 -0.0423     -0.686      -0.0891     -0.086       0.0913     -0.3072
  0.1799     -0.1694      0.0581      0.04570001  0.1962      0.23499998
 -0.1274     -0.15370001 -0.5625      0.14029999  0.16440001 -0.2286
  0.5004      0.47190002 -0.0115      0.0431     -0.0731     -0.464
  0.1927      0.201       0.4526     -0.3353      0.73859996 -0.3229
 -0.2304      0.22670001  0.0095      0.45520002  0.2655     -0.2996
 -0.4922     -0.5071      0.1083     -0.0169     -0.1304     -0.2507
 -0.0097      0.1715      0.2633     -0.25190002 -0.19839999 -0.3725
  0.59860003  0.1289      1.0554     -0.1378     -0.05719999  0.2301
 -0.4707      0.0821     -0.1103      0.566      -0.1814      0.1076
  0.2424      0.2704      0.31620002 -0.3333     -0.3858      0.3301
  0.698       0.3685      0.0137     -0.1972      0.0322      0.1206
  0.2579      0.1493      0.0909      0.0223      0.8405     -0.6201
  0.18280001 -0.3634      0.1736      0.2263      0.0402     -0.4131
 -0.6048      0.2134      0.0239      0.05309999 -0.6244     -0.5067
  0.1173     -1.6861     -0.2975     -0.7343      0.10770001  0.0783
  0.745       0.0943      0.6228     -0.1041     -0.448      -0.1252
  0.40649998  0.0883      0.2535      0.0598     -0.5316     -0.2953
 -0.1152     -0.534      -0.6428      0.08409999  0.06550001 -0.1161
 -0.0638     -0.3332      0.388      -0.7501     -0.1504     -0.6062
 -0.4748     -0.1035      0.0346     -0.88089997 -0.20050001 -0.7305
  0.18       -0.1162     -0.0315      0.74660003 -0.0873     -0.034
  0.20470001  0.3569      0.31919998 -0.2553     -0.2572      0.1099
 -0.0933     -0.419       0.13800001 -0.262      -0.10339999 -0.1943
  0.3875     -0.1028      0.0848     -0.21339999  0.11310001 -0.3479
  0.2086      0.57809997 -0.3697      0.5028     -0.0154      0.2681
 -0.14119999  0.3359      0.5202     -0.6317     -0.7185     -0.1377
 -0.0433      0.34600002  0.5983      0.118      -0.4691      0.8512
 -0.61609995 -0.4329      0.0662      0.45700002  0.46170002  0.49670002]","[-0.0272      0.0521      0.4599      0.1386      0.1129     -0.0282
 -0.1385      0.1258      0.0176      0.1117     -0.0421      0.0278
  0.0954      0.0375     -0.1664      0.20440001  0.1305      0.0246
 -0.21610001  0.0641     -0.3614      0.1437      0.0229      0.0693
 -0.0345      0.05109999 -0.1063     -0.1086      0.1405     -0.0426
 -0.0498      0.0258     -0.1252     -0.196       0.0806     -0.0478
  0.0489     -0.1037     -0.09640001  0.0949     -0.1892      0.27699999
  0.0155      0.19270001 -0.3435     -0.0024      0.29599999  0.3168
 -0.1675      0.49930001 -0.16689999 -0.1087      0.1047      0.37570001
  0.14349999 -0.2756      0.1712     -0.2542      0.1112     -0.2064
 -0.015      -0.1992     -0.1494      0.1085      0.1505     -0.0357
  0.1489      0.1488      0.0234      0.1659      0.0354     -0.1598
  0.0835      0.17420001 -0.0873     -0.0815      0.0148     -0.0753
 -0.2571      0.0931     -0.27800001  0.1533     -0.0994      0.088
 -0.12050001  0.0889     -0.0805      0.0518     -0.059      -0.0826
 -0.101       0.19000001 -0.0996      0.21980001  0.1548     -0.1726
 -0.147       0.0598     -0.1616      0.0823      0.1088      0.37910001
  0.1054      0.20309999  0.0046     -0.1407     -0.098      -0.0747
 -0.2115      0.0942     -0.63259998 -0.1622      0.37230001 -0.1543
  0.1526      0.0709     -0.0311      0.28369999  0.1136      0.1001
 -0.0921      0.0357      0.0483     -0.0722     -0.22759999 -0.1478
 -0.0618     -0.39009999  0.018      -0.0791     -0.0532     -0.18600001
  0.0945     -0.0094      0.0376     -0.27839999  0.1686      0.13179999
 -0.1004      0.0692     -0.2407     -0.0214      0.15320001 -0.0013
  0.42560001  0.32550002 -0.0816      0.1292      0.06       -0.3117
  0.1705      0.0724      0.33980001 -0.2272      0.3185     -0.0633
 -0.2407      0.20040001  0.0735      0.24780001  0.0145     -0.18320001
 -0.2266     -0.33619999 -0.0179     -0.0443     -0.1022     -0.1298
  0.0904      0.3118      0.086      -0.1331     -0.19669999 -0.2095
  0.54940002  0.0964      0.66679999 -0.1139     -0.2189      0.0955
 -0.0354      0.0899     -0.0609      0.2863     -0.0303      0.0251
  0.0721      0.1395      0.1177     -0.1421     -0.1218      0.2385
  0.2274      0.2846     -0.0309     -0.0424      0.1288      0.0235
  0.0839     -0.0197      0.0816     -0.0377      0.30560001 -0.39140001
 -0.006      -0.0782     -0.0028      0.0428     -0.0777     -0.21160001
 -0.35769999  0.1896     -0.0835     -0.1358     -0.43890001 -0.2208
  0.3377     -0.89559999 -0.0489     -0.42210001  0.131       0.0751
  0.53069999  0.1084      0.30399999 -0.0834     -0.1504     -0.0206
  0.25749999  0.0738      0.0306     -0.0627     -0.2938     -0.1128
 -0.1842     -0.1673     -0.49639998 -0.0872     -0.0578     -0.2068
 -0.024      -0.131       0.0476     -0.31739999 -0.2545     -0.28780001
 -0.2474     -0.1286      0.0022     -0.87289997 -0.1539     -0.3373
  0.2352     -0.0113     -0.0523      0.43730001  0.0545     -0.0256
  0.26470001  0.0024      0.1523     -0.2175     -0.1425      0.1378
 -0.0891     -0.4166     -0.1049     -0.0968     -0.0155     -0.0586
  0.1905     -0.0486     -0.0505     -0.14159999 -0.0293     -0.1256
  0.265       0.0809     -0.2382      0.1078      0.0931      0.22149999
 -0.0078      0.20369999  0.26960001 -0.0343     -0.51840001 -0.1439
 -0.1361      0.1371      0.3698     -0.0632     -0.1691      0.61110001
 -0.49599999 -0.0393      0.145       0.3365      0.1791      0.2404    ]"
海浜,"[ 3.4500e-02  2.7020e-01  1.9990e-01  1.7570e-01 -4.5360e-01  2.6660e-01
  1.4530e-01 -2.6000e-02  1.1500e-01  4.1520e-01 -6.1400e-02 -6.0000e-02
 -1.1840e-01  5.2440e-01 -2.3420e-01  1.1760e-01  2.6590e-01  1.0220e-01
 -3.2690e-01  1.6960e-01 -7.0000e-04 -2.7110e-01 -6.8610e-01 -1.4510e-01
 -2.0130e-01 -1.8740e-01  1.1900e-01  1.6750e-01  3.2660e-01 -3.9600e-02
  1.7470e-01 -3.1800e-02  7.9000e-02 -2.1080e-01 -1.7400e-02  2.3210e-01
  7.3150e-01 -8.9300e-02 -5.8000e-03 -3.7110e-01 -2.5300e-02 -5.3400e-02
  1.9210e-01 -5.5100e-02 -9.7700e-02  1.4800e-02  2.2780e-01  8.9400e-02
 -1.4800e-01  4.0000e-01 -7.9600e-02  1.5900e-01 -2.6220e-01  1.5070e-01
  1.5100e-02 -3.8590e-01  5.8000e-02 -4.4450e-01 -3.3200e-02 -7.6700e-02
 -1.8290e-01 -2.3600e-02 -4.7980e-01  8.3500e-02  1.4880e-01  2.8030e-01
  1.2360e-01 -1.4690e-01 -5.3000e-03 -1.6150e-01  1.6530e-01  3.6410e-01
 -1.1880e-01 -9.3700e-02  7.2800e-02 -2.4100e-02 -5.6800e-02 -1.0860e-01
 -3.4760e-01  3.3010e-01 -1.0830e-01  1.9860e-01 -2.5270e-01  4.3500e-01
 -1.0130e-01 -5.8400e-02 -4.6200e-01 -2.1170e-01 -2.7000e-01 -7.9800e-01
 -4.7940e-01  2.3490e-01 -1.1980e-01  3.5490e-01  4.5890e-01 -2.2340e-01
 -3.8890e-01  1.0840e-01 -2.5130e-01 -1.3960e-01  9.2800e-02  4.5100e-02
 -1.4970e-01 -9.0900e-02  3.8100e-02  4.4500e-01 -4.2400e-02 -2.3470e-01
 -1.4880e-01 -1.2080e-01  1.0560e-01 -3.0140e-01 -3.2350e-01 -6.6600e-02
 -1.1270e-01  2.5570e-01 -1.3080e-01  2.1420e-01 -1.0010e-01 -4.7900e-02
  4.0940e-01 -8.7500e-02  7.4330e-01 -1.8900e-01 -2.4660e-01  1.8900e-01
  2.0750e-01  4.0590e-01 -6.1550e-01  8.8100e-02  1.6740e-01 -1.0360e-01
  1.6200e-01  2.7300e-01 -3.7040e-01  5.5600e-02  1.2450e-01  2.0380e-01
 -5.2060e-01  1.5420e-01  1.5790e-01 -2.5380e-01  1.9490e-01  1.3520e-01
  3.1960e-01 -1.3100e-01 -6.1100e-02 -3.3900e-02  2.4770e-01  3.3870e-01
  2.5960e-01 -1.4640e-01  2.9000e-01  1.7760e-01  4.6570e-01 -4.1480e-01
  2.0350e-01  4.7700e-02 -7.4300e-02 -4.6100e-02  2.9150e-01  2.8150e-01
 -1.3810e-01  2.5170e-01 -1.1170e-01 -3.1840e-01 -1.8060e-01  1.3350e-01
 -2.5240e-01 -2.7130e-01  7.9300e-02  1.7630e-01  1.4740e-01 -1.6350e-01
 -1.3250e-01  1.0000e-03 -1.6410e-01  2.6300e-01 -2.2850e-01  5.2400e-02
 -2.7720e-01  1.9660e-01  2.5760e-01 -2.5060e-01 -9.7400e-02  2.3420e-01
  3.2900e-02 -4.2300e-01 -1.3780e-01  1.3960e-01  1.3100e-02 -6.2200e-02
  9.5700e-02  1.6550e-01 -6.8300e-02  2.7800e-02  2.0320e-01 -1.1030e-01
  1.9230e-01 -2.7770e-01  2.3840e-01 -1.6000e-02  1.4520e-01  1.1000e-02
 -3.8630e-01 -2.2300e-02 -2.7390e-01  2.7050e-01 -5.1420e-01 -1.4440e-01
 -2.1310e-01 -1.5790e-01 -2.0740e-01  3.5400e-02  2.4380e-01 -1.0220e-01
  3.3400e-02 -1.1294e+00 -2.1010e-01 -3.6040e-01  1.5060e-01 -3.7800e-02
  3.0860e-01  1.7350e-01 -2.7370e-01 -2.9450e-01 -1.0190e-01 -2.4240e-01
  1.1310e-01  2.4960e-01  5.7600e-02  1.3190e-01 -4.6960e-01 -7.1500e-02
 -1.7160e-01  1.3170e-01 -4.8570e-01  3.8090e-01  9.4300e-02  2.3490e-01
 -9.1200e-02 -1.5300e-01  2.6540e-01 -5.0310e-01  1.7030e-01 -4.6800e-02
  1.4790e-01  3.8620e-01  2.8640e-01 -8.4300e-02 -1.7190e-01 -4.3920e-01
 -4.6870e-01 -6.5300e-02  5.0650e-01 -7.6100e-02 -2.9410e-01 -1.3820e-01
  2.5830e-01  1.9180e-01  3.4140e-01  4.7800e-02  1.9490e-01 -7.5380e-01
 -4.8300e-01  9.3000e-03 -2.5900e-01 -4.5360e-01 -9.0500e-02  1.6950e-01
 -1.8190e-01 -2.0130e-01  4.5400e-01  1.6570e-01  5.7000e-02  2.8780e-01
  8.7000e-02 -6.2800e-02  4.3100e-02  2.5150e-01 -1.2160e-01 -7.3300e-02
 -2.5640e-01 -6.2900e-02  2.7620e-01  3.7800e-02  4.9300e-02  1.9800e-02
 -7.2030e-01 -6.5100e-02 -9.3100e-02 -1.4680e-01 -1.4810e-01  5.6750e-01
 -1.1240e-01 -1.6580e-01  1.5100e-01  1.0590e-01 -3.9300e-02 -7.6500e-02]","[ 0.2456      0.18720002  0.8725      0.40949999 -0.50829999  0.20430001
  0.1902      0.3732      0.1212      0.70389999 -0.1118     -0.2249
 -0.3086      1.0079     -0.70700002  0.1366      0.48529999 -0.03560001
 -0.99810001  0.4655     -0.08879999 -0.39770002 -1.62720004  0.2506
  0.51850003 -0.4572      0.6127      0.3941      0.44499999 -0.0191
  0.35310001 -0.2299     -0.38830001 -0.5389     -0.0332      0.41069999
  1.39660004  0.2679     -0.1287     -0.3381     -0.355      -0.0203
 -0.0097     -0.0931     -0.39160001  0.69310001  0.04669999  0.1054
 -0.66720001  0.6063      0.2123     -0.2516      0.02379999  0.55329999
  0.027      -0.45609999  0.30540001 -0.8809     -0.1944     -0.45159999
 -0.52759999 -0.55250001 -0.55669998  0.2231      0.3624      0.30619999
 -0.34459999  0.00629999  0.40529998 -0.13070001  0.3509      0.34930001
  0.52849999 -0.1943      0.799       0.1054     -0.37520001 -0.46889999
 -0.34050003  0.039      -0.04020001  0.54389999 -0.60230001  0.3544
 -0.1164     -0.72279998 -1.05290002 -0.32030001 -0.67550001 -1.39899999
 -0.602       0.51929998 -0.47090001  0.6979      0.79170001  0.33009998
 -1.058       0.02679999 -0.12840001 -0.1085      0.1596      0.35560001
 -0.0166     -0.36260001 -0.32319999  0.94749998 -0.2554     -0.9585
 -0.4394     -0.5227     -0.04439999 -0.57910001 -0.10210001 -0.3206
  0.17299999 -0.0328     -0.641       0.03590001 -0.50410001 -0.3921
  0.33239998  0.34730002  1.06510003  0.03440001 -0.8276      0.3691
 -0.192       0.1987     -0.65679997  0.2628      0.0807     -0.4768
  0.47899999 -0.08919999 -0.6038      0.10270001  0.0193      0.27600001
 -0.89790003  0.20720001  0.63300001 -0.2923      0.24170001  0.22519999
  0.9329      0.0412     -0.40330001 -0.42440001  0.5148      0.5575
  0.27390002 -0.75600001  0.8011      0.22209999  1.14989999 -0.69059998
  0.1384     -0.0821      0.56870001  0.29190001  0.1977      0.603
  0.1492      0.37080002 -0.495      -0.68619998 -0.80409999  0.418
  0.2304      0.11930002  0.34090001  0.13850001 -0.03069999  0.24380001
  0.33320002 -0.009      -0.08030001  0.49110001  0.292      -0.32880001
 -0.47830002  0.0416      0.31460001 -0.18840002 -0.48719999  0.0441
  0.1059     -0.403      -0.70219997  0.4368      0.0222     -0.42
 -0.04809999 -0.009       0.103       0.27300001  0.63059999  0.14830001
  0.53380001 -0.3944      0.4561     -0.21700001  0.4773      0.3669
 -0.5149      0.33939998 -0.7918      0.2915     -0.08959998 -0.1508
 -0.72589999 -0.3946     -0.5473     -0.2139      0.5693      0.1333
  0.13520001 -3.29680008  0.07030001 -0.25289999 -0.08809999  0.0811
  0.31460001  0.2282     -0.3815     -0.32969999 -0.0378     -0.32650001
  0.78940002  0.01610002 -0.0542      0.208      -0.8492      0.3292
 -0.66170001  0.2828     -1.28020003  0.94059999  0.0792      0.5498
 -0.88770003  0.2019      0.8934     -0.86839997  0.51690001 -0.33990001
  0.0902      0.53670001  0.04390001 -0.25349997 -0.27410001 -0.93430001
 -0.85380001 -0.17289999  1.05770001  0.32299999 -0.7077     -0.0718
  0.79030001 -0.1617      0.59829999  0.154       0.2542     -0.47719998
 -0.70050001 -0.06950001 -0.5034     -1.00889999 -0.3763      0.10699999
 -0.6934     -0.76990001  0.10679999  0.25420001 -0.09580002  0.57090002
  0.43150001  0.1419     -0.1126      0.38260002 -0.6608      0.52800003
 -0.0282     -0.0876      0.42659998 -0.15190001  0.43710001  0.2724
 -1.23380001 -0.2496      0.04640001  0.10680001 -0.41260002  0.66049999
 -0.29930001  0.04189999  0.12269999  0.4042     -0.0738      0.4553    ]"
