version https://git-lfs.github.com/spec/v1
oid sha256:8180f0b3e378f8b00b9c453d983d422aa7a75269571ca02ab495085c02d17cf6
size 16669
