version https://git-lfs.github.com/spec/v1
oid sha256:052133e9794d06a7d58a87ab130c8c010be4707620dca58c963f59838bc86826
size 45126
