aspect,aspect_vecs,cluster_main_vecs
土産物,"[-1.351e-01 -2.700e-03  1.802e-01 -1.440e-02  4.360e-02 -1.920e-01
 -1.221e-01 -1.011e-01  7.800e-03  6.070e-02  7.390e-02  1.757e-01
  3.250e-02 -4.180e-02 -1.785e-01  1.812e-01  3.370e-02 -1.666e-01
 -1.957e-01  8.450e-02  1.148e-01  1.159e-01 -1.439e-01 -2.700e-02
  9.570e-02  1.245e-01  1.073e-01  7.270e-02 -2.072e-01  4.470e-02
 -1.125e-01 -1.659e-01 -3.670e-02 -1.382e-01  8.100e-02  6.200e-03
 -9.340e-02 -6.640e-02 -1.110e-01  1.700e-03  7.380e-02  1.350e-02
  2.146e-01  6.560e-02  2.110e-02  1.520e-02 -1.210e-02  6.900e-03
 -8.100e-03  1.170e-01  1.284e-01  1.269e-01 -5.310e-02 -6.900e-03
  4.890e-02  2.268e-01  5.490e-02 -1.356e-01  9.740e-02 -2.710e-02
 -3.130e-02 -9.790e-02 -8.520e-02 -6.340e-02  4.180e-02  1.795e-01
 -1.847e-01 -1.051e-01 -8.750e-02 -9.320e-02 -9.040e-02  4.010e-02
  4.950e-02  5.110e-02  3.590e-02 -1.968e-01 -1.296e-01 -3.140e-02
 -8.900e-03 -1.015e-01 -4.200e-02  7.800e-02  8.190e-02 -2.030e-02
  6.550e-02  1.406e-01  7.370e-02  1.720e-01  7.150e-02  9.500e-02
  8.600e-03 -5.310e-02  1.400e-02  1.105e-01  5.470e-02 -7.650e-02
 -1.000e-01  5.720e-02 -1.083e-01 -5.570e-02  1.780e-02  1.952e-01
 -3.630e-02 -2.060e-02  1.570e-01  2.178e-01  2.720e-02 -9.030e-02
 -3.300e-03 -1.050e-01 -1.042e-01 -2.014e-01  9.500e-03  2.440e-02
  9.730e-02  1.391e-01  2.600e-03  1.081e-01  1.751e-01 -1.300e-01
  1.176e-01  5.000e-03 -2.860e-02  1.710e-02 -1.803e-01 -1.375e-01
 -4.090e-02  5.060e-02 -6.360e-02 -1.390e-01  2.360e-02 -1.190e-02
  1.090e-01 -2.925e-01  1.291e-01  1.744e-01  1.215e-01  6.830e-02
 -4.940e-02 -4.750e-02 -1.232e-01  2.240e-02  1.204e-01 -8.320e-02
 -3.630e-02  1.597e-01 -8.190e-02 -9.140e-02 -1.173e-01 -1.149e-01
 -5.290e-02  2.759e-01  1.201e-01 -4.330e-02  1.658e-01 -1.636e-01
 -8.000e-03  1.070e-01  3.140e-02 -2.017e-01 -9.740e-02  1.020e-02
 -4.930e-02 -2.990e-02  7.960e-02  5.910e-02  8.300e-03 -2.508e-01
  2.500e-03  2.370e-02  3.850e-02 -1.320e-02  2.046e-01 -1.029e-01
 -5.070e-02 -3.900e-02  1.540e-02 -6.700e-02  1.410e-01 -7.200e-03
 -5.500e-02 -1.135e-01 -8.250e-02 -7.810e-02  1.822e-01  1.846e-01
 -1.920e-02  9.520e-02  5.920e-02  5.000e-02 -1.960e-02 -1.115e-01
  1.966e-01  3.090e-02  5.030e-02  3.260e-02  1.586e-01 -1.176e-01
  8.800e-03  1.372e-01 -1.530e-01 -1.854e-01  1.820e-02 -1.369e-01
 -5.460e-02  3.570e-02  8.330e-02 -2.400e-02 -1.019e-01 -7.490e-02
 -1.049e-01 -4.100e-03  7.970e-02  8.960e-02  5.000e-04 -2.079e-01
  6.640e-02 -4.812e-01  1.742e-01  7.410e-02 -3.990e-02 -6.940e-02
 -1.166e-01  8.110e-02  9.200e-02 -4.970e-02  2.518e-01 -2.210e-02
  1.137e-01  2.770e-02 -6.190e-02  1.810e-02 -2.330e-01  6.710e-02
  7.770e-02 -1.044e-01 -2.369e-01  4.130e-02  1.290e-02  7.600e-03
  3.560e-02 -6.750e-02  2.476e-01 -2.576e-01 -6.910e-02 -1.036e-01
 -1.373e-01 -7.320e-02  2.910e-02 -1.353e-01  5.890e-02 -2.249e-01
 -5.050e-02 -1.703e-01  8.500e-03 -4.800e-02 -3.630e-02  1.233e-01
  2.828e-01  7.770e-02  2.260e-02  8.090e-02 -2.530e-02  6.900e-02
  1.723e-01 -4.100e-02  1.149e-01 -3.980e-02 -7.410e-02  2.350e-02
  1.284e-01 -1.761e-01  9.430e-02 -1.195e-01  2.000e-04 -7.930e-02
  1.660e-02  1.156e-01 -1.147e-01 -3.470e-02  5.770e-02  3.910e-02
 -1.167e-01 -1.653e-01 -1.007e-01  6.100e-03 -1.463e-01  1.209e-01
  2.330e-02  4.180e-02  4.180e-02 -8.030e-02 -2.954e-01  1.024e-01
 -1.125e-01 -2.355e-01 -1.629e-01 -1.490e-02 -2.000e-03 -6.670e-02]","[-1.09114286e-01 -5.77285725e-02  2.23757144e-01  5.75428578e-02
  2.43714277e-02 -8.09285718e-02 -8.84571437e-02 -1.81571421e-02
 -5.37999988e-02  1.03285722e-02  8.45857140e-02  4.91142848e-02
 -6.22428581e-02 -4.62000000e-02 -1.01257141e-01  8.17142872e-02
  6.48571418e-03 -4.46285723e-02 -1.15857142e-01  5.26000007e-02
  1.02885715e-01  5.91428551e-03 -9.03285732e-02 -2.90857149e-02
  3.49000002e-02 -4.52857145e-03  1.82857045e-03  2.74142876e-02
 -1.23257144e-01  3.91000003e-02 -1.18700001e-01 -8.08428587e-02
  3.72428564e-02 -3.52285715e-02  4.57999996e-02  5.38571585e-03
 -4.27142839e-02  4.98571483e-03 -2.37285713e-02 -1.77999999e-02
  5.34857142e-02  5.89999912e-03  2.72857065e-03 -4.05857132e-02
  2.80857145e-02 -5.88714282e-02 -1.95857143e-02  4.96571428e-02
  2.35428575e-02  2.89714283e-02  1.42714285e-02  5.55428571e-02
 -3.23571435e-02 -2.32714286e-02  6.14285735e-04  2.62571418e-02
  2.39142869e-02 -1.11600000e-01  6.68285718e-02  3.68571361e-03
 -7.07142845e-03 -2.64571436e-02 -5.82999997e-02 -3.67571419e-02
  6.48857132e-02  5.44714294e-02 -8.96857136e-02  2.90000026e-03
  7.65571437e-02  5.93285716e-02 -3.67714290e-02  1.13342858e-01
  5.73285713e-02  2.52714285e-02 -4.27857129e-02 -1.11471431e-01
 -3.20285729e-02 -2.44857147e-02 -5.77142859e-02 -5.07285704e-02
  1.68571402e-03  1.38999999e-01  6.18571489e-03 -2.83857142e-02
  7.68857135e-02  2.16857134e-02 -2.60857136e-02  7.39142873e-02
  4.94857161e-02  1.83857143e-02  6.41857146e-02 -3.46571428e-02
  4.43571431e-02  6.58999998e-02  6.82571412e-02  3.01428565e-03
 -8.76714279e-02  4.37999993e-02 -4.73000016e-02  1.25285718e-02
 -4.87857134e-02  1.38371429e-01  1.16714292e-02 -6.93142848e-02
  7.94857151e-02  1.48642856e-01  6.03714279e-02 -4.28714281e-02
 -2.47571415e-02 -3.39285714e-02 -1.03185712e-01 -9.22285711e-02
  1.30142860e-02  2.60714276e-02  3.29285721e-02  3.14857156e-02
  1.14142848e-02  3.43142865e-02  3.20000002e-02 -1.96571427e-02
 -2.70999995e-02 -9.27142905e-03  7.36999985e-02 -2.43571423e-02
 -4.65571428e-02 -7.07999995e-02 -6.97142862e-02  2.86714274e-02
  4.87714282e-02  2.83142862e-02 -7.65714249e-03 -1.66000008e-02
  9.47142845e-02 -3.94857126e-02  3.87999995e-02  3.60714288e-02
  1.49714290e-02  3.12857157e-02 -9.30999980e-02  2.84857127e-02
 -6.01714291e-02  4.66142850e-02  2.94571426e-02  1.28285712e-02
  1.17057142e-01  1.01571432e-02 -5.20714280e-02 -1.53428568e-02
 -5.16142845e-02 -1.67285715e-02  3.38857146e-02  7.16285723e-02
  5.30857145e-02  2.37999994e-02  8.96000016e-02 -8.51999992e-02
  1.58142860e-02  2.83999999e-02  5.67714293e-02 -5.80857150e-02
 -3.55000009e-02 -1.39857141e-02 -9.80285715e-02  1.50571442e-02
  1.25571432e-02  3.55428565e-02 -8.28999990e-02 -1.26714287e-01
  4.35857148e-02 -6.05714334e-03  3.71000000e-02  2.46142846e-02
  3.59428576e-02 -3.81142859e-02 -2.38142844e-02  1.02000002e-02
  1.41571438e-02  2.77714286e-02  4.98714278e-02 -7.61428580e-03
 -2.03142855e-02 -3.58857151e-02 -9.16714280e-02 -3.23428591e-02
  3.83857134e-02  6.41142839e-02  4.70999992e-02  1.26428570e-01
 -8.47142908e-03 -1.69999995e-02 -3.93428566e-02 -7.97857153e-02
  1.27228572e-01 -7.57142936e-03  5.50857150e-02 -9.99995640e-05
 -3.82857171e-03 -2.48714292e-02 -3.83571429e-02  1.21342856e-01
 -2.26999998e-02 -4.51285708e-02  7.25714254e-03 -7.52999997e-02
 -4.66857143e-02 -5.27428570e-02 -1.55714280e-02 -1.07000004e-02
 -1.78714279e-02 -3.42428570e-02  4.66142840e-02  1.04999994e-02
 -1.62857137e-02  6.45000003e-02 -3.61000003e-02 -1.14714285e-01
  2.90000004e-02 -3.54728575e-01  2.10857141e-02  5.42285704e-02
 -2.68571431e-02 -3.48857140e-02  5.72857174e-03  6.93571419e-02
  3.33428569e-02  2.00571439e-02  6.00142857e-02 -4.91428564e-02
  2.51714290e-02 -7.67142805e-03  5.69000003e-02 -7.25428564e-02
 -2.23899999e-01  6.27999996e-02  2.97999991e-02 -3.23571430e-02
 -1.55314284e-01 -7.91428504e-03 -4.41285719e-02 -4.67142862e-03
  1.34285672e-03 -1.93428565e-02  5.72857150e-02 -1.17657145e-01
 -1.20571423e-02 -1.10142858e-01 -8.42857140e-02  9.21428709e-03
  2.64714286e-02 -1.12271427e-01 -1.99428573e-02 -2.07342859e-01
 -3.36999995e-02  7.57142728e-03  8.02142856e-02 -5.17571435e-02
  2.73428581e-02 -2.07571422e-02  7.72571417e-02  4.28428557e-02
  2.97000017e-02 -3.43857147e-02  4.26285717e-02  6.36714282e-02
 -3.69999989e-02  5.58571411e-03  5.42285711e-02 -8.41714279e-02
 -2.03571431e-02  1.38285708e-02  6.46142856e-02 -6.80999990e-02
  7.55714294e-02  1.00000579e-04  1.05428570e-02 -3.45571435e-02
 -4.53428572e-02  5.28999989e-02 -6.96571433e-02 -1.21285710e-02
  1.41971428e-01  1.45571429e-02 -5.19857130e-02 -4.34857136e-02
  3.65714276e-03 -2.64000002e-02 -2.52571430e-02  3.85285717e-02
  5.87857139e-02  1.86714290e-02  3.38285722e-02 -3.19000000e-02
 -1.26300000e-01  3.74714293e-02 -9.56428573e-02 -1.50942856e-01
 -9.87571422e-02 -2.37142853e-03 -5.71428502e-03 -8.84571411e-02]"
口コミ,"[-1.638e-01 -1.836e-01  2.691e-01  4.580e-02 -1.108e-01 -7.490e-02
  2.970e-02  5.610e-02 -9.700e-02 -1.780e-01  1.542e-01  6.260e-02
  2.070e-02 -7.080e-02 -2.755e-01 -3.700e-02 -6.400e-03  2.185e-01
  6.130e-02  7.280e-02  7.160e-02  1.770e-02 -2.170e-02 -7.300e-03
  6.100e-02  9.380e-02  2.170e-02  9.490e-02 -7.890e-02  8.300e-02
  1.472e-01 -4.700e-03  4.145e-01 -1.338e-01 -4.380e-02  7.390e-02
  6.370e-02  1.227e-01 -9.200e-03  6.650e-02  5.400e-03  1.828e-01
 -3.980e-02  1.359e-01  6.410e-02 -5.210e-02 -8.330e-02 -5.910e-02
  1.730e-02  2.351e-01 -1.085e-01 -6.350e-02  1.318e-01 -9.600e-03
  7.120e-02 -1.600e-03  7.100e-03 -1.302e-01  9.220e-02  3.540e-02
 -2.440e-02  4.510e-02  1.220e-02  4.040e-02  3.890e-02 -1.200e-02
  4.040e-02 -2.400e-03 -1.941e-01  1.711e-01 -1.419e-01 -3.060e-02
  8.490e-02  3.420e-02  6.780e-02 -1.146e-01  1.210e-01  9.300e-02
 -3.740e-02 -3.880e-02  4.340e-02 -1.162e-01 -3.500e-03  2.808e-01
 -3.630e-02  2.550e-02 -4.010e-02 -3.520e-02  9.540e-02  7.300e-02
 -5.300e-02  1.070e-01 -9.950e-02 -5.890e-02  1.159e-01  1.187e-01
 -8.610e-02  1.200e-03  4.450e-02  6.610e-02  7.040e-02  1.994e-01
  9.070e-02 -6.770e-02  3.900e-02  2.045e-01 -6.440e-02 -5.450e-02
 -3.360e-02 -3.960e-02 -1.973e-01 -1.238e-01  2.100e-02  9.700e-02
 -3.400e-02  1.718e-01  9.070e-02 -1.323e-01  2.445e-01 -3.000e-04
  1.420e-02  8.680e-02  1.520e-02 -5.380e-02 -4.730e-02  5.260e-02
 -2.990e-02 -1.820e-02  2.141e-01  1.576e-01  1.336e-01  5.970e-02
  5.810e-02 -9.560e-02 -2.470e-02  1.172e-01  2.730e-02  3.760e-02
  9.900e-03 -6.880e-02 -5.470e-02  1.224e-01 -4.130e-02 -1.740e-01
 -2.250e-02  5.220e-02 -9.840e-02  2.860e-02 -1.318e-01  2.170e-02
 -8.430e-02 -5.760e-02 -4.500e-03 -1.068e-01  1.132e-01  1.500e-02
 -4.330e-02 -7.870e-02  6.450e-02  1.910e-02  1.098e-01  9.940e-02
  5.520e-02 -1.026e-01 -1.962e-01 -1.608e-01 -1.660e-02 -9.620e-02
  5.760e-02  7.800e-03  4.260e-02 -1.300e-03 -6.300e-03  7.140e-02
  8.650e-02 -1.210e-02 -1.046e-01 -4.680e-02  9.430e-02 -1.157e-01
 -1.020e-01 -1.200e-03 -2.136e-01  1.082e-01 -1.073e-01 -1.380e-02
  4.420e-02  2.255e-01  2.570e-02 -6.400e-03 -1.865e-01  4.090e-02
  1.954e-01  3.490e-02  1.210e-02  1.194e-01  2.160e-02  2.600e-02
  1.259e-01 -7.700e-03 -1.008e-01  1.283e-01  3.450e-02 -1.750e-02
  9.010e-02 -4.000e-03  1.106e-01  2.213e-01 -4.560e-02 -2.580e-02
 -9.460e-02  1.394e-01  4.390e-02 -3.660e-02  4.870e-02 -7.860e-02
  3.860e-02 -4.264e-01  1.099e-01 -4.370e-02 -6.090e-02 -7.640e-02
  9.560e-02 -6.210e-02 -6.640e-02  3.513e-01  2.190e-02 -1.772e-01
 -2.820e-02  7.560e-02  1.700e-02 -2.253e-01 -3.765e-01 -9.160e-02
 -1.563e-01 -1.200e-01 -8.490e-02 -8.990e-02 -2.540e-02  5.900e-02
  7.350e-02 -3.100e-02  1.474e-01  3.321e-01  3.040e-02 -1.325e-01
 -8.020e-02 -8.610e-02  5.320e-02 -1.792e-01 -5.760e-02 -1.153e-01
 -5.960e-02  1.720e-02  7.060e-02  3.990e-02 -4.050e-02 -4.100e-02
  4.220e-02  3.167e-01 -6.720e-02  7.750e-02 -1.153e-01 -8.130e-02
 -1.162e-01 -6.660e-02  1.965e-01  2.140e-02  6.360e-02  1.003e-01
 -5.450e-02  1.520e-02 -1.800e-03 -1.397e-01  1.400e-02 -2.840e-02
  4.390e-02  3.140e-02  1.111e-01  4.850e-02  7.650e-02  4.860e-02
  1.735e-01  5.610e-02 -3.550e-02  1.962e-01 -4.810e-02 -7.220e-02
  2.820e-02 -4.980e-02 -1.280e-01 -7.080e-02 -1.736e-01 -9.710e-02
 -7.390e-02 -1.257e-01 -1.195e-01  5.000e-02 -1.352e-01 -1.630e-01]","[-1.03200000e-01 -1.43299997e-01  2.55850002e-01  4.56499998e-02
 -1.95499994e-02 -8.56500007e-02  6.49999827e-04 -1.19499993e-02
 -9.44999978e-03 -7.12500010e-02  1.57499999e-01  1.52149998e-01
  3.91499996e-02 -6.80500008e-02 -2.36050002e-01 -5.57000004e-02
 -5.81999996e-02  2.08700001e-01  3.51499990e-02  4.71000019e-02
  1.51499994e-02 -1.57000003e-02 -3.84499999e-02 -8.45000031e-03
  4.03000005e-02  9.49000008e-02  4.39500017e-02  1.12750001e-01
 -1.96600001e-01  4.29499984e-02  1.41400002e-01  3.67999997e-02
  2.38699999e-01 -1.12399999e-01  1.76499989e-02  1.49998814e-04
  9.09999944e-03  3.70999984e-02  1.38000003e-02  9.67000015e-02
 -1.57000003e-02  3.93999964e-02 -4.95999996e-02  7.11500028e-02
  2.84499987e-02 -2.82499995e-02 -7.06500001e-02  1.73000004e-02
  8.00000021e-03  9.10000000e-02 -6.77499985e-02 -2.08000010e-02
  4.84499987e-02 -8.46999967e-02  1.07249998e-01  3.65000019e-02
  2.62999996e-02 -5.90999993e-02  1.04400001e-01 -2.13999990e-02
  2.13000011e-02  2.99000000e-02  5.19999990e-03  3.04999994e-02
  5.01499996e-02 -5.99500006e-02 -9.40000042e-02 -6.43999970e-02
 -2.35150002e-01  1.62050001e-01 -9.24500022e-02 -1.31000001e-02
  8.89999978e-02 -2.98500005e-02  3.61500001e-02 -1.21950001e-01
  1.27000000e-01  5.59000010e-02 -3.85500006e-02 -4.11000010e-02
  3.56000001e-02 -5.04999980e-03 -5.81000003e-02  2.16950007e-01
  2.61999983e-02  8.92999992e-02 -3.54500003e-02 -5.07499985e-02
  8.19000006e-02  4.24999995e-02  2.85000000e-02  4.46000006e-02
 -2.21999995e-02  1.80500001e-02  7.86500014e-02  1.28499977e-02
 -4.74999985e-02  1.54999999e-02  5.88999987e-02  4.05000006e-02
  8.59999992e-02  2.12249994e-01  2.16000006e-02 -7.51999989e-02
  9.55499988e-02  1.92950003e-01 -1.33000016e-02  2.69500017e-02
 -1.25499992e-02  6.40000030e-03 -1.41950000e-01 -9.87999998e-02
 -2.50000041e-03  6.52500018e-02 -4.05000057e-03  6.70500007e-02
  8.41000006e-02 -1.25100002e-01  1.53149998e-01  5.19999999e-02
  1.08050003e-01  3.65500008e-02  2.65999995e-02 -4.98000011e-02
  1.00000016e-03  4.62999996e-02 -1.49499997e-02 -2.83500003e-02
  2.03450002e-01  1.32700000e-01  4.54999991e-02  5.34500014e-02
 -7.43499994e-02  3.25999968e-02 -5.75500019e-02  7.78500009e-02
 -1.58500001e-02  4.21999991e-02  1.27999997e-02 -3.60500012e-02
 -7.23999981e-02  8.60500000e-02 -1.45499995e-02 -1.34949997e-01
  2.27999985e-02  8.53000004e-02 -5.84499985e-02  1.00499997e-02
 -7.62499981e-02 -1.26999998e-02 -1.47499982e-02 -8.18499997e-02
 -3.37500004e-02 -2.83999983e-02  1.48449998e-01  6.64999982e-03
  6.00000098e-03 -6.32499997e-02 -4.07500006e-02  4.51999996e-02
  8.00002366e-04  4.12499998e-02 -4.71499991e-02 -6.17000004e-02
 -1.15999999e-01 -1.38999999e-01 -3.09499996e-02 -7.82499984e-02
  2.22999994e-02  2.78000003e-02  4.49000001e-02  2.54999992e-03
 -2.08000008e-02  7.01000020e-02 -6.11000024e-02 -9.85000003e-02
 -6.25999989e-02 -5.95500004e-02  4.52500009e-02 -1.33899998e-01
 -4.10999991e-02 -5.39500016e-02 -1.42299999e-01 -4.75000218e-03
 -4.50499989e-02 -3.02999993e-02  1.17449997e-01  2.04850003e-01
 -3.60000134e-03 -2.88999991e-02 -5.31499982e-02 -2.80000083e-03
  9.93499998e-02  1.99999940e-03 -1.73000004e-02  7.40000233e-03
  4.95500006e-02  9.05000046e-03  6.58500001e-02 -2.14499999e-02
 -6.39500003e-02  1.58999972e-02 -1.95500012e-02  1.29999965e-03
  1.74999982e-03 -2.62999998e-02  2.31500007e-02  1.83200002e-01
  9.67999976e-02 -3.78500000e-02 -6.03499999e-02  9.67500024e-02
  2.82000010e-02  3.02000009e-02  3.81000005e-02 -3.96999984e-02
  6.51500020e-02 -4.15800005e-01  4.98499987e-02  6.91499989e-02
 -8.69999994e-02 -1.19099997e-01  9.89999995e-03 -4.11000000e-02
 -6.66499995e-02  2.00750001e-01  1.65499998e-02 -9.93500026e-02
 -7.71000013e-02  7.84999877e-03  4.00000252e-04 -1.18000000e-01
 -3.03600006e-01 -1.15750000e-01 -2.80999951e-02 -1.04349997e-01
 -1.51049998e-01 -8.70500021e-02 -1.82999996e-02  6.24499992e-02
  9.62999985e-02 -6.78499993e-02  7.42000033e-02  1.06800001e-01
  8.46499987e-02 -1.41199999e-01 -7.85000026e-02 -9.60999988e-02
 -2.87000015e-02 -1.24999996e-01  4.92500030e-02 -7.78999999e-02
  8.35000165e-03  9.88500006e-02  2.47500017e-02  3.98500003e-02
 -2.71999999e-02  7.30000027e-02  3.37999994e-02  1.71350006e-01
 -1.37499981e-02  3.43500003e-02 -8.94999988e-02 -7.63499998e-02
 -6.64499998e-02 -2.54000016e-02  1.75999999e-01 -3.80499978e-02
 -3.07499990e-02  6.64999988e-02  3.75000015e-03  3.48499995e-02
 -5.34999988e-03 -1.07549999e-01  4.72499998e-02 -5.99999912e-04
  3.50000151e-03  6.23499993e-02  6.87000016e-02  2.66500008e-02
  1.41800001e-01  4.48499992e-02  2.59499997e-02  4.91000004e-02
  9.80500001e-02  6.32499978e-02 -1.15650000e-01 -6.23499993e-02
  5.15000001e-02 -5.37000000e-02 -7.70000368e-03 -1.06300000e-01
 -1.38900001e-01 -4.20999983e-02 -7.95499980e-02 -6.05999986e-02
 -9.74499993e-02  2.80000083e-03 -6.76999969e-02 -1.33549999e-01]"
シーン,"[-5.160e-02  2.940e-02  2.365e-01  1.092e-01  3.000e-03  1.145e-01
  2.048e-01  1.394e-01 -1.236e-01  1.850e-02  7.670e-02  2.310e-02
 -1.040e-02  6.500e-03 -7.980e-02  3.880e-02 -1.930e-02  2.420e-02
 -1.169e-01 -1.780e-02 -9.320e-02  7.060e-02  1.259e-01  7.420e-02
  3.420e-02  7.970e-02  2.894e-01 -6.630e-02  2.320e-02  2.660e-02
 -5.990e-02 -2.250e-02 -3.880e-02 -9.210e-02  6.910e-02  7.490e-02
  5.110e-02  1.102e-01 -1.891e-01 -6.760e-02  3.940e-02 -9.620e-02
  5.960e-02 -4.900e-03  4.340e-02 -2.940e-02  1.200e-02  8.020e-02
  8.670e-02  1.700e-02 -5.410e-02  9.200e-03  5.810e-02 -5.300e-03
  8.180e-02  1.513e-01  1.390e-02  1.521e-01 -2.220e-02 -7.500e-03
 -7.040e-02 -2.600e-02  7.190e-02  9.410e-02  5.450e-02  9.090e-02
 -9.700e-03  6.340e-02 -2.359e-01  1.450e-01 -1.152e-01 -1.031e-01
 -1.085e-01  1.010e-02  4.560e-02 -1.562e-01 -1.153e-01  1.610e-02
 -1.028e-01  8.900e-02 -1.962e-01 -1.492e-01  7.000e-04  7.640e-02
  6.400e-03  4.320e-02  1.340e-02  7.900e-02  7.050e-02 -1.119e-01
  3.370e-02 -4.830e-02 -3.880e-02  6.700e-03  1.427e-01  2.700e-03
  7.300e-03 -9.340e-02  1.070e-01  6.450e-02 -2.020e-02  2.188e-01
 -5.270e-02  1.580e-02  1.900e-02 -6.200e-02 -1.100e-01  1.022e-01
 -3.010e-02 -7.660e-02 -3.516e-01  3.800e-03  1.288e-01 -5.820e-02
 -4.800e-03 -3.090e-02 -1.840e-02 -3.330e-02  3.200e-03 -1.044e-01
 -7.830e-02 -1.000e-03  1.950e-02 -1.512e-01 -1.700e-02 -5.870e-02
 -9.800e-02 -1.044e-01  1.599e-01 -1.720e-02  4.270e-02 -1.420e-01
 -4.720e-02  4.000e-02  8.320e-02 -4.630e-02 -4.000e-04 -5.810e-02
 -6.290e-02  9.730e-02  5.000e-02 -4.680e-02 -1.890e-02  3.050e-02
  1.507e-01  1.245e-01 -1.122e-01 -2.560e-02 -4.860e-02  3.190e-02
 -8.610e-02  1.936e-01 -9.800e-03  4.250e-02  1.478e-01 -1.890e-02
  1.040e-01  1.348e-01 -5.320e-02  7.330e-02 -2.460e-02 -9.460e-02
 -1.206e-01 -1.556e-01  3.584e-01 -1.022e-01 -1.305e-01  2.920e-02
  9.370e-02  3.600e-03  6.400e-02 -2.950e-02 -7.100e-03 -8.230e-02
  3.940e-02 -2.570e-02 -1.005e-01  3.610e-02  8.770e-02  4.530e-02
  6.150e-02 -1.645e-01 -5.170e-02  5.820e-02 -1.280e-02  8.400e-03
 -5.490e-02  2.031e-01  6.110e-02  2.720e-02  1.008e-01 -4.400e-03
  3.040e-01  1.100e-03  2.048e-01 -9.000e-04  5.910e-02  1.504e-01
 -7.300e-02  7.660e-02  5.550e-02 -3.740e-02 -6.770e-02 -2.700e-02
  3.110e-02  2.900e-02 -5.190e-02 -1.190e-02  1.004e-01 -4.190e-02
 -3.090e-02  3.770e-02  6.100e-02 -3.400e-03 -5.340e-02 -1.450e-02
  4.860e-02 -3.420e-01  1.245e-01 -6.800e-02 -7.210e-02 -3.000e-04
  6.200e-03  9.380e-02  6.240e-02 -1.400e-02  6.770e-02  3.730e-02
  8.940e-02 -4.890e-02  3.720e-02 -9.790e-02 -1.575e-01 -4.940e-02
  3.150e-02  6.570e-02 -1.249e-01  3.360e-02  5.110e-02 -4.920e-02
  3.170e-02  3.300e-03 -1.518e-01 -1.779e-01  1.220e-01 -1.358e-01
 -7.150e-02 -6.380e-02 -3.670e-02 -4.753e-01  1.163e-01 -1.342e-01
 -5.300e-03 -4.940e-02 -3.810e-02 -1.324e-01 -1.397e-01  7.530e-02
  2.590e-02  1.100e-02  5.300e-02 -2.027e-01  4.980e-02  4.630e-02
 -8.450e-02  4.340e-02  1.748e-01 -3.280e-02 -1.180e-02  2.410e-02
 -6.050e-02 -7.490e-02  1.120e-02  2.455e-01 -7.680e-02 -6.160e-02
 -9.720e-02 -1.690e-02 -1.730e-02  1.840e-02  3.210e-02  4.560e-02
  1.870e-02  1.720e-02  6.340e-02  7.180e-02 -8.810e-02 -5.740e-02
  1.176e-01 -1.265e-01  1.660e-02 -6.240e-02 -1.052e-01  9.610e-02
 -4.510e-02  1.057e-01  1.086e-01  2.140e-02  7.700e-03  6.590e-02]","[-5.69500010e-02  2.68000001e-02  2.94849992e-01  5.31000004e-02
  9.94999963e-03  9.33500007e-02  2.19849996e-01  5.18000033e-02
 -1.43300001e-01  1.01099998e-01  1.08400002e-01  3.22500002e-02
 -4.60499986e-02 -7.17000021e-02 -8.86000022e-02  6.55499995e-02
 -1.27500005e-02 -1.18499994e-02 -8.30999985e-02 -1.51499999e-02
 -8.08000006e-02  2.70500015e-02  7.59500004e-02  1.21999979e-02
  7.00000674e-04 -6.74999878e-03  2.17700005e-01 -1.24999993e-02
 -5.40000107e-03  5.17999995e-02 -6.85500018e-02 -2.99500003e-02
 -2.89500002e-02 -3.01500000e-02  6.81499988e-02  1.45000014e-02
  3.73500008e-02  4.84500015e-02 -1.29850000e-01 -6.39999844e-03
  7.79999997e-02  1.08500011e-02  3.07499997e-02  2.31000003e-02
  4.04999964e-03 -8.71000038e-02  8.92500011e-02 -6.85000047e-03
  9.34999809e-03  5.76999988e-02 -6.41999990e-02 -2.53999992e-02
  9.90500003e-02 -3.18999996e-02  5.43499999e-02  8.22499990e-02
  2.36000004e-02  3.00499983e-02 -4.05499991e-02  8.06499983e-02
 -3.51499998e-02 -1.54500003e-02  8.49500000e-02  6.31999988e-02
  1.95999993e-02  9.93999988e-02 -2.83000004e-02  3.10000002e-02
 -1.42200001e-01  1.50399998e-01 -5.42499991e-02 -9.95000005e-02
 -8.30499977e-02  5.46000004e-02  2.14500003e-02 -1.43200003e-01
 -6.82999995e-02  4.66999989e-02 -7.57999979e-02  1.47500001e-02
 -8.21999982e-02 -1.94000043e-02 -2.41000004e-02 -5.30000031e-03
  2.09999993e-03  3.07000009e-02  1.83499996e-02  8.54500011e-02
  1.86999999e-02 -6.91500008e-02  8.55000038e-03 -2.15500009e-02
 -1.42500005e-02  4.59499983e-02  1.13499999e-01  3.44000007e-02
  2.70000005e-02 -7.12000001e-02  6.89000003e-02  4.06499980e-02
 -5.66000007e-02  2.19200000e-01 -1.80000067e-03 -1.73000004e-02
  2.03000000e-02 -2.70999996e-02 -7.12499991e-02  5.02000008e-02
 -2.25999998e-02 -5.06500006e-02 -3.25049996e-01 -4.82499995e-02
  7.70000368e-03 -8.18000026e-02  1.71000003e-02  2.49499986e-02
  1.46499993e-02  8.24999996e-03  4.46999994e-02 -5.12500007e-02
 -7.39500001e-02 -3.13999997e-02  5.49999988e-02 -9.92499981e-02
  2.70000007e-02 -3.95499999e-02 -9.06499997e-02 -8.81999992e-02
  1.23749997e-01 -8.35000028e-03  3.27500002e-02 -9.37500019e-02
  5.91499992e-02  3.58499996e-02  4.76500001e-02 -6.02000020e-02
  4.65999987e-02 -4.56000008e-02  2.14000009e-02  5.45000001e-02
  2.44000003e-02 -3.56499990e-02  4.80000004e-02 -1.64999906e-03
  8.64500012e-02 -5.00008464e-05 -1.26499999e-01 -2.87000006e-02
  5.99000026e-02 -9.06500015e-02 -5.71499988e-02  1.32750001e-01
 -2.37999996e-02 -6.05499987e-02  6.12999992e-02  4.28999998e-02
  4.80500013e-02  5.36500011e-02 -2.79999897e-03  2.44499985e-02
 -7.57500008e-02 -9.01999995e-02 -6.29000000e-02 -2.37999968e-02
  2.72199996e-01 -4.42500007e-02 -6.46500018e-02 -5.70999989e-02
  4.05499996e-02  2.62500003e-02  7.13500008e-02  2.69999988e-02
 -7.10000005e-03 -8.32999982e-02  5.04999999e-02  1.75000075e-03
 -6.66500013e-02 -1.34500004e-02  7.98000023e-02  4.24999930e-03
  3.88500011e-02 -1.23250000e-01 -4.38000001e-02  1.12450004e-01
 -5.44999982e-03 -3.88499987e-02 -4.65000011e-02  1.94899999e-01
  3.98499994e-02 -2.23500011e-02  6.81500006e-02  1.88999996e-02
  2.45149992e-01  2.25000002e-03  1.04399998e-01  3.59999986e-02
  5.20500001e-02  5.62499985e-02 -3.80000100e-03  4.83499998e-02
  2.20000003e-02 -4.43999991e-02 -5.97999990e-02 -3.22500011e-02
 -6.70000073e-03  9.24999965e-03  6.59999996e-02  5.23499995e-02
  6.42000008e-02 -6.17000014e-02  3.44999973e-03  1.22999998e-01
  2.45000003e-02 -8.68500035e-02  2.17500012e-02 -1.18000000e-02
  5.59499990e-02 -3.32550004e-01  5.61499996e-02 -4.91000023e-02
 -2.83499993e-02  9.84999977e-03 -4.98000013e-02  1.83499996e-02
  4.37999992e-02 -2.95000011e-03  6.84500001e-02 -1.25499982e-02
  9.34000015e-02 -2.88500004e-02  5.78999985e-02 -6.10000268e-03
 -1.86849996e-01  7.14999810e-03  2.41999999e-02  1.98500007e-02
 -1.90549992e-01 -3.10999993e-02  6.21000007e-02 -5.66000007e-02
  2.44000005e-02 -2.45999992e-02 -4.99000028e-02 -1.47450000e-01
  1.29650000e-01 -8.85000024e-02 -1.10900000e-01 -1.75999999e-02
  1.00650003e-01 -4.16450009e-01  7.15500005e-02 -1.60600007e-01
  2.64999999e-02 -2.40000009e-02  1.10499989e-02 -7.48500032e-02
 -1.65899999e-01  7.29999989e-02  3.84000009e-02 -6.74999971e-03
 -2.92999987e-02 -1.72550000e-01  2.40500005e-02  6.10500015e-02
 -5.68000004e-02 -7.71000031e-02  1.01549997e-01  2.41000000e-02
 -1.64500000e-02 -8.84999987e-03  5.63999992e-02 -2.89500002e-02
 -1.96000002e-02  1.62749998e-01 -2.55000219e-03 -2.70999998e-02
  8.00000131e-03 -4.61500008e-02 -2.91500008e-02  2.38500005e-02
  1.13350000e-01  5.47500011e-02  4.53499984e-02  5.00000035e-03
 -5.02500013e-02  5.71999997e-02 -6.77500013e-02 -5.93999997e-02
  8.69500004e-02  1.47500038e-02 -3.10499994e-02 -3.68499993e-02
 -7.57999998e-02  1.18850000e-01  7.79999979e-03  6.18500002e-02
  9.18999985e-02  1.10000005e-02 -3.76000013e-02  3.57999990e-02]"
ベニズワイガニ,"[ 6.430e-02 -2.520e-02  2.130e-02 -1.220e-02 -2.300e-02  3.680e-02
 -2.910e-02 -3.460e-02  3.610e-02  2.090e-02  3.860e-02  8.800e-03
 -1.094e-01 -1.580e-02 -2.430e-02 -2.200e-02 -1.860e-02 -4.170e-02
 -6.330e-02 -5.310e-02 -1.550e-02  1.260e-02 -2.210e-02 -5.510e-02
 -1.630e-02  9.470e-02 -4.190e-02  4.290e-02 -6.530e-02  1.670e-02
  6.000e-03 -6.290e-02  6.680e-02  5.250e-02 -8.230e-02  5.550e-02
  7.010e-02  2.770e-02  3.880e-02  3.370e-02 -9.000e-03 -3.290e-02
  9.900e-03 -5.360e-02  4.870e-02 -1.660e-02 -2.560e-02  2.500e-02
 -4.280e-02  2.900e-02  2.550e-02  3.290e-02 -4.570e-02  3.300e-03
  3.770e-02  4.300e-03 -2.610e-02 -7.830e-02  1.330e-02 -1.550e-02
 -1.630e-02 -7.000e-04  2.790e-02  1.730e-02  3.970e-02 -2.650e-02
  1.170e-02 -8.330e-02 -7.690e-02  7.500e-03  1.680e-02  7.700e-03
 -1.160e-02  2.010e-02  4.970e-02 -5.200e-03  5.480e-02  3.810e-02
  8.420e-02 -2.100e-03  1.060e-01 -2.000e-04  1.700e-02 -1.460e-02
  1.710e-02  2.600e-03 -4.320e-02 -2.640e-02  5.100e-03 -3.970e-02
  2.240e-02  7.900e-03 -1.240e-02  5.430e-02 -9.100e-03 -6.670e-02
 -3.870e-02  2.720e-02 -1.000e-04 -1.440e-02 -7.900e-03  1.340e-02
  3.300e-02 -1.150e-02  1.930e-02  2.830e-02  1.010e-02  4.400e-02
  5.670e-02  5.210e-02  1.560e-02  6.400e-03  4.020e-02 -2.900e-03
  1.330e-02  4.580e-02 -2.380e-02 -4.400e-02  1.320e-02 -6.820e-02
  1.350e-02 -2.430e-02 -2.260e-02  1.710e-02  2.440e-02 -2.850e-02
  4.430e-02  1.260e-02 -2.170e-02 -4.950e-02 -4.300e-02  4.270e-02
 -9.000e-03  5.140e-02 -5.350e-02  2.140e-02  2.110e-02  6.050e-02
 -2.620e-02 -4.900e-03  1.820e-02  1.780e-02 -5.210e-02  1.550e-02
 -4.030e-02 -4.920e-02 -2.940e-02  3.610e-02  7.500e-03 -3.000e-02
 -5.320e-02  4.930e-02  7.000e-03 -1.160e-02  2.020e-02 -5.810e-02
  6.160e-02 -1.940e-02  2.800e-02  1.160e-02 -3.760e-02 -2.020e-02
  6.300e-03 -1.510e-02 -9.500e-03 -9.430e-02 -1.420e-02 -6.800e-02
 -1.290e-02  4.970e-02  3.750e-02  4.800e-03  2.620e-02  4.790e-02
 -2.880e-02  9.500e-03  7.500e-03  2.530e-02 -1.110e-02  2.500e-03
 -1.090e-02  6.700e-02  3.860e-02 -4.860e-02  4.800e-03  1.440e-02
 -8.700e-03 -6.500e-03 -1.980e-02 -4.700e-03 -8.500e-03  9.000e-03
  3.800e-03  3.320e-02 -3.150e-02 -5.400e-02 -2.150e-02  2.700e-02
  4.640e-02 -2.230e-02  1.900e-03  1.330e-02 -2.820e-02 -3.120e-02
  3.680e-02 -9.900e-03  4.680e-02  2.460e-02 -5.380e-02 -6.450e-02
 -2.230e-02 -5.100e-03 -6.720e-02 -2.700e-03 -2.640e-02  3.780e-02
 -7.700e-03 -2.207e-01 -3.400e-03  1.170e-02 -1.340e-02  1.430e-02
 -6.440e-02  6.380e-02 -2.410e-02 -3.950e-02 -1.900e-03 -1.690e-02
  6.100e-03 -3.620e-02 -9.260e-02 -2.200e-03 -1.900e-03 -1.170e-02
 -5.700e-03 -2.890e-02 -2.550e-02 -7.210e-02 -3.790e-02  3.540e-02
 -2.300e-03 -6.150e-02  1.109e-01  2.700e-03 -9.600e-03 -4.520e-02
 -9.200e-03  2.410e-02 -2.430e-02  5.500e-03  2.070e-02 -2.650e-02
 -1.810e-02 -3.100e-02 -4.060e-02 -2.500e-03  3.290e-02  5.830e-02
  7.780e-02  7.970e-02  4.170e-02 -2.220e-02  2.650e-02 -1.560e-02
 -1.240e-02 -1.960e-02 -4.700e-03 -4.120e-02 -9.470e-02 -2.000e-03
 -1.800e-02 -1.130e-02 -1.271e-01 -4.650e-02 -3.980e-02  1.760e-02
  8.200e-03 -1.550e-02  1.600e-03 -3.170e-02 -3.750e-02 -4.150e-02
 -3.000e-02  2.270e-02 -6.300e-03  2.970e-02 -2.410e-02  1.970e-02
  4.530e-02  5.560e-02 -3.500e-03  1.640e-02 -7.800e-03  2.140e-02
  2.600e-03  3.260e-02  2.290e-02 -1.500e-02  1.500e-02 -3.880e-02]","[ 0.04985  -0.04065   0.014375 -0.0127    0.005975  0.0291   -0.040825
 -0.024575  0.0263    0.032     0.014575  0.026075 -0.128325 -0.0376
 -0.03465  -0.02125   0.0214    0.032975 -0.127525 -0.03205  -0.006975
  0.01635  -0.085275 -0.036725 -0.008225  0.051525 -0.040475 -0.0237
 -0.035275  0.011825 -0.019825 -0.009525  0.030125  0.036325 -0.034925
  0.0525    0.044    -0.00365   0.040575 -0.001175 -0.01525  -0.015825
  0.076525 -0.00855   0.02165  -0.005575  0.001     0.02175  -0.051
  0.00655   0.0463   -0.00405  -0.0458   -0.009     0.02525   0.019225
 -0.0231   -0.08055   0.023325 -0.014175 -0.0335   -0.017825  0.001075
  0.0309    0.04085  -0.03455  -0.007775 -0.063225 -0.075625 -0.000575
  0.04435  -0.004925 -0.0041    0.03245   0.04335  -0.041125  0.038225
  0.005525  0.07015  -0.0241    0.1322   -0.02135   0.006975  0.0069
  0.009375 -0.0093   -0.006725 -0.005075  0.011725 -0.008725  0.010775
 -0.01485  -0.02245   0.0417   -0.0213   -0.064475 -0.0551    0.058475
 -0.017575 -0.032475 -0.014725  0.023725  0.01135  -0.016975  0.063475
  0.059725  0.01455   0.049875  0.057725  0.024625 -0.01815   0.001575
  0.01165   0.005175  0.01375   0.0512   -0.000525 -0.0173    0.057725
 -0.03655   0.012825 -0.023325 -0.020775  0.037675  0.00075  -0.0513
  0.0241    0.009575 -0.04405  -0.073525  0.001325 -0.011725 -0.062625
 -0.009425 -0.043975  0.064675  0.054075  0.032725 -0.004275 -0.0218
  0.06085   0.004825 -0.0691    0.01965   0.020225 -0.017    -0.01155
  0.022125 -0.010775 -0.021375 -0.0269    0.072125  0.0289    0.009625
  0.0378   -0.035     0.014525 -0.024325  0.02635   0.0099   -0.052425
 -0.033025 -0.021425 -0.034575 -0.001875 -0.057775  0.009275 -0.0955
  0.007125  0.020075  0.0421    0.0151    0.0343    0.012025  0.0087
  0.001575  0.040075 -0.013275 -0.0256    0.0361    0.022     0.03525
  0.021525 -0.081875 -0.01125   0.069725  0.032325 -0.019225 -0.005625
  0.053225  0.031175 -0.02205   0.0158    0.01355  -0.00665  -0.038475
 -0.00425  -0.012625  0.011475 -0.0203   -0.0151   -0.0336   -0.02135
 -0.057475 -0.0041   -0.023875  0.0524    0.019975 -0.02005  -0.058075
  0.05955   0.036775 -0.025825  0.019525  0.017475  0.068675 -0.0075
 -0.326475  0.03285  -0.0149    0.009325 -0.027975 -0.0156    0.057075
  0.003175  0.00085   0.0195   -0.041025 -0.00195  -0.055325 -0.088125
 -0.00445  -0.0781   -0.023275 -0.024975 -0.006225 -0.0719   -0.015475
 -0.08415   0.020125  0.03395  -0.059175  0.095325 -0.029975 -0.0193
 -0.0314   -0.008325  0.029925 -0.02915  -0.00105  -0.003225 -0.061625
 -0.029775  0.0005   -0.014625  0.01145   0.012275  0.0621    0.067275
  0.059925  0.0257   -0.03135   0.04025   0.0343   -0.0273   -0.0338
  0.0041   -0.046275 -0.0783   -0.00905  -0.008325 -0.022225 -0.107425
 -0.060125 -0.032     0.0048   -0.0185    0.011875 -0.027925  0.005125
 -0.061375 -0.013875 -0.034325  0.037275 -0.03135  -0.004675 -0.045325
  0.0029   -0.013525  0.06285  -0.009725  0.0225    0.006125  0.01685
 -0.020325 -0.014275  0.0231   -0.019175  0.02025  -0.052425]"
スーパー,"[ 0.026  -0.0985  0.161   0.0024 -0.0649  0.0525 -0.1146 -0.0441 -0.0219
  0.134   0.0315  0.0702 -0.0492 -0.1183 -0.1163 -0.0107  0.0516 -0.0245
 -0.0408  0.0546  0.0373 -0.0737 -0.0796 -0.0381 -0.1277 -0.0438  0.0455
 -0.0369 -0.0459 -0.0515 -0.0147 -0.0272  0.0476 -0.0053  0.0645 -0.1145
 -0.0305  0.0806 -0.0132 -0.0314 -0.0116 -0.0413 -0.0175 -0.0352 -0.0392
 -0.2035  0.0496 -0.0171  0.0666 -0.0638  0.0093  0.0185 -0.0474 -0.0193
  0.0059  0.0389 -0.0219 -0.0729  0.0026 -0.0677 -0.0195  0.0423 -0.0811
 -0.0281  0.0198  0.0168 -0.0449 -0.0116  0.0204  0.105   0.0592  0.1555
  0.0105  0.0872 -0.0138 -0.043  -0.0056 -0.0179  0.0199 -0.0192  0.0012
  0.0434 -0.035   0.0155  0.0609 -0.0102 -0.0228  0.0358  0.0982 -0.0272
  0.0962 -0.0767  0.0039  0.0466  0.0681 -0.0138 -0.1158 -0.0139  0.0499
 -0.032  -0.0824  0.0296  0.0816 -0.1312  0.0181  0.2383 -0.0086 -0.025
 -0.0155  0.0498  0.1045  0.1381 -0.0693 -0.0479 -0.0301 -0.012  -0.1004
 -0.0051  0.0256  0.0618  0.0169 -0.0661 -0.0015  0.0966 -0.073   0.002
  0.0138 -0.051  -0.0502 -0.0258  0.0205  0.0848  0.1267 -0.0482 -0.0604
 -0.0358  0.061   0.0269 -0.056   0.0283  0.0338  0.0332 -0.0407 -0.0195
  0.0872  0.0421  0.0444  0.0898  0.063  -0.0059 -0.014   0.1091  0.0579
 -0.0576  0.0952 -0.0533  0.119   0.0195  0.0771  0.1221  0.0462 -0.022
  0.0176  0.0093  0.0477  0.0308 -0.0814  0.0233  0.0885 -0.0514  0.0375
 -0.0179 -0.0177  0.0376 -0.0017 -0.028  -0.0242  0.0257  0.0758 -0.0191
 -0.0882 -0.0573  0.0257 -0.0624  0.0073 -0.0342  0.0003  0.004   0.0246
  0.056  -0.0048 -0.0876  0.0493  0.0492  0.149  -0.1207  0.0416  0.0842
 -0.0352 -0.0189  0.0645 -0.0816 -0.0655 -0.06   -0.0113  0.0102  0.0451
  0.0426  0.1323 -0.023   0.0265  0.0193  0.0662 -0.0182  0.1159 -0.0205
 -0.0011 -0.2155  0.0084 -0.0098 -0.0878 -0.0379  0.0454  0.0789  0.019
 -0.028   0.0218 -0.0174 -0.0386  0.0497 -0.0329  0.0131 -0.063  -0.002
 -0.0365 -0.0378 -0.1743  0.0029 -0.0461  0.0646  0.0018 -0.0028  0.0047
 -0.1122 -0.0719  0.0014 -0.035  -0.0603 -0.1643 -0.0078 -0.0335 -0.1635
  0.0509  0.0225  0.0527  0.0313 -0.0681  0.0147  0.049   0.07    0.1038
  0.0981 -0.0383  0.0568 -0.0449 -0.1046  0.1769 -0.1286 -0.0698  0.0331
  0.005  -0.029   0.0413 -0.0502 -0.0142 -0.0161  0.0746  0.1019 -0.0158
  0.0236  0.0203 -0.0422 -0.021   0.1059 -0.0746 -0.0622  0.0564 -0.0088
  0.0301 -0.1717 -0.0799  0.0251 -0.1541 -0.0449 -0.0918 -0.0511 -0.0432
 -0.0569 -0.0324  0.0208]","[-2.64999986e-02 -8.23666664e-02  1.17999999e-01  1.77666674e-02
 -1.44000010e-02  8.29999948e-03 -2.25000009e-02 -2.32666669e-02
  2.05666677e-02  1.87333333e-02  4.80000004e-02  3.26000016e-02
  5.53333356e-03 -2.52333333e-02 -9.58333338e-02  4.76000005e-02
  2.26666670e-03 -2.17999996e-02 -2.71666668e-02  5.24999996e-02
  2.38666671e-02 -5.03333341e-02 -6.41666668e-02 -4.07000005e-02
 -2.68000010e-02 -2.89666665e-02  2.94333330e-02 -2.50000010e-03
 -2.55999995e-02 -1.91000005e-02 -2.79000001e-02 -9.10666666e-02
  3.87333340e-02 -5.00000000e-03  6.18333332e-02 -2.54000005e-02
  1.60000101e-03  3.95666678e-02 -1.04333330e-02 -6.66666155e-04
 -6.29999954e-03  6.06666723e-03  1.64333334e-02 -4.38666673e-02
 -2.87666662e-02 -5.55000009e-02  3.04333335e-02  2.31999997e-02
  3.08333340e-02 -5.50666675e-02  1.67666677e-02  5.83333336e-03
 -3.70000023e-03 -5.46666731e-03 -1.51333346e-02  1.33999996e-02
 -2.42000005e-02 -2.21666656e-02 -7.96666718e-03 -2.49333332e-02
 -2.10999999e-02  2.07333338e-02 -3.60666672e-02  4.23333305e-03
  3.72000001e-02 -1.28333339e-02 -2.09666671e-02 -3.23999993e-02
 -1.99333339e-02  2.63666647e-02  3.90666670e-02  1.02899998e-01
  2.75999994e-02  6.22333325e-02 -1.93666668e-02 -4.29999996e-02
  4.30000015e-03  2.26666659e-02 -2.90000004e-03  2.23666653e-02
 -4.60333333e-02 -1.60333328e-02 -1.82000001e-02 -3.13666662e-02
 -6.66666652e-03  5.08666675e-02 -2.49999996e-02  3.81666661e-02
  9.00000334e-04 -8.80000057e-03  8.70000000e-02 -1.03000011e-02
 -1.15000006e-02  4.06999995e-02  4.09999993e-02  1.69000008e-02
 -9.68999987e-02  2.08333336e-02  9.96666642e-03  1.99999971e-04
 -3.54000007e-02  4.86333327e-02  1.06666675e-02 -1.00466667e-01
  6.56666700e-03  1.37066665e-01 -2.10333349e-02  3.12000010e-02
 -1.77333349e-02  6.03333356e-03  7.23333408e-03  9.41000000e-02
 -5.30000140e-03 -5.18666667e-02 -7.66666637e-03 -1.87666658e-02
 -7.56999999e-02  1.71333339e-02  2.56666665e-02  1.59999977e-03
 -3.32333328e-02 -2.77333336e-02 -1.58999993e-02  2.93666678e-02
  8.50000007e-03 -1.64666680e-02 -3.23333340e-02 -5.65333329e-02
  3.70000054e-03  1.24333325e-02  4.10000011e-02  2.01333327e-02
  8.84999999e-02 -1.20333334e-02 -5.66666663e-02  3.64666668e-02
  3.08333325e-02 -1.29999965e-03  1.64666651e-02 -6.43333296e-03
 -1.33333479e-03 -3.21333334e-02  3.03333315e-03  5.43333342e-03
  7.71333327e-02 -1.13333296e-03  4.84333336e-02  4.59666662e-02
 -2.19666660e-02 -4.65000014e-02  8.00000007e-03  6.35666667e-02
  2.20999997e-02 -9.69999935e-03  8.10000015e-02  1.33666669e-02
  7.09666670e-02 -2.42333331e-02  2.86666672e-02  2.72666673e-02
  3.18999998e-02  1.66666647e-03  3.66999999e-02 -1.79333339e-02
  7.31666672e-02 -5.86666619e-03 -1.15666668e-01 -6.36666629e-03
  2.55333334e-02 -1.20666660e-02  1.46666736e-03 -1.93999996e-02
 -2.19999993e-02 -1.46000003e-02  4.13666674e-02 -9.83333370e-03
 -2.77000001e-02  3.03666653e-02  6.30666688e-02 -2.52666660e-02
 -6.86000014e-02  4.49999993e-02 -3.40000018e-02  5.10000065e-03
  1.95666674e-02 -4.00333342e-02 -7.63333385e-03  5.35666655e-02
 -6.63333324e-03  3.50000014e-02  1.01666665e-02 -9.12333330e-02
  5.18000001e-02  8.66666630e-03  7.15000021e-02 -5.01666665e-02
  2.76333336e-02  3.00000012e-02  9.23333317e-03 -9.86666605e-03
 -5.00000392e-04 -3.14000013e-02  1.04999989e-02  2.15000000e-02
 -2.50666680e-02  2.82999997e-02  2.94333330e-02  3.17333322e-02
  9.68666691e-02 -6.27666656e-02 -4.53666666e-02  2.16666671e-02
  6.10333333e-02 -4.57666658e-02  6.03000000e-02 -3.85333337e-02
 -3.36333346e-02 -2.17633332e-01 -2.66000004e-02 -1.58999995e-02
 -8.64666676e-02 -5.00000082e-04  1.91000005e-02  2.96333340e-02
  3.44666668e-02 -2.11666669e-02  2.00000006e-02  1.99666663e-02
 -1.55333336e-02  3.29999998e-03  7.33333236e-03 -1.70666656e-02
 -4.67000009e-02 -3.51999991e-02  2.51666668e-02 -1.97666660e-02
 -9.41333349e-02 -1.34666651e-02  1.18666648e-02  6.06666661e-03
  2.39000008e-02  3.62666656e-02 -4.66666340e-04 -1.27033331e-01
 -3.65000019e-02 -3.39666672e-02 -3.95000006e-02 -5.57000007e-02
 -6.70333318e-02 -6.44333319e-02  7.70000058e-03 -1.42933329e-01
  3.93333333e-03  5.21666668e-02  2.31000006e-02  2.21666666e-02
  6.36666765e-03  4.06000006e-02  4.99999966e-03  5.82333344e-02
  5.08000000e-02  2.14666662e-02 -4.12666661e-02  2.37999999e-02
 -1.12666666e-02 -6.22333319e-02  1.38766669e-01 -8.01000000e-02
 -4.81999988e-02 -9.16666662e-03 -3.90000052e-03 -1.21666665e-02
 -2.19999999e-02 -8.00000504e-04 -1.43333214e-03 -6.20000002e-02
 -8.43333329e-03  3.32666654e-02 -4.36666670e-02  4.85000002e-02
 -2.99999987e-03  4.49999981e-03 -5.33333359e-03  4.62666663e-02
 -1.24333351e-02 -5.74000006e-02 -2.59999993e-03  3.63333306e-03
 -5.40000076e-03 -6.27333336e-02 -1.41666656e-02 -1.35666663e-02
 -6.87000006e-02 -2.57999999e-02 -1.23766666e-01 -8.14000020e-02
  9.99999543e-04 -2.25333323e-02  3.69999992e-03 -7.56666623e-03]"
サービス,"[-0.0519 -0.0197  0.1609  0.0038 -0.0047 -0.0326  0.0337 -0.0296  0.0378
  0.0223  0.0462 -0.095   0.0657  0.0073 -0.0085  0.0016  0.0196 -0.0246
  0.0181 -0.0904  0.0433 -0.016  -0.0004 -0.015  -0.0463  0.0344  0.106
 -0.0137 -0.0159 -0.0229 -0.065   0.0747  0.0481  0.0271  0.04    0.1179
 -0.0662  0.0221 -0.0471  0.0478 -0.0179 -0.0189 -0.0747 -0.0766  0.0154
 -0.0624 -0.0379 -0.0621 -0.0269 -0.0291  0.0028  0.0196 -0.0035 -0.005
 -0.0398  0.0858  0.0644 -0.0349 -0.0408  0.0359  0.008   0.0106 -0.0081
 -0.0317 -0.0337 -0.0006 -0.0196  0.0316 -0.1128  0.0946  0.0021 -0.0084
 -0.1223 -0.0365  0.0052 -0.0866  0.0437 -0.0666 -0.0238 -0.0038 -0.0566
  0.0341  0.0149 -0.0277 -0.0541 -0.0101 -0.0584  0.0997 -0.049   0.1222
  0.0537  0.0475  0.0235  0.0318  0.1055 -0.0681 -0.03   -0.0077 -0.0094
 -0.0623 -0.0338  0.109   0.0227  0.0643  0.1323 -0.0063 -0.0476  0.0457
 -0.0378  0.0295 -0.1214  0.0029 -0.0207  0.0485 -0.0404 -0.0506  0.0028
 -0.0195  0.1235 -0.0489 -0.0042 -0.005  -0.0935 -0.0493  0.0339 -0.0607
  0.0291 -0.0448  0.0583  0.0447 -0.0328  0.0059  0.0069 -0.0506  0.0064
  0.0405 -0.0037  0.0071  0.0489  0.0132 -0.0293  0.0828  0.0164  0.0134
  0.0703  0.0631  0.0325  0.0119 -0.0894  0.0301 -0.0177  0.0249 -0.0605
  0.0369  0.1717 -0.083   0.0879  0.0111 -0.0122 -0.0203 -0.0465 -0.0617
 -0.0437 -0.0919  0.0119 -0.051  -0.0353 -0.0426  0.0264 -0.058   0.0156
  0.0496  0.0167 -0.0152 -0.0777  0.0412 -0.0558 -0.0754 -0.0388  0.0296
 -0.017   0.0293 -0.0133 -0.0031 -0.036   0.0535 -0.0598  0.1005 -0.0153
 -0.0287 -0.0445  0.026   0.1334  0.0817  0.0041 -0.0461  0.0315  0.0103
  0.0917  0.0255 -0.0351 -0.0243 -0.0189 -0.0243 -0.0005 -0.0294  0.0256
  0.1046 -0.0055 -0.0927  0.0012  0.0168  0.0817 -0.0872 -0.0289  0.0191
  0.0007 -0.2384  0.0439 -0.0009 -0.0563  0.0709 -0.0066 -0.0615 -0.0139
  0.0209 -0.0531 -0.0099  0.0267 -0.097   0.0549 -0.0242 -0.0799  0.0128
 -0.041  -0.0884 -0.0891  0.0235  0.0174  0.0152  0.0063 -0.0733  0.033
 -0.0939 -0.0799 -0.0849  0.0188 -0.0909 -0.0054 -0.0444 -0.0707 -0.0158
  0.0735 -0.0188  0.0585 -0.0265  0.0194  0.0039  0.0189  0.0604  0.0343
  0.0135 -0.0015  0.0305 -0.0544 -0.0084  0.0979  0.035   0.0176  0.0177
  0.0678  0.001   0.0146 -0.0327 -0.0631 -0.0488 -0.0324 -0.0381 -0.0982
  0.0048  0.0236  0.0141  0.0575  0.0216 -0.0674  0.0241  0.0139  0.0621
 -0.0266 -0.0163 -0.0481  0.0292 -0.0194  0.0555  0.0443 -0.0128 -0.064
 -0.0063  0.0277 -0.0543]","[-1.25714285e-02  7.20000013e-03  1.14578571e-01  5.01428568e-03
  2.06214284e-02 -1.48571389e-03  1.34999970e-03 -1.12642858e-02
 -5.97857140e-03  3.14571433e-02  4.98999992e-02 -1.68214282e-02
  1.45714324e-03  1.22857143e-02 -4.66785708e-02  1.52142859e-02
  2.33285717e-02 -2.16785714e-02 -2.28428574e-02 -2.21714287e-02
  2.88357145e-02  2.95857146e-02 -3.48571400e-03 -2.96214293e-02
  7.80714267e-03  5.36428634e-03  1.05642853e-02  2.51428569e-02
 -4.11714280e-02 -8.54285703e-03 -1.55428573e-02  1.06428572e-03
 -1.59500002e-02 -9.52857159e-03 -2.85712803e-05  2.12428569e-02
  6.19999961e-03  5.94285731e-03 -1.57785719e-02  1.25142859e-02
  3.02142840e-03  1.81571426e-02 -8.42142879e-03 -9.83571457e-03
 -2.24857142e-02 -5.19928565e-02 -6.50000426e-04  1.38571485e-03
  2.12642851e-02  3.49071436e-02  2.33571373e-03  9.70714263e-03
  4.89285720e-03  2.54714286e-02  3.32142884e-03 -1.33571403e-03
  2.85785710e-02 -3.01142857e-02 -1.02000004e-02 -2.36428594e-03
  1.49999978e-04 -2.64285708e-02 -3.62857153e-03  1.15142853e-02
 -8.95714294e-03  3.91928574e-02  3.78571517e-04  6.24285665e-03
 -5.16428567e-02  7.71285712e-02  1.82214281e-02 -1.55071429e-02
 -1.67999999e-02  8.73571435e-03 -1.72857146e-02 -5.44214281e-02
 -1.07214286e-02 -2.37857171e-03 -2.03428576e-02 -3.81428589e-03
  1.29285717e-02  1.18571350e-03 -1.87857144e-02 -6.38571415e-03
  5.09285726e-03  2.36428527e-03 -2.48428571e-02  2.59857139e-02
 -6.42142868e-03 -7.87857171e-03  1.31428569e-02  1.07642853e-02
 -1.16428592e-03  2.92285717e-02 -5.00000029e-05 -3.28857143e-02
 -4.11642854e-02 -6.21428583e-03  2.13000000e-02 -1.99928571e-02
 -2.47857149e-03  8.01785705e-02 -1.62928571e-02 -1.02142882e-03
  3.43785715e-02  4.86142859e-02 -2.48571462e-03 -2.99785717e-02
  3.87142855e-03  3.80714273e-03 -6.87071427e-02  2.90785713e-02
  1.55714274e-03  5.59285728e-03 -5.03571519e-03 -1.32571431e-02
 -1.10428571e-02  1.12999998e-02  7.73071430e-02  3.60714253e-03
 -2.35214282e-02 -1.76285713e-02 -9.65714257e-03  2.22999995e-02
 -3.57499998e-02 -3.06785712e-02 -4.16428543e-03 -2.59285709e-03
  3.98357143e-02  2.28714287e-02  7.75714308e-03 -1.41428537e-03
 -3.30785715e-02  3.70714274e-03  9.60000009e-03  1.44928566e-02
 -2.00714301e-03  2.29928572e-02  1.21642857e-02  1.51214284e-02
  2.01857142e-02  6.03285719e-02  3.26357143e-02  3.67142798e-03
  4.58357139e-02  2.79071435e-02 -5.06428664e-03 -1.00928570e-02
 -1.46142856e-02 -2.95714287e-02  2.55928571e-02  1.47571429e-02
 -3.69999989e-03  2.65000029e-03  8.39499995e-02 -2.87142857e-03
  3.86999996e-02  6.28571382e-03  8.20714269e-03 -8.22857174e-03
 -3.74428569e-02 -3.57642858e-02 -3.40714280e-02 -3.28500001e-02
  4.15857143e-02 -2.18357141e-02 -3.25357137e-02 -5.33000002e-02
  2.88714282e-02 -2.13357142e-02 -4.17857098e-03  8.41428584e-03
 -2.17357145e-02  1.73571414e-03 -1.38857138e-02  9.23571408e-03
  1.36214288e-02 -2.81000005e-02 -1.98214288e-02 -9.57857165e-03
 -3.63571424e-03 -2.79928566e-02 -1.08571465e-03 -1.60428572e-02
 -1.07857156e-03  5.82142913e-03  4.52857130e-03  4.99714287e-02
 -8.37142854e-03 -1.45000026e-03 -2.41642860e-02  9.37142862e-03
  6.10714278e-02  4.62142824e-03  6.02714283e-02  1.79999994e-03
  1.65000082e-03 -1.81285716e-02  1.11714287e-02  5.63571329e-03
 -3.78642859e-02  5.44999986e-03 -5.01428539e-03  4.97857099e-03
 -1.68571429e-02 -1.34857143e-02  1.56428535e-03  3.84142855e-02
 -5.42857340e-04 -3.89642851e-02  1.74285713e-02  6.19285693e-03
  5.15928570e-02 -1.34214287e-02  2.60642860e-02  4.28571426e-03
 -1.90714273e-03 -1.90628570e-01 -1.19285720e-03 -2.16785720e-02
 -2.75928568e-02  1.15928574e-02  1.59571428e-02 -8.66428566e-03
 -1.61571432e-02  8.35714300e-03 -2.22642863e-02 -3.99999969e-03
  3.52500000e-02  4.07142398e-04  2.22857144e-02 -1.80928574e-02
 -9.34499991e-02  9.21428736e-04 -2.67857193e-03 -1.86785720e-02
 -8.75571423e-02  8.14285716e-03 -1.51928572e-02  1.25857145e-02
  1.01285716e-02 -1.54428566e-02 -2.86428532e-03 -6.62857146e-02
  5.22142863e-03 -5.01857139e-02 -2.38357142e-02 -4.35214282e-02
  1.09142860e-02 -9.04642856e-02 -8.07142790e-03 -8.06571427e-02
  1.33642862e-02  1.65071430e-02  4.80000004e-02 -8.25714277e-03
  2.68571391e-03  1.25071425e-02  2.14282523e-05  1.62214290e-02
  9.34285673e-03 -1.81428571e-02 -7.27142858e-03 -8.57141401e-05
 -2.13000003e-02  7.47857082e-03  7.91000007e-02  1.66714288e-02
 -1.64928570e-02  3.38214283e-02  7.79999994e-03  1.02714286e-02
 -9.88571439e-03  1.09785722e-02  7.43571399e-03 -2.27857143e-02
  1.63714287e-02 -1.52571427e-02 -3.87500004e-02  7.35714237e-03
  3.60285726e-02 -1.01928565e-02 -1.19999993e-03  4.02928574e-02
 -7.38571454e-03  1.13285712e-02 -1.47571421e-02 -7.62857150e-03
  2.12142889e-03  1.95571430e-02 -3.99285665e-03  2.78357141e-02
 -2.83928572e-02 -1.55714279e-03  1.50500005e-02 -9.21428543e-03
 -7.03571456e-03 -2.04999966e-03  2.50000001e-02 -3.81142851e-02]"
おすすめ,"[ 3.090e-02 -3.300e-02  1.297e-01  5.420e-02  9.530e-02  2.460e-02
  5.210e-02  7.900e-03 -1.540e-02  3.410e-02  7.930e-02  4.240e-02
 -2.130e-02  1.660e-02 -9.110e-02  1.120e-02 -7.430e-02  6.390e-02
 -3.090e-02 -1.000e-03  3.440e-02 -2.710e-02 -1.100e-03 -3.340e-02
  6.500e-03 -5.030e-02 -1.640e-02  1.377e-01  1.550e-02  1.022e-01
  9.000e-03  1.660e-02  7.700e-02  1.430e-02  1.980e-02  1.860e-02
  2.900e-02 -1.920e-02 -1.240e-02  4.360e-02  6.300e-02 -7.900e-03
 -9.730e-02  6.650e-02 -2.460e-02 -4.410e-02 -3.400e-03  2.140e-02
  7.830e-02 -1.010e-02  4.190e-02 -2.630e-02  5.820e-02 -4.680e-02
  1.061e-01  4.410e-02 -3.990e-02  1.390e-02  5.600e-02  3.120e-02
  1.200e-02 -1.550e-02 -8.600e-03 -7.500e-03  3.740e-02  2.980e-02
 -9.700e-03 -4.660e-02 -1.560e-01  6.810e-02  8.450e-02  2.920e-02
 -6.940e-02 -4.400e-03  2.970e-02 -5.060e-02  6.150e-02  2.050e-02
  1.570e-02 -2.030e-02  2.820e-02  6.420e-02 -3.450e-02  6.700e-02
  9.750e-02 -1.440e-02 -1.850e-02  1.087e-01 -5.800e-03  3.180e-02
  7.800e-03 -3.320e-02  2.900e-02 -3.160e-02  5.450e-02 -1.740e-02
 -3.830e-02  1.190e-02  2.830e-02 -3.690e-02  5.130e-02  6.100e-02
 -5.800e-03  3.940e-02 -1.690e-02  1.273e-01 -1.840e-02  2.030e-02
 -5.510e-02 -2.300e-03 -4.320e-02 -3.250e-02  5.890e-02 -2.060e-02
  4.000e-02 -1.440e-02  2.810e-02 -2.970e-02  9.070e-02 -1.570e-02
 -4.800e-02  8.780e-02  4.030e-02 -1.630e-02 -2.590e-02 -5.170e-02
  4.180e-02  3.010e-02  1.626e-01  2.360e-02 -4.600e-03  1.620e-02
  3.000e-03  2.100e-02  5.200e-03 -9.700e-02 -4.800e-03  1.200e-03
 -1.700e-03 -1.050e-02  1.900e-03  6.600e-02  1.310e-02  1.000e-04
  9.520e-02  6.370e-02 -2.580e-02  3.310e-02 -2.260e-02 -5.200e-02
 -4.200e-03  2.680e-02 -6.700e-03  3.780e-02  8.460e-02  2.750e-02
  7.780e-02 -3.900e-02 -4.480e-02 -1.140e-02 -1.650e-02  6.100e-03
 -3.910e-02  4.200e-02 -2.590e-02 -4.000e-04 -2.950e-02  2.250e-02
  4.530e-02  1.300e-03  8.180e-02 -1.750e-02  6.460e-02  4.930e-02
 -4.740e-02 -8.420e-02 -4.170e-02 -1.380e-02  2.020e-02 -7.100e-02
 -3.030e-02 -1.315e-01 -1.183e-01 -2.140e-02 -1.268e-01 -2.750e-02
  4.290e-02  1.740e-01 -4.100e-03  1.450e-02 -3.610e-02 -4.240e-02
 -3.010e-02 -1.180e-02 -2.620e-02  4.460e-02  2.110e-02  2.110e-02
  5.290e-02 -5.000e-04  8.000e-04  6.510e-02 -7.900e-03 -3.360e-02
 -5.790e-02 -6.320e-02  1.029e-01  1.138e-01  6.570e-02  5.780e-02
 -3.960e-02 -2.190e-02 -3.000e-03  2.980e-02 -4.100e-02 -5.310e-02
 -5.100e-03 -1.771e-01 -1.500e-02 -2.090e-02 -3.280e-02 -2.720e-02
  9.800e-03  2.600e-02  1.370e-02  1.097e-01  3.400e-02 -5.620e-02
  8.000e-03 -5.910e-02 -2.400e-03 -1.940e-02 -1.570e-01 -6.620e-02
  3.500e-03 -3.560e-02 -1.546e-01 -1.100e-02  6.960e-02  9.060e-02
  5.420e-02 -1.410e-02 -2.520e-02  1.748e-01  6.040e-02 -4.930e-02
 -3.000e-04  3.590e-02 -8.300e-02 -2.060e-02  2.400e-02 -3.830e-02
 -1.320e-02  6.490e-02 -1.460e-02 -2.690e-02  4.200e-02  3.650e-02
  7.400e-03  4.500e-02  7.930e-02 -3.510e-02 -1.055e-01 -2.700e-03
 -5.300e-03  3.940e-02  7.040e-02 -1.620e-02 -9.200e-02  9.100e-03
 -1.480e-02 -3.600e-03 -5.800e-03  4.420e-02  8.210e-02 -5.980e-02
 -6.580e-02 -5.950e-02 -1.170e-02 -3.900e-03  2.194e-01  1.890e-02
 -6.480e-02 -3.020e-02  1.260e-02  1.043e-01 -2.770e-02  4.730e-02
  2.200e-02  2.080e-02  4.510e-02 -2.800e-03 -4.900e-02  5.800e-03
 -2.210e-02  4.820e-02 -2.350e-02 -6.850e-02 -5.350e-02 -4.880e-02]","[ 1.60499994e-02 -4.76500015e-02  1.66066670e-01  3.98499996e-02
  9.82000007e-02 -2.47333343e-02  2.82166664e-02 -1.59833335e-02
 -4.86999999e-02  2.39833333e-02  6.99833340e-02  6.83166658e-02
 -4.93166670e-02 -1.90000019e-03 -4.73833327e-02  1.93333323e-02
 -1.03333332e-02  1.70000053e-03 -4.81000006e-02  1.35666661e-02
  5.66666674e-03 -9.98333283e-03  1.22833336e-02 -5.09999985e-03
  1.03833329e-02 -3.23833337e-02  1.88333329e-02  9.52333352e-02
  5.16666658e-03  4.31833343e-02 -1.20166677e-02 -1.48833335e-02
  4.46999998e-02  8.66666572e-03  1.87500001e-02  4.43833334e-02
  1.56833336e-02  6.33333499e-04 -1.82166660e-02  8.07166658e-02
  1.17833336e-02  1.93833333e-02 -6.22666664e-02 -4.13333376e-03
 -7.15000027e-03 -6.07000015e-02 -6.28333372e-03 -9.18333294e-03
  3.79499990e-02 -4.41666645e-03  2.83000010e-02 -2.04833342e-02
  4.81166681e-02 -3.80166670e-02  2.82833336e-02  3.40999997e-02
  9.85000003e-03  1.95666668e-02  3.61833343e-02  1.88666665e-02
 -1.38999998e-02 -2.00500001e-02 -1.74999998e-03  3.23166669e-02
  4.86000008e-02 -3.18333320e-03 -9.58333312e-03 -2.16333326e-02
 -6.30000019e-02  4.99500003e-02  2.37166676e-02  1.78166652e-02
 -3.64166657e-02  6.14999964e-03  1.25000003e-02 -6.31999994e-02
  1.43833340e-02  9.99998689e-04  5.41666647e-03  2.50500000e-02
 -6.26666650e-03  5.03333335e-02 -3.81500003e-02  3.51666749e-03
  1.04833324e-02  5.80000070e-03  7.95000031e-03  5.41666653e-02
  2.76833333e-02  1.25833334e-02  2.37000001e-02 -1.77833332e-02
 -1.32333344e-02  2.59833337e-02  2.11000002e-02 -1.73333303e-03
 -3.96333331e-02 -1.04166670e-02  2.84333332e-02 -2.97833324e-02
  1.91166665e-02  8.82166668e-02 -1.49999986e-03  3.64666660e-02
 -7.35000032e-03  3.87166653e-02 -8.98333391e-03 -2.38333348e-03
 -2.83333648e-04  3.69999988e-03 -1.33350000e-01  1.68333373e-03
  2.58333325e-02 -2.28333332e-02 -2.49166678e-02  1.21499998e-02
  1.43666665e-02 -8.83333463e-04  6.95833339e-02  1.12666663e-02
 -1.25166672e-02  7.36666781e-03  6.27999989e-02  1.57333329e-02
 -3.33333372e-03 -3.08333330e-02 -5.53333294e-03  3.65666666e-02
  1.31349999e-01 -4.79999957e-03 -2.94999949e-03 -3.83332837e-04
 -3.43999997e-02 -6.83333306e-03 -3.10666669e-02 -1.34183333e-01
 -1.53999998e-02  3.53499999e-02  1.42999994e-02 -1.69166661e-02
  1.22000003e-02  2.68499996e-02 -1.66669488e-05 -3.21666692e-03
  1.37700001e-01  3.78333321e-02 -2.51666689e-03  5.50000307e-04
 -3.68333360e-03 -3.41333334e-02  2.59333328e-02  2.37333331e-02
  2.68666673e-02 -9.50000870e-04  2.52000000e-02 -6.99999742e-04
  4.24833333e-02  1.76333332e-02 -2.49999886e-04  2.54166671e-02
 -6.01333335e-02 -2.03333337e-03 -2.07833329e-02  2.33666667e-02
 -1.65333336e-02 -9.75000070e-03 -2.10333335e-02 -1.38333325e-02
  2.77166670e-02 -2.93333307e-03  6.26333326e-02 -1.47000002e-02
  1.11666662e-02  2.28500006e-02 -6.16666597e-03 -3.54833333e-02
 -1.21000006e-02 -5.29333319e-02  2.71666669e-02 -5.04500000e-02
  2.95000011e-03 -4.87666683e-02 -8.96666658e-02 -4.32166681e-02
 -8.23499995e-02 -8.61666596e-03  3.60000071e-03  1.77249998e-01
  1.72666670e-02  9.79999934e-03 -1.81499997e-02 -6.96666663e-03
  4.63333329e-02 -2.43166671e-02  2.43499993e-02  1.85000002e-02
  6.05000036e-03 -2.19333336e-02  2.04499996e-02  1.73833324e-02
 -3.26000009e-02  4.27666664e-02 -2.96333339e-02 -2.30000013e-03
 -3.03833326e-02 -2.95999986e-02  2.35166658e-02  7.22499990e-02
  9.42999997e-02 -2.33833335e-02 -1.47666663e-02  1.50166666e-02
  2.21000006e-02  1.58333375e-03 -3.84666665e-02 -1.59500010e-02
  1.47166667e-02 -2.18116668e-01  2.47666662e-02 -1.70666662e-02
 -3.01166683e-02  1.04666667e-02 -1.92499998e-02  2.73333337e-02
 -3.46666743e-03  5.78166670e-02  1.74833336e-02 -4.69000006e-02
  1.31833331e-02 -4.38500000e-02  1.53666667e-02 -2.57333343e-02
 -1.58616665e-01 -2.08666672e-02 -1.60666665e-02 -2.60333340e-02
 -1.37433333e-01  3.79666683e-02  5.17333335e-02  2.17499997e-02
  4.76333330e-02  1.99333329e-02 -4.25833324e-02  2.72999989e-02
  5.66999987e-02 -8.45833334e-02 -3.06666665e-02  9.79999996e-03
 -6.61666606e-03 -9.91499989e-02  1.08000002e-02 -1.03533331e-01
  1.50499991e-02  2.26000008e-02  4.37166661e-02 -1.06999998e-02
  4.02666663e-02  3.40333339e-02  2.58833337e-02  2.12333333e-02
  1.72000004e-02 -4.11500014e-02 -3.22666667e-02  1.82166671e-02
 -4.04499992e-02  1.59666661e-02  5.32333320e-02 -2.52833337e-02
 -2.86166662e-02  2.92166665e-02 -2.18833334e-02 -2.11499996e-02
  1.04833334e-02  8.79999999e-03  1.13333324e-02 -4.12666658e-02
 -3.18833341e-02 -5.14666667e-02 -1.37166675e-02 -7.74999972e-03
  1.22133335e-01  9.63333270e-03 -5.38333443e-03 -1.27000008e-02
  3.81666686e-03  7.48166681e-02 -2.79999998e-03  4.61833344e-02
  2.27833341e-02  1.77499996e-02  3.10999991e-02 -2.83833335e-02
 -7.67000001e-02  3.58666664e-02  2.92000001e-02 -2.28166674e-02
  2.64666658e-02 -6.21333327e-02 -3.89999958e-03 -8.50000419e-04]"
タワー,"[-1.720e-01  5.300e-02  1.805e-01  7.900e-03 -5.900e-02 -8.280e-02
 -1.137e-01 -5.180e-02 -3.800e-03  3.890e-02  7.160e-02 -4.500e-02
 -5.760e-02  5.210e-02 -5.080e-02 -7.220e-02 -5.080e-02  3.590e-02
 -3.650e-02 -3.100e-02  1.222e-01  4.220e-02 -7.040e-02 -7.760e-02
  8.810e-02 -1.368e-01  5.110e-02 -6.190e-02 -1.098e-01 -4.700e-02
  5.600e-03 -6.440e-02  1.800e-03 -4.500e-02 -5.520e-02  4.360e-02
 -1.740e-02  1.094e-01  1.303e-01 -1.702e-01  6.000e-04 -8.260e-02
 -2.553e-01  8.640e-02 -8.960e-02 -2.233e-01 -5.150e-02  1.291e-01
  1.220e-01 -2.705e-01  1.694e-01  1.640e-02  5.400e-03 -1.436e-01
 -7.840e-02  5.140e-02  1.160e-01  4.130e-02  1.143e-01  4.130e-02
  9.120e-02  2.160e-02  7.610e-02  1.138e-01 -5.750e-02  6.890e-02
  2.000e-02 -5.100e-03 -6.050e-02  1.030e-01 -4.160e-02 -3.000e-04
  3.950e-02 -9.100e-03  8.660e-02 -1.221e-01  6.500e-03  5.460e-02
 -1.051e-01 -6.370e-02  1.089e-01 -5.130e-02  5.310e-02 -8.900e-02
  6.790e-02  1.731e-01  1.040e-01 -1.859e-01  5.090e-02  2.800e-02
 -1.000e-03  7.690e-02 -7.610e-02  1.385e-01 -5.320e-02 -2.040e-02
 -8.570e-02 -1.628e-01  3.680e-02 -1.030e-02  5.900e-03  1.344e-01
 -1.252e-01  7.870e-02 -3.170e-02  9.750e-02  9.040e-02 -2.780e-02
  1.753e-01  5.560e-02 -2.020e-02  1.996e-01  6.950e-02 -1.447e-01
 -6.990e-02  1.983e-01 -7.740e-02  2.660e-02  9.210e-02 -1.240e-02
  6.400e-02  1.198e-01  6.790e-02  1.399e-01 -4.700e-02  5.590e-02
  1.900e-03  1.045e-01  7.000e-04  3.040e-02  7.510e-02 -9.400e-03
 -4.600e-03 -8.500e-03 -4.030e-02  4.660e-02  1.330e-02  1.489e-01
 -1.210e-02 -9.970e-02  1.543e-01 -1.189e-01  1.485e-01  5.690e-02
  1.379e-01 -4.160e-02  1.800e-01 -7.460e-02 -3.850e-02 -2.904e-01
  3.920e-02  3.640e-02  1.600e-01  2.220e-02  1.846e-01 -6.590e-02
 -1.804e-01 -1.680e-02  1.600e-02  1.250e-02  1.270e-01 -1.160e-02
 -1.147e-01 -8.520e-02  5.310e-02  1.326e-01 -1.822e-01 -2.789e-01
 -3.000e-04 -9.400e-03 -3.500e-02  1.970e-02 -1.175e-01  1.730e-02
 -4.570e-02  8.830e-02  7.870e-02 -1.950e-02  1.197e-01 -9.530e-02
  1.898e-01 -3.228e-01  7.060e-02  5.150e-02 -1.111e-01  7.110e-02
 -1.160e-01  4.430e-02  6.190e-02 -4.120e-02 -1.709e-01 -4.460e-02
  1.278e-01  9.480e-02  1.529e-01  4.200e-02  6.690e-02  1.280e-02
 -3.850e-02 -3.500e-02 -2.405e-01  9.890e-02  1.197e-01 -3.440e-02
 -7.220e-02  3.830e-02  1.066e-01  1.499e-01 -3.620e-02  1.590e-02
 -6.380e-02  6.510e-02  1.192e-01  7.710e-02  2.484e-01 -9.000e-04
 -3.600e-02 -3.828e-01 -1.302e-01 -2.572e-01 -8.060e-02  3.060e-02
  1.260e-02  2.098e-01  3.120e-02 -4.160e-02  4.500e-02 -2.540e-02
  7.050e-02 -1.270e-01  1.119e-01  6.550e-02 -1.085e-01 -2.107e-01
  1.127e-01 -2.370e-02 -1.923e-01 -2.900e-03  8.600e-02 -1.161e-01
  1.055e-01 -5.600e-02 -2.900e-02 -2.381e-01 -1.437e-01 -1.722e-01
  8.210e-02  6.110e-02  7.020e-02 -1.540e-01  6.010e-02 -2.026e-01
  4.520e-02  2.200e-03  1.399e-01 -1.037e-01  1.905e-01 -3.120e-02
  2.120e-02  6.710e-02  1.264e-01 -7.150e-02  1.861e-01 -9.100e-02
  9.950e-02  3.340e-02  2.025e-01  3.540e-02  1.650e-02 -3.640e-02
 -2.587e-01  7.510e-02  8.830e-02 -6.520e-02  1.249e-01 -7.880e-02
 -1.204e-01 -2.880e-02 -1.287e-01 -2.100e-02 -6.560e-02 -3.100e-02
 -7.100e-02 -3.020e-02  2.380e-02 -7.470e-02  1.158e-01  1.583e-01
 -2.830e-02  5.140e-02  3.880e-02 -8.770e-02  8.310e-02 -1.387e-01
 -1.470e-01 -5.350e-02 -2.150e-02 -9.230e-02 -4.370e-02 -7.930e-02]","[-1.26700002e-01  7.07999980e-03  1.82560002e-01  9.63999927e-03
  2.49400001e-02  3.49999992e-02 -4.58200013e-02 -1.93800017e-02
 -1.62199995e-02  7.76600018e-02  5.32799989e-02  5.46399984e-02
  3.66400003e-02  5.04599998e-02 -1.09820002e-01 -2.40001082e-04
  3.21399996e-02 -2.30000000e-02 -6.85400013e-02 -2.74599995e-02
  8.31399977e-02  2.19799995e-02 -8.83400002e-02 -2.42200002e-02
  2.13599994e-02 -6.36400008e-02  4.00000028e-03  7.97599994e-02
 -5.58400013e-02 -3.69999994e-02  1.39599995e-02 -2.78200001e-02
 -3.06799987e-02  4.46399987e-02  3.62199988e-02  5.84399991e-02
 -2.39599999e-02 -2.39800008e-02  2.08199994e-02  1.62599994e-02
 -8.21999961e-03  7.82600008e-02 -9.78599971e-02  9.45800006e-02
 -1.15720001e-01 -1.32359998e-01 -7.28000014e-02 -2.42600005e-02
  2.69800011e-02 -6.12800010e-02  7.76000172e-03  8.60000029e-04
 -5.13999984e-03 -1.03819999e-01 -3.10400005e-02  9.31999935e-03
  3.12199987e-02  5.87400004e-02  5.51599990e-02 -9.69999938e-03
 -1.80000000e-02 -1.57600001e-02  5.26799999e-02  1.36280001e-01
 -6.51599987e-02 -6.22000098e-03 -3.75599992e-02 -2.54000007e-02
  1.75199997e-02  1.20079998e-01  4.67600010e-02 -4.73999988e-03
 -4.58799969e-02 -7.24199979e-02  4.09999996e-02 -9.71000008e-02
 -1.56200004e-02  4.29999985e-02 -2.82999996e-02  2.17400002e-02
  7.40000233e-04 -4.22399998e-02 -2.96800004e-02 -3.51399995e-02
  6.33999996e-02  3.17199992e-02  9.38000157e-03 -3.40200009e-02
  6.75799999e-02 -2.40400009e-02 -1.57200016e-02 -4.80000079e-03
  7.53999846e-03  8.24400017e-02  3.85200005e-02  2.87800010e-02
 -1.29139999e-01 -1.07159999e-01 -3.71399994e-02 -5.58199994e-02
  2.95799995e-02  1.07679999e-01 -7.83600019e-02  3.13999928e-03
  2.79200010e-02  1.52959999e-01  4.25800001e-02 -4.13199991e-02
  5.56399999e-02  1.83999985e-03 -4.38599993e-02  1.71540002e-01
  6.09800003e-02 -8.94000176e-03  8.55999858e-03  3.73400016e-02
 -9.36200000e-02  6.55000001e-02  6.51600011e-02 -3.86600000e-02
 -1.40600000e-02 -7.00000015e-03 -1.13999844e-03  7.54800003e-02
 -9.99998301e-05 -2.58600011e-02 -1.76000011e-02 -2.05599983e-02
 -3.41000011e-02 -4.74999990e-02  8.45999848e-03  6.21200013e-02
 -4.32399989e-02 -3.63799999e-02  9.39999977e-03 -3.19599986e-02
  2.60199990e-02  5.91200024e-02 -9.00199994e-02  7.83399999e-02
  1.20000005e-02 -2.28000127e-03  5.75399999e-02  7.28199966e-02
  1.62459997e-01 -9.51999938e-03  1.07000004e-01 -7.38400020e-02
 -7.84200005e-02 -9.31999996e-02 -6.05599990e-02 -1.63599998e-02
  9.49999834e-03  3.89600005e-02  1.05359998e-01  5.58000137e-03
 -2.34000012e-03 -8.68000006e-03 -4.48000012e-03 -1.43999960e-03
 -3.44999992e-02 -5.55200016e-02 -1.78800003e-02 -1.31300001e-01
  3.61199993e-02  1.17500000e-01 -1.06679999e-01 -6.46799995e-02
  3.98799998e-02 -2.74200004e-02 -6.51999995e-02 -6.09999821e-03
 -1.05900001e-01  4.35800012e-02 -7.95999803e-03 -5.50200015e-02
  3.25799994e-02  1.51999705e-03  4.19599997e-02 -1.97399992e-02
  6.96799981e-02 -8.06000018e-02  4.56800014e-02 -6.14800006e-02
 -5.91000006e-02 -2.93800030e-02 -1.26780000e-01  3.60000043e-03
 -4.37999994e-02 -5.23799986e-02 -7.40200009e-02  2.80400002e-02
  2.05599998e-02  2.88600020e-02  7.11400016e-02 -4.40799981e-02
  1.00260000e-01  4.12000101e-03  5.60799986e-02  9.31999935e-03
 -6.88400008e-02 -1.28000004e-02  3.19999894e-03  1.10399969e-02
 -8.40400003e-02  4.78600012e-02  2.51000009e-02  3.84599991e-02
  2.89999977e-02  7.09800006e-02 -1.39600003e-02  7.94399979e-02
  3.49000014e-02  1.59199994e-02  1.81400000e-01 -3.28600007e-02
  1.02200011e-02 -3.96720010e-01 -1.43999942e-03 -2.88800001e-02
 -3.88800001e-02  1.64000094e-03  3.19399999e-02  9.24600001e-02
  3.56400007e-02  2.13000003e-02 -5.26999985e-02  1.02399994e-02
  2.65200015e-02 -7.52800021e-02  1.86000089e-03  5.13399992e-02
 -1.52840000e-01 -1.13420001e-01  3.51999998e-02 -4.86799974e-02
 -2.13860004e-01  2.10399988e-02  3.15599994e-02 -1.02119999e-01
  7.37199998e-02  3.59999996e-02  3.44000012e-03 -1.91960000e-01
 -5.38000017e-03 -9.43599969e-02 -3.45000011e-02 -5.57799995e-02
 -2.07199983e-02 -1.13900002e-01  3.87999993e-03 -2.74199998e-01
  1.02060000e-01 -9.85999964e-03  6.80199992e-02 -5.31000001e-02
  1.08559999e-01 -2.45200008e-02 -1.57800013e-02  8.11399989e-02
  5.31799980e-02 -8.48600015e-02  4.51000011e-02 -7.95800023e-02
 -3.73400010e-02 -3.93999983e-03  1.46580005e-01  5.07999994e-03
 -5.05600002e-02  6.06600009e-02 -6.18200034e-02 -6.06000237e-03
  4.82000001e-03 -5.66599991e-02  4.45000004e-02 -5.16399998e-02
 -4.71999999e-03 -3.59999989e-02 -3.80400006e-02  2.41200001e-02
 -4.83999995e-03 -7.60000005e-02 -4.76000048e-03  6.59999531e-04
 -5.12399977e-02 -9.98399980e-02 -5.79999387e-04 -2.42200021e-02
 -2.28000041e-03 -2.89800005e-02  9.75200002e-02 -2.67599992e-02
 -6.57199986e-02 -8.53599973e-02 -8.84399999e-02 -4.63199988e-02
  2.57000003e-02 -4.77000002e-02  4.88200011e-02 -4.21600014e-02]"
ホタテ,"[ 0.061   0.136  -0.0114 -0.0046  0.0119  0.0637 -0.0738 -0.1805 -0.0431
  0.1767  0.0151  0.1454 -0.2305 -0.0656 -0.0424 -0.0455  0.0432 -0.0969
 -0.2093  0.0243  0.0085  0.0594 -0.1815 -0.1057 -0.0021  0.0984 -0.1952
 -0.0905 -0.1012  0.0389  0.0314  0.1524  0.125  -0.0893 -0.1208  0.0525
  0.0073  0.1137  0.2476  0.2574 -0.1068  0.0944  0.0749 -0.2004  0.029
  0.0206 -0.1355 -0.006  -0.0056  0.0447  0.0686 -0.042  -0.0549  0.113
  0.2023  0.104  -0.069  -0.0877  0.0202 -0.1034  0.0163  0.1391 -0.0811
  0.1434  0.2079  0.009   0.0464 -0.0198 -0.0965 -0.078   0.1267 -0.1655
  0.1035  0.0965 -0.041  -0.2257 -0.0538 -0.0471  0.0466 -0.05    0.1093
  0.0614 -0.0138  0.1722  0.0543 -0.0551 -0.0149 -0.0348  0.0912 -0.0236
 -0.0732 -0.0484 -0.0955  0.0671 -0.0531 -0.0381 -0.1647  0.0345 -0.0296
  0.0355  0.0289  0.0761 -0.0922 -0.0184  0.1236  0.1728  0.109  -0.0525
  0.0945  0.0951  0.0224  0.1619  0.0051  0.0734  0.1406  0.0476 -0.0862
 -0.0757 -0.0614 -0.1981 -0.0099 -0.1792  0.0357 -0.0351 -0.1389 -0.1105
  0.0872 -0.0431 -0.1261 -0.1637  0.1401  0.0129 -0.0828  0.0481 -0.0766
 -0.0199  0.2243 -0.0196  0.1218 -0.0368  0.1442  0.1301 -0.0292 -0.0019
 -0.005  -0.098  -0.039   0.0087  0.0105  0.0155 -0.0021  0.0957 -0.0407
  0.191   0.0604 -0.1153  0.0045  0.0509  0.0412  0.0671 -0.1397 -0.0625
 -0.1078 -0.0577 -0.0951 -0.0176 -0.0747 -0.1777  0.0535  0.1298  0.0495
  0.085   0.056   0.0163 -0.0599 -0.0398  0.0449  0.0399 -0.0467  0.138
 -0.0362  0.1832  0.1668 -0.2869 -0.0616  0.1565  0.0133 -0.128  -0.0187
  0.1292 -0.034   0.0708  0.0709 -0.0092  0.0176  0.0024 -0.0097 -0.0589
  0.0571  0.0392  0.0531 -0.1738  0.1089 -0.015  -0.0546 -0.0318 -0.1211
  0.0154  0.0777 -0.0582  0.2309  0.2697  0.0619  0.0603  0.0074 -0.0108
 -0.0218 -0.5144  0.0548 -0.1238 -0.0755 -0.086  -0.0119  0.0452 -0.1357
 -0.1389  0.136  -0.0326 -0.0652 -0.0864 -0.0874  0.0248 -0.2808  0.0052
 -0.0394  0.0912 -0.1704 -0.0886 -0.0538 -0.0584 -0.0279  0.0695  0.1091
 -0.2185 -0.0087 -0.1029 -0.0061 -0.0043 -0.2465 -0.0323  0.0617 -0.2761
  0.0551 -0.02   -0.0353 -0.1151  0.1624  0.0418 -0.0101 -0.0151  0.0709
 -0.0051  0.0299  0.1494 -0.0743  0.0961  0.1393 -0.042  -0.0421 -0.049
  0.0848 -0.1035 -0.2048  0.0045  0.0601 -0.0233  0.0274 -0.1296  0.0187
  0.1771 -0.1358  0.0826 -0.1715  0.2333 -0.1424  0.0187  0.0801  0.0338
 -0.2028  0.1583  0.0304 -0.0172 -0.0299 -0.022  -0.0401 -0.01   -0.0256
 -0.0838  0.154  -0.1249]","[ 4.27500005e-02  4.63375014e-02  1.02362500e-01  2.23500005e-02
  3.24249996e-02  6.31000013e-02 -8.91749996e-02 -6.35125013e-02
 -4.79625009e-02  1.42874999e-01  5.99375006e-02  5.95249999e-02
 -1.61087501e-01 -3.32499982e-02 -8.92125007e-02 -7.33749928e-03
  8.96250005e-02 -2.53875002e-02 -1.93474998e-01 -4.12249996e-02
  3.06249993e-02 -2.49999878e-03 -1.58875000e-01  1.64124984e-02
  6.65625010e-02  4.96624986e-02 -1.35624999e-01 -5.54250004e-02
 -1.10099999e-01 -3.36124997e-02  4.66749996e-02  4.06375004e-02
  1.71500007e-02  2.41374987e-02 -1.08312501e-01  6.86875003e-02
  8.17000003e-02 -6.12498727e-04  4.38000016e-02  6.99000015e-02
  1.39999995e-03  5.48625011e-02  2.78999996e-02 -3.68750006e-02
  1.92625006e-02 -1.02550000e-01 -7.96124996e-02 -1.99499989e-02
  5.84125002e-02  3.11750025e-02  7.56375003e-02  1.35375005e-02
 -6.98875003e-02 -3.62375007e-02  1.06925000e-01  3.38625011e-02
  2.74124998e-02 -8.57499978e-02  4.85250003e-02 -1.04499996e-02
 -5.32500006e-02  3.28875004e-02 -6.04249993e-02  2.83750005e-02
  4.72000015e-02  3.92250012e-02  1.81625003e-02 -2.41249995e-02
 -8.60125023e-02  2.40750000e-02  4.89250002e-02  3.81624992e-02
  1.15999988e-02  8.15249992e-02  2.47499999e-02 -1.14499999e-01
 -1.70000008e-02 -1.29625003e-02  3.55874993e-02  1.41749987e-02
  5.77000012e-02  4.80999978e-02  1.34999969e-03  8.14749990e-02
  5.39375006e-02 -2.09375000e-02 -5.48749995e-02 -2.22875000e-02
  6.16999997e-02 -5.60249982e-02 -3.00875008e-02  2.43125006e-02
 -6.76749984e-02  1.07750000e-01 -1.09125008e-02 -7.80750003e-02
 -1.28537501e-01  6.01500006e-02 -5.66875005e-02 -5.76125000e-02
 -1.54374985e-02  8.68624996e-02 -6.42375012e-02 -5.41749989e-02
  1.29362502e-01  2.14175000e-01  6.39499993e-02 -1.28624984e-02
  2.97250005e-02  2.12500058e-03 -2.05375009e-02  1.17237499e-01
  2.62500544e-04  5.07249996e-02  8.62749997e-02  1.36387501e-01
 -8.23124986e-02 -3.18374998e-02  1.87124997e-02 -5.99874996e-02
  6.44124991e-02 -4.33749987e-02  5.28250004e-02  3.94249994e-02
 -9.24875000e-02 -7.98750005e-02  6.22000009e-02 -6.18750043e-03
 -6.11124997e-02 -2.17125006e-02  6.53749960e-03  1.75500013e-02
 -4.27624991e-02 -9.74999956e-03 -8.99374995e-02 -1.43875001e-02
  1.01325002e-01  2.97000000e-02 -3.24500014e-02 -8.52500054e-03
  4.75500000e-02  2.93000002e-02 -1.63250004e-02 -7.68749977e-03
  3.60624986e-02 -2.20624999e-02  2.79125000e-02 -4.37499926e-03
  1.23875000e-02  6.52500067e-03  5.14375004e-02  1.31674999e-01
  5.10375010e-02  4.56624997e-02  8.31000018e-02 -1.04674999e-01
  4.75875002e-02 -3.26500009e-02 -1.08500004e-02  4.91250017e-02
 -8.84874997e-02 -5.37500015e-03 -4.78750004e-02 -1.03875004e-02
 -5.39000002e-02 -6.07875010e-02 -5.41624993e-02 -2.47874986e-02
  5.82499998e-02  3.41750011e-02  4.58000000e-02  1.90750004e-02
  3.58999982e-02  8.23375001e-02 -1.44750001e-02 -1.95124991e-02
 -4.87375008e-02  8.72000023e-02 -3.66125001e-02 -3.99875017e-02
  1.04962500e-01  2.53874998e-02  1.45387499e-01 -1.15687501e-01
  3.60874999e-02  4.91249979e-02 -7.05749986e-02 -4.16000007e-02
  2.94375012e-02  8.73875008e-02 -7.61499987e-02 -5.36750014e-02
 -2.04999908e-03 -3.79750006e-02  3.27625007e-02 -3.42999992e-02
 -1.17999997e-02 -9.89000003e-02  5.56124991e-02 -7.72374998e-02
  2.70874986e-02 -9.58000016e-02  1.68000004e-02  1.98375007e-02
 -5.02499985e-03 -1.87125001e-02 -1.97499897e-03 -1.91249955e-03
  6.07125012e-02 -9.75874990e-02  7.33500009e-02  8.46249979e-02
  4.81875013e-02  2.47500006e-02  4.07499999e-02  2.13000002e-02
  3.15875004e-02 -5.05462503e-01  9.93999972e-02 -8.38625004e-02
 -3.70124981e-02  1.43749910e-03 -9.91750006e-02  4.02250015e-02
  1.55000063e-03 -4.67499994e-02  1.57000005e-02 -5.62999991e-02
  4.68875001e-02  7.75000808e-04 -5.26249995e-02  1.75874998e-02
 -2.32612503e-01  2.72375001e-02 -3.20500010e-02 -3.69375009e-02
 -1.91350000e-01 -5.07000007e-02 -1.21500002e-02 -1.12124994e-02
  1.66750008e-02 -7.36375011e-02  9.01125006e-02 -1.70712499e-01
  5.88750006e-02 -4.46500000e-02  2.73124999e-02 -2.86625008e-02
 -1.11287500e-01 -3.55749996e-02 -6.31249999e-03 -2.25075002e-01
 -8.26250063e-03 -5.43624987e-02 -2.53750151e-03 -1.90374996e-02
  5.94000008e-02  1.26749997e-02  5.18125007e-02  3.21749997e-02
  5.14375003e-02 -9.31999997e-02 -4.23750049e-03  5.49624995e-02
 -1.42750000e-02 -1.84000006e-02  1.13674999e-01 -4.24750010e-02
 -7.75250008e-02  6.92875000e-02  6.50250007e-02 -5.19374993e-02
 -1.60487500e-01  2.56375005e-02 -2.46250000e-02  1.31749994e-02
 -3.41750018e-02 -1.25019506e-05  1.86999998e-02  7.91250010e-02
 -1.07350001e-01 -3.30500019e-02 -9.49000001e-02  5.20874999e-02
 -6.79999990e-02 -9.10124998e-02  5.31249996e-02 -1.20500004e-02
 -7.22625015e-02  1.35224999e-01 -6.62499457e-04 -4.66875017e-02
  1.85499990e-02  1.66250029e-03 -4.70374996e-02 -2.30625004e-02
 -2.80375009e-02 -7.22500019e-02  1.67250002e-02 -7.99874988e-02]"
併設,"[-6.2300e-02 -2.7820e-01  3.3820e-01  1.1190e-01  3.2900e-01  1.7200e-02
 -2.0000e-03 -2.4000e-02 -1.3620e-01 -3.5040e-01  1.2900e-01  1.3450e-01
 -1.7280e-01 -2.8690e-01  2.8630e-01 -5.0800e-02  1.4780e-01 -8.1900e-02
 -9.1000e-03 -1.0270e-01 -8.6900e-02 -6.9800e-02 -1.0600e-01 -3.4010e-01
 -1.5810e-01 -1.5380e-01 -4.1610e-01  8.6400e-02  2.8400e-01  2.6720e-01
 -4.4040e-01  1.3510e-01 -2.0290e-01 -2.3690e-01  1.8050e-01 -2.7700e-02
 -4.2400e-02 -1.9620e-01 -1.5360e-01 -8.1700e-02  3.2470e-01  1.9260e-01
  7.9500e-02  2.0430e-01 -3.8660e-01  4.4500e-02  9.0000e-04 -1.3720e-01
  2.5150e-01 -1.3480e-01  1.7600e-01  6.5400e-02 -1.3000e-02 -1.8420e-01
  7.0900e-02  1.3900e-01  3.8260e-01 -3.0430e-01  5.1300e-02  5.9800e-02
  4.4700e-02 -1.6650e-01 -2.2150e-01 -2.3350e-01 -1.7320e-01  1.8600e-01
 -1.4640e-01  1.7940e-01 -5.2000e-02 -5.6850e-01  7.6500e-02  1.8880e-01
 -1.0790e-01 -8.6000e-02  6.9000e-02  1.4400e-02  6.7600e-02 -2.2860e-01
 -1.7900e-01 -1.1280e-01  1.0200e-01  1.1870e-01 -1.6250e-01  1.5400e-02
 -1.1470e-01  6.5000e-03 -1.1360e-01  6.0500e-02  6.4200e-02 -1.2650e-01
 -4.3300e-02  2.5410e-01  2.4270e-01  2.0460e-01  2.5910e-01 -6.5700e-02
 -3.7630e-01 -3.5000e-02  2.6000e-02 -3.5560e-01 -1.1260e-01  2.7740e-01
 -3.2100e-02  2.9980e-01  5.5400e-02 -3.5500e-02  1.1770e-01 -1.4070e-01
 -8.5300e-02  3.8700e-02 -2.0950e-01  7.7700e-02  1.1320e-01 -6.7600e-02
  5.2420e-01  1.7040e-01 -9.4100e-02  1.5950e-01  2.2430e-01 -4.6700e-02
  1.7600e-02  1.2850e-01  1.1860e-01  2.7950e-01 -9.5300e-02 -2.0460e-01
  1.0800e-01 -2.7900e-02  7.8000e-02 -8.5700e-02 -2.6700e-02 -3.4580e-01
 -1.5260e-01 -2.1500e-02  2.2250e-01 -1.6180e-01  3.2210e-01  2.3100e-02
 -1.1810e-01 -2.2890e-01  1.2470e-01  7.9100e-02  1.2990e-01 -1.3060e-01
  2.9350e-01  3.3150e-01 -2.5540e-01 -1.5530e-01 -3.7580e-01 -9.5000e-03
  1.2810e-01  2.0150e-01 -2.6170e-01 -3.6400e-01  4.0320e-01 -3.7380e-01
 -1.2740e-01  8.0000e-02  4.1230e-01  1.0860e-01  1.7280e-01  2.4270e-01
 -1.2400e-01 -4.5930e-01  1.8050e-01  1.2330e-01 -3.0940e-01  1.0400e-02
  1.9400e-01 -2.4500e-01  3.2100e-02  3.4300e-02 -3.3000e-02 -3.3930e-01
 -1.4570e-01 -3.6900e-02  2.3480e-01 -2.6120e-01 -3.2200e-02  2.9000e-02
  9.9900e-02 -8.9200e-02 -4.9610e-01 -5.2200e-02  1.0660e-01  1.0180e-01
 -1.0700e-02  3.0770e-01  1.5200e-01 -2.6500e-01  2.3750e-01  1.4300e-01
 -3.6040e-01  1.3780e-01  1.7900e-01 -5.1200e-02  2.7000e-01 -1.8200e-01
  7.0700e-02 -6.6700e-02 -2.2280e-01 -6.5500e-02  1.1190e-01 -4.0880e-01
 -1.3160e-01  3.2900e-02 -1.1300e-02  3.1080e-01 -1.0630e-01 -8.1000e-02
  2.9900e-02 -1.8370e-01 -1.6870e-01  5.2600e-02  1.5700e-01 -2.1510e-01
 -1.0790e-01 -8.0920e-01  9.1600e-02 -1.9100e-02  1.4700e-01 -3.9400e-02
  2.1460e-01  8.4800e-02 -5.0500e-02 -1.2300e-01 -1.9650e-01 -1.0150e-01
  9.6600e-02  1.1840e-01  2.3740e-01  5.6010e-01 -3.1000e-02 -1.4220e-01
  2.5210e-01 -2.6310e-01 -2.5270e-01  5.2150e-01  1.7350e-01 -3.7800e-02
 -7.2600e-02 -2.9000e-03  3.0580e-01 -5.8860e-01 -1.9940e-01 -5.1940e-01
 -3.0190e-01 -1.8920e-01 -4.9600e-02  2.8310e-01 -4.0700e-02 -3.7430e-01
  1.4300e-02  6.0500e-02  8.8900e-02 -5.4300e-02 -1.9490e-01 -8.2400e-02
 -2.0600e-02  4.3300e-02 -1.8420e-01  7.8200e-02 -4.8900e-02 -4.9900e-02
 -3.4500e-02 -5.3000e-01 -1.0090e-01  5.7800e-02 -2.5860e-01 -1.9070e-01
  1.3480e-01 -4.2400e-02 -4.6300e-02 -1.1910e-01 -2.5500e-01 -3.5300e-01
 -8.0700e-02  1.0420e-01 -1.2320e-01 -3.2620e-01  1.2062e+00  4.8000e-03
  1.6260e-01  1.4350e-01  2.0220e-01 -1.3500e-01  5.6900e-02 -2.1030e-01
  1.1650e-01 -1.0010e-01 -6.2200e-02 -8.5200e-02 -3.3400e-01  1.3200e-02
  1.8380e-01  2.3380e-01 -6.4000e-03  1.2700e-01  1.2030e-01 -7.2400e-02]","[-3.48149993e-01 -2.95749994e-01  5.29550016e-01  1.58000011e-02
  2.61199998e-01 -1.34499997e-01  4.01999970e-02  1.69550000e-01
 -7.79499970e-02 -1.70200001e-01  1.64749999e-01  1.51999995e-01
 -2.43000001e-01 -5.14500067e-02  1.65000001e-01  1.00750001e-01
 -1.23499967e-02 -5.97999995e-02 -1.45600003e-01 -7.69500006e-02
 -6.10000007e-02 -7.96000008e-02 -1.28999986e-02 -1.66099995e-01
 -2.34149990e-01 -4.09999974e-02 -1.48349999e-01  1.49800000e-01
  1.10700006e-01  1.42499997e-01 -2.24650005e-01  7.63500035e-02
 -2.64050007e-01 -8.17500008e-02  1.29200001e-01  4.80000116e-03
 -1.12849995e-01 -2.61749992e-01 -6.11000061e-02  8.52499995e-02
  1.90399998e-01  1.53250000e-01  3.14300003e-01  3.52949999e-01
 -2.42699995e-01  3.95500027e-02 -2.79500002e-02 -1.01649999e-01
  1.76900005e-01  9.75000001e-02  5.14499992e-02  9.87999998e-02
  4.09999979e-03  1.32100001e-01  5.94499996e-02 -9.78499944e-02
  2.42700005e-01 -2.98250009e-01  1.65900002e-01 -8.28500055e-02
  2.15000003e-02 -2.17849998e-01 -2.37750000e-01 -1.21650002e-01
 -1.13599999e-01  2.95200005e-01 -8.02500024e-02  1.60299998e-01
  6.55499995e-02 -3.64649992e-01  4.73999991e-02  1.32250002e-01
  1.15500018e-02 -5.23000006e-02  1.20100003e-01 -5.73999984e-02
 -1.11000001e-02 -1.38599997e-01 -2.90250007e-01 -4.51500015e-02
  1.31999999e-01 -8.21500048e-02 -1.33049996e-01 -1.96949992e-01
 -9.86999990e-02  1.81150000e-01 -1.09299999e-01  1.25000011e-02
  1.05299998e-01 -1.63650000e-01 -1.25299998e-01  7.95999952e-02
  5.61499968e-02  2.31100004e-01  1.63699994e-01 -2.21899997e-01
 -3.17000004e-01 -1.82000000e-02 -2.86000017e-02 -2.20850000e-01
  4.06999998e-02  2.30449997e-01  4.39999998e-03  3.00499998e-01
  8.10499983e-02  1.00449997e-01  1.62500000e-01 -1.34799999e-01
 -2.49999948e-03  4.58000014e-02 -1.97500000e-01  9.27999970e-02
  3.25499993e-01 -3.17999985e-02  3.70750010e-01  8.30999968e-02
 -1.03000011e-02  2.09299996e-01  1.58649998e-01 -9.45999986e-02
  2.25999989e-02  4.08000015e-02 -4.48000003e-02  2.35750007e-01
 -2.32699998e-01 -2.08200005e-01 -7.11499969e-02 -1.92199998e-01
  1.63550001e-01  1.77549995e-01 -3.35499998e-02 -2.84850009e-01
 -1.71150003e-01  1.62999984e-02  2.91750005e-01  1.60500016e-02
  2.34100007e-01  1.42450003e-01 -6.40000012e-02 -1.08600000e-01
 -1.34999678e-03  6.44499983e-02  1.26649998e-01 -3.87500040e-02
  9.73000005e-02  2.33549996e-01 -3.03350000e-01 -1.54900004e-01
 -4.27450005e-01 -8.70000026e-02 -2.70500053e-02  1.20449999e-01
 -7.33000017e-02 -3.83399989e-01  3.41499995e-01 -3.13200006e-01
  1.40899997e-01  2.15100005e-01  1.07549993e-01  5.75999990e-02
 -1.69999618e-03  1.38049997e-01 -1.03249999e-01 -2.69550004e-01
  2.44850002e-01  1.55300000e-01 -3.38299989e-01  9.60499994e-02
  8.36500028e-02 -3.49849997e-01  2.84999995e-02  5.23999985e-02
 -2.05500005e-02 -5.67500032e-02 -6.41499963e-02  9.74500012e-02
  1.68349998e-01  1.07899989e-01  9.27000046e-02  6.14000000e-02
  8.93999990e-02 -1.97900001e-01 -3.59450001e-01  4.50000167e-04
  1.84000004e-02 -7.52000017e-02 -8.81499993e-02  3.14150007e-01
  1.02549997e-01 -3.62149999e-01  1.87050000e-01  1.57600006e-01
 -1.36399996e-01  8.72499966e-02  2.50800006e-01 -3.91999993e-02
  2.11650009e-01 -1.32250000e-01  9.19999965e-02 -6.85000001e-02
 -2.18550002e-01  2.17899997e-01  9.16000009e-02 -2.55550003e-01
 -1.69000067e-02 -7.96499974e-02 -4.23000003e-02  3.81699987e-01
 -2.94999983e-02 -4.16999999e-02  7.60500003e-02 -8.84499997e-02
 -1.44649997e-01 -5.55000000e-02  1.73450004e-01 -1.25600002e-01
 -8.61000018e-02 -9.58799981e-01 -8.13500024e-02 -1.83800006e-01
 -3.99999321e-04 -7.65000004e-03 -8.95000249e-03  1.06700000e-01
 -8.08500019e-02 -2.14299999e-01  8.89000008e-02 -3.13999979e-02
  1.66899999e-01  2.32400007e-01  2.22150000e-01  3.35600011e-01
 -2.22750006e-01 -5.84499964e-02  1.87699992e-01 -2.75600001e-01
 -3.76650006e-01  4.50349994e-01  1.87049999e-01 -1.43199997e-01
 -5.60499998e-02 -2.08499996e-02  2.21749998e-01 -4.62799989e-01
 -9.57499961e-02 -3.80999999e-01 -2.95299999e-01 -2.80250002e-01
 -2.07149995e-01 -1.62999965e-02  7.49999657e-04 -3.21550004e-01
 -1.83999967e-02  1.10949999e-01  1.47150002e-01  2.59500016e-02
 -2.43900003e-01  1.93499960e-02  9.20000114e-03 -9.97499982e-02
 -6.90500028e-02 -3.35500035e-02  6.86499998e-02 -2.93499993e-01
  1.21049998e-01 -5.85499927e-02  1.44400004e-01 -1.88000007e-02
 -1.11449998e-01 -6.61499980e-02 -4.65000095e-03 -2.17549997e-01
  7.03999973e-02  2.08199993e-01 -1.73899995e-01 -2.52149994e-01
  5.36999982e-02  3.21499966e-02 -1.12849999e-01 -2.13200005e-01
  9.42899987e-01  6.40500006e-02  1.13999996e-01  8.51000026e-02
  1.89499997e-01 -9.61500015e-02 -1.24299994e-01 -3.01500019e-02
 -7.35999993e-02 -1.91000008e-01 -1.17600000e-01 -1.49499984e-02
 -4.84899998e-01  9.89499986e-02  1.25299998e-01  2.46499996e-02
  2.10599996e-01  1.04650002e-01  1.60250004e-01  5.25499992e-02]"
駅車,"[-7.97000006e-02 -8.59000012e-02  4.28000003e-01  4.67000008e-02
 -1.55699998e-01  1.05000004e-01 -2.96299994e-01 -5.43200016e-01
 -4.27000001e-02  1.57999992e-01 -6.71999976e-02  1.00499995e-01
 -3.21500003e-01 -4.59699988e-01 -7.27900028e-01  2.45200008e-01
  2.79000014e-01  5.24000004e-02 -3.47499996e-01  4.72000018e-02
  1.33200005e-01  2.03000009e-02 -6.43000007e-01  6.70999959e-02
 -4.78000045e-02 -2.36199990e-01  2.89499998e-01  2.52099991e-01
  1.29900008e-01 -4.19600010e-01 -2.11399987e-01 -2.90199995e-01
 -3.89999896e-03 -4.93000001e-01  5.14699996e-01  2.63399988e-01
 -6.30999953e-02  5.95999956e-02  3.33800018e-01 -2.78999984e-01
  3.42999995e-02 -1.50600001e-01 -8.50000232e-03  3.67599994e-01
 -2.38900006e-01  2.11199999e-01 -1.05999999e-01  7.40000010e-02
 -1.42499998e-01 -4.26999986e-01 -1.88800007e-01  1.22900002e-01
  9.08000097e-02  2.51400024e-01 -1.16800003e-01  1.31500006e-01
 -2.05999985e-02 -4.68699992e-01  2.41699994e-01  8.35999995e-02
 -1.28800005e-01 -1.13600001e-01  4.11000028e-02  4.50999960e-02
 -2.51300007e-01 -2.69199997e-01 -9.25999954e-02  1.78600013e-01
  2.74999999e-02  1.63000003e-01  1.40000001e-01  2.59999987e-02
 -6.81000054e-02 -2.39399999e-01  1.25000000e-01 -2.52700001e-01
 -2.70799994e-01 -1.43999979e-02 -1.79800004e-01 -1.30199999e-01
 -3.12799990e-01  1.64400011e-01 -1.43500000e-01 -4.78999987e-02
  1.66999996e-01 -1.24000013e-02  1.95600003e-01 -9.05000120e-02
  5.14999926e-02 -4.50100005e-01 -1.71400011e-01  8.13999996e-02
  2.23499998e-01  4.19299990e-01 -1.61699995e-01  2.04300016e-01
 -6.35699987e-01  2.57800013e-01  2.24099994e-01 -1.75099999e-01
 -2.54399985e-01  7.73499966e-01  5.11000045e-02  5.97999990e-02
 -7.59999827e-03  5.05400002e-01 -2.09099993e-01  1.03500001e-01
 -1.42300010e-01 -1.06100000e-01 -3.52899998e-01 -2.05300003e-01
  5.16399980e-01 -2.79799998e-01  3.73000018e-02 -2.65900016e-01
 -2.50800014e-01 -1.77700013e-01  3.73099983e-01 -7.03999996e-02
 -9.88999978e-02  1.90999992e-02  1.90800011e-01 -1.27499998e-01
 -3.47700000e-01  1.51999965e-02 -2.39999965e-03  1.48699999e-01
 -5.65599978e-01  1.50199994e-01  2.05300003e-01 -8.72000009e-02
 -7.72000030e-02  1.67299986e-01  5.48000000e-02  7.51199961e-01
  1.14900008e-01  1.54499993e-01 -1.75200000e-01  2.49999762e-03
 -3.40300024e-01  1.05699994e-01  3.44000012e-02 -9.87000018e-02
  9.92100000e-01 -1.76300004e-01 -1.95600003e-01 -1.18199989e-01
  1.33900002e-01 -1.97699994e-01  9.71999988e-02 -1.53099999e-01
  4.69399989e-01  1.31999999e-02  7.67499983e-01 -2.57900000e-01
  1.73299998e-01  2.39199996e-01 -8.66000056e-02  1.41999982e-02
  1.65200010e-01 -1.07799999e-01 -4.54999991e-02 -1.13300003e-01
 -1.12900004e-01 -2.30400011e-01 -5.08000016e-01  2.56099999e-01
  2.92999987e-02  2.21599996e-01 -1.15800001e-01 -2.86999978e-02
  4.90500003e-01  1.25299990e-01 -1.69900000e-01  1.97799996e-01
  2.08600000e-01  6.25000000e-02 -3.17400008e-01  3.32900017e-01
 -2.02700004e-01 -8.00799966e-01 -2.79300004e-01  2.57699996e-01
  1.10000372e-03  5.82199991e-01 -6.43000007e-02  5.69999963e-03
  1.08600006e-01 -1.82000007e-02  1.80700004e-01 -9.96000022e-02
  8.55599999e-01  1.42900005e-01  3.38400006e-01  1.88999996e-02
  1.07999891e-02  3.53900015e-01  1.86700001e-01  3.75999987e-01
 -3.29200000e-01  1.70599997e-01  3.48300010e-01  3.56999971e-02
 -8.94999951e-02 -1.77000001e-01  2.26500005e-01  7.65100002e-01
  1.84300005e-01 -5.42999990e-02 -3.26200008e-01  9.08000022e-02
 -4.64900017e-01 -2.07000002e-01  1.76599994e-01 -2.93300003e-01
  1.29599988e-01 -1.75080001e+00  2.78999954e-02  1.40600011e-01
  9.65999961e-02  9.19999927e-03  1.48999989e-01  6.98999986e-02
  1.59299999e-01  8.73999968e-02  4.41000015e-02  2.89299995e-01
 -2.25000009e-02  1.56100005e-01  1.34400010e-01 -1.49899989e-01
 -3.78199995e-01 -2.85200000e-01 -6.40999973e-02 -2.25199997e-01
 -8.58799994e-01 -1.50000006e-02  1.99800000e-01  3.64199996e-01
 -3.59000042e-02 -8.39999989e-02  4.21400011e-01 -7.86700010e-01
  3.41700017e-01 -3.30799997e-01 -2.30199993e-01  7.58999959e-02
 -3.92500013e-01 -1.25329995e+00 -3.79700005e-01 -6.94499969e-01
 -1.76200002e-01 -5.32299995e-01  8.35999995e-02  4.12500024e-01
 -3.03000003e-01 -7.48999938e-02 -1.28600001e-01  3.79599988e-01
  3.39699984e-01  1.93200007e-01 -5.44999912e-02  9.47999954e-02
 -1.45700008e-01 -2.57999990e-02  8.61999989e-02 -4.82999980e-02
  3.82800013e-01  1.10500000e-01 -1.00700006e-01 -1.13699995e-01
 -2.23999992e-02  6.52000010e-02  1.51400000e-01 -7.13999942e-02
 -5.79999983e-02  3.40299994e-01 -1.05299994e-01  2.36999989e-02
 -1.62000000e-01  2.01499999e-01 -2.19999999e-03  1.99200004e-01
 -6.05999976e-02 -8.52699995e-01 -2.30899990e-01  1.43800005e-01
 -7.86999986e-02  1.71599999e-01  4.22100008e-01  5.96999973e-02
 -2.54900008e-01 -9.80000105e-03 -7.46199965e-01 -2.04400003e-01
 -2.81300008e-01  4.25399989e-01  3.59000005e-02  1.53200001e-01]","[-3.98500017e-02 -4.29500001e-02  2.14000002e-01  2.33499997e-02
 -7.78500028e-02  5.25000039e-02 -1.48150004e-01 -2.71599993e-01
 -2.13499994e-02  7.89999962e-02 -3.35999988e-02  5.02499975e-02
 -1.60750007e-01 -2.29850002e-01 -3.63949999e-01  1.22600004e-01
  1.39500001e-01  2.62000002e-02 -1.73749998e-01  2.36000018e-02
  6.66000029e-02  1.01500005e-02 -3.21499996e-01  3.35499989e-02
 -2.39000022e-02 -1.18099997e-01  1.44749999e-01  1.26049994e-01
  6.49500005e-02 -2.09799998e-01 -1.05699994e-01 -1.45099998e-01
 -1.94999948e-03 -2.46500000e-01  2.57350005e-01  1.31699996e-01
 -3.15499976e-02  2.97999987e-02  1.66900001e-01 -1.39500000e-01
  1.71500002e-02 -7.52999987e-02 -4.25000116e-03  1.83800001e-01
 -1.19450003e-01  1.05600000e-01 -5.29999994e-02  3.70000005e-02
 -7.12500010e-02 -2.13499993e-01 -9.43999998e-02  6.14500009e-02
  4.54000048e-02  1.25700007e-01 -5.84000014e-02  6.57500015e-02
 -1.02999993e-02 -2.34349996e-01  1.20850001e-01  4.17999988e-02
 -6.43999986e-02 -5.68000013e-02  2.05500005e-02  2.25499980e-02
 -1.25650000e-01 -1.34600002e-01 -4.62999986e-02  8.93000029e-02
  1.37500004e-02  8.15000036e-02  7.00000011e-02  1.29999993e-02
 -3.40500027e-02 -1.19700000e-01  6.25000000e-02 -1.26350006e-01
 -1.35400000e-01 -7.19999894e-03 -8.99000019e-02 -6.50999993e-02
 -1.56400003e-01  8.22000019e-02 -7.17500001e-02 -2.39499994e-02
  8.35000016e-02 -6.20000064e-03  9.77999989e-02 -4.52500042e-02
  2.57499963e-02 -2.25050002e-01 -8.57000016e-02  4.06999998e-02
  1.11750000e-01  2.09649995e-01 -8.08499977e-02  1.02150008e-01
 -3.17850001e-01  1.28900003e-01  1.12050001e-01 -8.75499994e-02
 -1.27199996e-01  3.86749998e-01  2.55500022e-02  2.98999986e-02
 -3.79999913e-03  2.52700008e-01 -1.04549998e-01  5.17500006e-02
 -7.11500011e-02 -5.30500002e-02 -1.76450003e-01 -1.02650004e-01
  2.58199990e-01 -1.39899999e-01  1.86500001e-02 -1.32950000e-01
 -1.25400005e-01 -8.88500027e-02  1.86549999e-01 -3.51999998e-02
 -4.94499998e-02  9.54999961e-03  9.54000019e-02 -6.37500007e-02
 -1.73850000e-01  7.59999827e-03 -1.19999982e-03  7.43500013e-02
 -2.82799996e-01  7.50999991e-02  1.02650000e-01 -4.35999986e-02
 -3.86000015e-02  8.36499967e-02  2.74000000e-02  3.75599995e-01
  5.74500030e-02  7.72499982e-02 -8.76000002e-02  1.24999881e-03
 -1.70150004e-01  5.28499968e-02  1.72000006e-02 -4.93499991e-02
  4.96049985e-01 -8.81500021e-02 -9.77999996e-02 -5.90999965e-02
  6.69500008e-02 -9.88500006e-02  4.86000003e-02 -7.65499994e-02
  2.34700002e-01  6.59999996e-03  3.83749992e-01 -1.28949993e-01
  8.66499990e-02  1.19599998e-01 -4.33000010e-02  7.09999911e-03
  8.26000022e-02 -5.38999997e-02 -2.27499995e-02 -5.66500016e-02
 -5.64500000e-02 -1.15200004e-01 -2.54000001e-01  1.28049996e-01
  1.46499993e-02  1.10800002e-01 -5.79000002e-02 -1.43499989e-02
  2.45250002e-01  6.26499970e-02 -8.49500000e-02  9.88999996e-02
  1.04300000e-01  3.12499995e-02 -1.58700004e-01  1.66450005e-01
 -1.01350001e-01 -4.00399998e-01 -1.39650007e-01  1.28850002e-01
  5.50001860e-04  2.91100003e-01 -3.21499994e-02  2.84999982e-03
  5.43000009e-02 -9.10000037e-03  9.03500021e-02 -4.98000011e-02
  4.27800000e-01  7.14500016e-02  1.69199999e-01  9.44999978e-03
  5.39999455e-03  1.76950000e-01  9.33499984e-02  1.87999994e-01
 -1.64600004e-01  8.53000004e-02  1.74150001e-01  1.78499985e-02
 -4.47499985e-02 -8.85000024e-02  1.13249999e-01  3.82549994e-01
  9.21499990e-02 -2.71499997e-02 -1.63100000e-01  4.54000011e-02
 -2.32450001e-01 -1.03500001e-01  8.82999972e-02 -1.46650001e-01
  6.47999980e-02 -8.75400007e-01  1.39499977e-02  7.03000035e-02
  4.82999980e-02  4.59999964e-03  7.44999964e-02  3.49499993e-02
  7.96500016e-02  4.36999984e-02  2.20500007e-02  1.44649997e-01
 -1.12500004e-02  7.80500011e-02  6.72000037e-02 -7.49499984e-02
 -1.89100005e-01 -1.42600000e-01 -3.20500000e-02 -1.12599999e-01
 -4.29399997e-01 -7.50000030e-03  9.98999998e-02  1.82099994e-01
 -1.79500021e-02 -4.19999987e-02  2.10700005e-01 -3.93350005e-01
  1.70850005e-01 -1.65399998e-01 -1.15099999e-01  3.79499979e-02
 -1.96250007e-01 -6.26649991e-01 -1.89850003e-01 -3.47250000e-01
 -8.80999984e-02 -2.66149998e-01  4.18000007e-02  2.06250004e-01
 -1.51500002e-01 -3.74499983e-02 -6.43000007e-02  1.89799998e-01
  1.69849999e-01  9.66000007e-02 -2.72499956e-02  4.73999996e-02
 -7.28500001e-02 -1.28999997e-02  4.30999994e-02 -2.41500000e-02
  1.91400003e-01  5.52500002e-02 -5.03500011e-02 -5.68499975e-02
 -1.11999996e-02  3.26000005e-02  7.56999999e-02 -3.56999985e-02
 -2.90000001e-02  1.70149995e-01 -5.26499972e-02  1.18499994e-02
 -8.10000002e-02  1.00749999e-01 -1.09999999e-03  9.95999984e-02
 -3.02999988e-02 -4.26349998e-01 -1.15449997e-01  7.19000008e-02
 -3.93499993e-02  8.58000014e-02  2.11050004e-01  2.98499987e-02
 -1.27450000e-01 -4.90000052e-03 -3.73099998e-01 -1.02199998e-01
 -1.40650004e-01  2.12699994e-01  1.79500002e-02  7.65999965e-02]"
建物,"[-8.000e-04  1.620e-02  1.978e-01  1.522e-01  1.622e-01 -8.360e-02
  8.340e-02 -1.996e-01 -1.172e-01  1.244e-01  9.950e-02  1.064e-01
 -5.700e-03 -4.690e-02 -2.765e-01  1.870e-01  8.930e-02 -1.492e-01
 -3.850e-02 -1.737e-01  2.304e-01 -1.120e-02 -1.317e-01 -1.785e-01
  5.870e-02 -7.320e-02  1.304e-01 -1.951e-01 -3.070e-02 -1.650e-02
 -1.866e-01 -3.600e-01 -1.444e-01 -1.888e-01 -2.900e-02  9.700e-03
 -2.986e-01 -4.440e-02  8.290e-02  1.618e-01 -4.660e-02 -6.420e-02
  8.080e-02  1.608e-01 -2.335e-01 -1.480e-01 -2.200e-03 -4.130e-02
 -4.840e-02  3.010e-02  1.490e-02  2.058e-01  5.090e-02  1.361e-01
  1.550e-01  4.220e-02  4.556e-01 -6.910e-02  2.897e-01  2.327e-01
  4.270e-02 -2.090e-02  4.300e-03  1.297e-01  7.300e-03 -1.047e-01
 -3.070e-02  1.030e-02 -1.437e-01  4.251e-01 -1.119e-01 -2.901e-01
  2.132e-01  6.350e-02  9.840e-02 -2.045e-01 -2.518e-01  1.684e-01
 -5.650e-02 -5.930e-02  3.610e-02 -1.754e-01 -3.100e-03  2.719e-01
 -2.017e-01 -4.600e-03  1.747e-01 -5.830e-02  1.400e-03 -1.390e-02
 -1.854e-01 -1.812e-01  1.592e-01  1.757e-01 -5.500e-03  2.027e-01
 -1.403e-01 -4.750e-02 -6.240e-02  8.250e-02  1.888e-01  3.108e-01
 -1.160e-01 -6.240e-02 -6.360e-02  2.506e-01 -1.182e-01  1.952e-01
  1.208e-01  1.256e-01 -3.766e-01 -8.780e-02 -2.625e-01 -1.550e-01
  1.920e-01  2.720e-01  6.930e-02 -1.035e-01  4.736e-01 -1.850e-02
  1.322e-01 -1.230e-02  7.180e-02  9.440e-02  2.126e-01  5.980e-02
 -2.620e-02  8.540e-02 -1.178e-01  9.100e-03  1.069e-01  9.460e-02
  7.720e-02 -1.374e-01  1.416e-01  3.744e-01  3.593e-01  3.014e-01
  1.266e-01 -4.120e-02  1.324e-01 -2.890e-02  1.322e-01  2.100e-02
  3.206e-01 -1.918e-01 -3.400e-03 -2.900e-02 -1.576e-01 -1.276e-01
  2.500e-02 -2.220e-02 -1.670e-02 -1.536e-01  3.646e-01 -1.425e-01
 -3.690e-02  5.370e-02  1.531e-01 -8.500e-03  1.007e-01 -7.590e-02
  6.300e-03 -7.440e-02  3.139e-01 -4.040e-02 -2.537e-01 -3.139e-01
 -1.333e-01 -5.360e-02 -3.740e-02  3.660e-01 -2.600e-03  1.010e-02
 -3.130e-02 -1.378e-01  1.730e-02  7.600e-03  1.948e-01  1.500e-02
  1.503e-01 -1.158e-01 -1.135e-01  1.744e-01  2.110e-02  2.201e-01
 -5.810e-02  1.720e-01  7.010e-02 -8.380e-02  1.396e-01 -5.600e-02
  5.018e-01 -2.210e-01 -9.500e-03  2.141e-01  5.670e-02  4.470e-02
  1.432e-01 -5.190e-02 -1.533e-01 -1.009e-01  7.230e-02 -3.832e-01
 -9.290e-02 -8.850e-02  2.037e-01  1.472e-01  2.298e-01 -8.670e-02
 -1.039e-01  8.450e-02  5.700e-02 -1.630e-01  1.700e-02 -3.139e-01
 -4.300e-02 -8.718e-01 -3.469e-01 -2.120e-01 -5.070e-02 -1.365e-01
 -2.838e-01  6.010e-02  1.933e-01  2.800e-03  4.200e-02  1.993e-01
  2.427e-01  8.480e-02  2.457e-01 -1.060e-02 -3.310e-01 -1.205e-01
  1.153e-01  4.026e-01 -2.915e-01 -5.760e-02  1.197e-01  1.450e-02
  1.704e-01 -1.923e-01  3.981e-01 -3.763e-01  1.466e-01 -1.800e-01
 -1.520e-01 -8.620e-02  3.460e-02 -2.873e-01  1.618e-01 -3.830e-01
  3.031e-01  6.970e-02  7.070e-02  1.277e-01 -9.580e-02 -1.802e-01
 -5.780e-02  8.910e-02  1.476e-01 -1.131e-01  1.262e-01 -3.490e-02
  4.820e-02 -3.498e-01  2.168e-01 -1.529e-01 -8.910e-02 -1.129e-01
 -7.400e-02 -6.020e-02  1.447e-01 -3.127e-01  6.430e-02  1.841e-01
 -2.972e-01 -8.700e-03 -3.108e-01 -7.300e-02 -2.234e-01  3.510e-02
 -2.398e-01 -3.102e-01  9.670e-02 -3.429e-01  1.280e-02  6.120e-02
  9.000e-02  2.262e-01 -1.577e-01  3.959e-01 -3.032e-01  2.649e-01
 -1.316e-01  2.568e-01 -4.560e-02  4.010e-02  7.220e-02  9.940e-02]","[ 0.10795    -0.17414999  0.31625     0.08995     0.16425    -0.10265
 -0.0506     -0.04415    -0.1092      0.11895     0.08475     0.16685
  0.06905    -0.1399     -0.22995     0.04745     0.1038     -0.03515
 -0.0865     -0.08475     0.0591      0.0811     -0.10395    -0.16445
  0.01365    -0.09005     0.03095    -0.11715     0.08005     0.0523
 -0.11385    -0.21580001 -0.1165     -0.18335     0.045      -0.0119
 -0.09819999  0.0613     -0.00475    -0.0468     -0.0698      0.04275
  0.0159      0.0308     -0.3196      0.01495     0.07845    -0.0951
 -0.04335     0.0628     -0.0411      0.1756      0.0582      0.123
  0.0901     -0.00405     0.39305    -0.22185     0.3056      0.21690001
  0.06975    -0.12165    -0.06125     0.1246      0.056      -0.01875
 -0.0232      0.05715    -0.08895     0.40825    -0.16555    -0.30215001
  0.0965     -0.0458      0.06085    -0.18505    -0.18595     0.02065
 -0.13785     0.0141      0.02095    -0.09135     0.03635     0.3133
 -0.32425    -0.014      -0.04505    -0.003      -0.08335    -0.07795
 -0.20169999 -0.00865     0.1274      0.17225     0.19314999  0.02485
 -0.1427     -0.0308      0.01495     0.0686      0.0786      0.3133
 -0.0769     -0.00445    -0.029       0.12730001 -0.14395     0.09495
  0.11015     0.07405    -0.47109999 -0.138      -0.0829     -0.1908
  0.0771      0.15435001  0.0037      0.14725     0.4021     -0.1111
  0.094       0.14359999 -0.03765    -0.02775     0.02829999  0.0518
  0.0786     -0.11595    -0.1032     -0.046       0.1341      0.00475
 -0.05035    -0.19075     0.0951      0.21084999  0.24124999  0.20175
  0.0511     -0.1315      0.0902      0.0062      0.0648     -0.0475
  0.33295    -0.00935    -0.06825    -0.0596     -0.1352     -0.0185
  0.0847      0.0488     -0.14515001 -0.1226      0.46869999 -0.1504
  0.01085     0.09865     0.0937     -0.03305     0.08015    -0.0746
  0.0183     -0.04625     0.22595    -0.01965    -0.26895    -0.2871
  0.03725    -0.09345     0.0219      0.30605     0.0555     -0.0425
 -0.0664     -0.0091      0.0378     -0.04565     0.03495    -0.05175
  0.00225    -0.05235    -0.0951      0.0506      0.0858      0.1129
 -0.19135001  0.1603      0.06945    -0.04805     0.0284     -0.0158
  0.39775001 -0.01195     0.0455      0.14215     0.1139     -0.0553
  0.14754999 -0.07755    -0.1717     -0.05225     0.02515    -0.2284
 -0.03285    -0.06785     0.2035      0.24375     0.0953     -0.07905
 -0.05365    -0.0045      0.04455    -0.10205    -0.14145    -0.2094
  0.06635    -0.8432     -0.16984999 -0.18045     0.02695    -0.02705
 -0.1154     -0.02505     0.2468     -0.09435     0.03315    -0.01235
  0.18075     0.1145      0.2134      0.0967     -0.2711     -0.0871
  0.1121      0.2423     -0.33365001  0.03005     0.05435    -0.02315
  0.0658     -0.09505     0.34639999 -0.38345     0.0204     -0.14490001
 -0.0968     -0.1102     -0.0564     -0.4632      0.13665    -0.31499999
  0.15009999  0.0169      0.11485     0.15115    -0.1496     -0.23665
 -0.0741      0.12855     0.10915     0.03675     0.0278      0.0382
 -0.02245    -0.2013      0.25045    -0.0873     -0.0278      0.032
  0.11415    -0.03315     0.01625    -0.2672     -0.0218      0.07475
 -0.1963      0.02035    -0.18389999 -0.2459     -0.13245     0.1094
 -0.13725    -0.1884      0.0485     -0.24405     0.04585     0.0719
  0.08365     0.2266     -0.10545     0.13755    -0.46814999  0.2959
 -0.08985     0.14445    -0.00955     0.0724      0.047       0.0285    ]"
宿,"[-0.2903 -0.3238  0.347   0.2704  0.2934 -0.0704 -0.1744 -0.0906 -0.0211
  0.2832 -0.008   0.245  -0.0932 -0.275  -0.286   0.1982 -0.1177 -0.3641
 -0.4023  0.1787  0.1844  0.1324 -0.3595 -0.0493  0.2143 -0.1055 -0.1914
  0.2297  0.3503 -0.0243 -0.0478 -0.0282  0.0146 -0.1955  0.1804  0.3448
  0.128   0.1166  0.0411 -0.0789 -0.1217  0.0762  0.1338  0.0921  0.0676
  0.1156 -0.2271  0.1516 -0.1144 -0.0051 -0.0584 -0.2052 -0.0973  0.008
  0.4475  0.2461 -0.0353 -0.4805 -0.0792  0.2285  0.0607  0.1671  0.1253
  0.0184  0.1029 -0.0136 -0.0391  0.1984 -0.0825  0.2235 -0.0445  0.2062
  0.1025 -0.3562  0.0355 -0.0501  0.0303 -0.1263 -0.1244 -0.1268 -0.0603
  0.3221  0.0164  0.312   0.2544  0.0647  0.0928  0.0936 -0.005   0.0255
 -0.2841  0.0766 -0.2572 -0.082   0.1357 -0.2362 -0.1764 -0.0548 -0.1605
  0.1223  0.0229  0.2284 -0.1124 -0.2756  0.2773  0.1925 -0.1324 -0.0031
 -0.0437  0.0791 -0.4104 -0.1573 -0.017   0.186   0.0934  0.3993 -0.3075
  0.1538  0.1943  0.0661 -0.0741 -0.1083 -0.0085 -0.2278  0.1275  0.0699
  0.0112 -0.1197 -0.1199 -0.1557 -0.1593  0.1588  0.155  -0.2307  0.0684
  0.2999  0.1248  0.2249  0.2856 -0.0126 -0.1722  0.2099 -0.0254 -0.1375
  0.3504 -0.0868 -0.0371 -0.0595 -0.2253  0.2111  0.0482 -0.1165  0.2788
 -0.2057  0.3249  0.0072  0.0987 -0.1611 -0.1261 -0.2033  0.078  -0.3313
 -0.3473 -0.0783 -0.0668 -0.1695 -0.2074  0.1802 -0.078   0.0468  0.0507
  0.03    0.0619  0.0916  0.0055  0.0381 -0.0686  0.0158  0.1802 -0.1269
  0.0719 -0.3527  0.048  -0.0548 -0.1164 -0.0915 -0.0842 -0.0082  0.0606
  0.1118  0.1692  0.245   0.3225  0.1001  0.0165  0.132   0.1436 -0.1095
  0.2608 -0.0298 -0.1288 -0.1744  0.1415  0.1107 -0.0415 -0.0236  0.147
 -0.1631  0.3519 -0.1435 -0.0672 -0.0799 -0.4405 -0.2911  0.1562 -0.4025
 -0.1052 -0.8457 -0.0916  0.1992 -0.0706 -0.2641 -0.278   0.2213  0.108
 -0.1565 -0.1251 -0.3194  0.2647  0.2498  0.1177 -0.1082 -0.1809  0.1417
  0.1717 -0.1252 -0.4278 -0.172   0.1558 -0.031  -0.1694 -0.0957  0.334
 -0.3789 -0.0715 -0.1654 -0.0033  0.2552 -0.1073 -0.4123 -0.0511 -0.4955
  0.3709  0.1906  0.0128  0.1845  0.0958 -0.1084  0.1462 -0.091  -0.1072
  0.0167 -0.3737 -0.1274 -0.0757 -0.1217 -0.1471  0.3626 -0.1118  0.0489
  0.2809  0.0729 -0.3119 -0.0034 -0.1047 -0.1422 -0.1596  0.1233 -0.2022
 -0.0154 -0.165   0.159  -0.1132 -0.1323 -0.0542 -0.1862  0.0363  0.1116
 -0.0541  0.124   0.2167 -0.0497 -0.3868  0.1521 -0.142  -0.2655  0.2422
 -0.0287 -0.1018 -0.3746]","[-0.29030001 -0.3238      0.347       0.27039999  0.29339999 -0.0704
 -0.1744     -0.0906     -0.0211      0.2832     -0.008       0.245
 -0.0932     -0.27500001 -0.28600001  0.1982     -0.1177     -0.36410001
 -0.4023      0.1787      0.18440001  0.13240001 -0.35949999 -0.0493
  0.21430001 -0.1055     -0.19140001  0.2297      0.35030001 -0.0243
 -0.0478     -0.0282      0.0146     -0.1955      0.1804      0.3448
  0.12800001  0.1166      0.0411     -0.0789     -0.1217      0.0762
  0.1338      0.0921      0.0676      0.1156     -0.2271      0.1516
 -0.1144     -0.0051     -0.0584     -0.2052     -0.0973      0.008
  0.44749999  0.24609999 -0.0353     -0.48050001 -0.0792      0.22849999
  0.0607      0.1671      0.12530001  0.0184      0.1029     -0.0136
 -0.0391      0.19840001 -0.0825      0.2235     -0.0445      0.2062
  0.1025     -0.35620001  0.0355     -0.0501      0.0303     -0.12630001
 -0.1244     -0.1268     -0.0603      0.32210001  0.0164      0.31200001
  0.25440001  0.0647      0.0928      0.0936     -0.005       0.0255
 -0.2841      0.0766     -0.2572     -0.082       0.1357     -0.2362
 -0.17640001 -0.0548     -0.1605      0.1223      0.0229      0.22840001
 -0.1124     -0.27559999  0.2773      0.1925     -0.13240001 -0.0031
 -0.0437      0.0791     -0.4104     -0.1573     -0.017       0.186
  0.0934      0.39930001 -0.3075      0.1538      0.1943      0.0661
 -0.0741     -0.1083     -0.0085     -0.2278      0.1275      0.0699
  0.0112     -0.1197     -0.1199     -0.1557     -0.1593      0.15880001
  0.155      -0.2307      0.0684      0.2999      0.1248      0.22490001
  0.28560001 -0.0126     -0.17219999  0.20990001 -0.0254     -0.1375
  0.3504     -0.0868     -0.0371     -0.0595     -0.2253      0.2111
  0.0482     -0.1165      0.27880001 -0.2057      0.3249      0.0072
  0.0987     -0.1611     -0.1261     -0.2033      0.078      -0.33129999
 -0.34729999 -0.0783     -0.0668     -0.16949999 -0.20739999  0.1802
 -0.078       0.0468      0.0507      0.03        0.0619      0.0916
  0.0055      0.0381     -0.0686      0.0158      0.1802     -0.1269
  0.0719     -0.3527      0.048      -0.0548     -0.1164     -0.0915
 -0.0842     -0.0082      0.0606      0.1118      0.1692      0.245
  0.32249999  0.1001      0.0165      0.132       0.1436     -0.1095
  0.2608     -0.0298     -0.1288     -0.1744      0.1415      0.1107
 -0.0415     -0.0236      0.147      -0.1631      0.35190001 -0.1435
 -0.0672     -0.0799     -0.44049999 -0.2911      0.15620001 -0.4025
 -0.1052     -0.84570003 -0.0916      0.1992     -0.0706     -0.26409999
 -0.278       0.22130001  0.108      -0.1565     -0.1251     -0.31940001
  0.2647      0.2498      0.1177     -0.1082     -0.18089999  0.1417
  0.1717     -0.1252     -0.4278     -0.17200001  0.1558     -0.031
 -0.16940001 -0.0957      0.33399999 -0.37889999 -0.0715     -0.1654
 -0.0033      0.2552     -0.1073     -0.41229999 -0.0511     -0.4955
  0.37090001  0.19059999  0.0128      0.18449999  0.0958     -0.1084
  0.1462     -0.091      -0.1072      0.0167     -0.37369999 -0.1274
 -0.0757     -0.1217     -0.1471      0.3626     -0.1118      0.0489
  0.2809      0.0729     -0.31189999 -0.0034     -0.1047     -0.14219999
 -0.1596      0.1233     -0.2022     -0.0154     -0.16500001  0.15899999
 -0.1132     -0.1323     -0.0542     -0.18619999  0.0363      0.1116
 -0.0541      0.124       0.2167     -0.0497     -0.38679999  0.1521
 -0.142      -0.26550001  0.2422     -0.0287     -0.1018     -0.37459999]"
通路,"[-1.386e-01 -2.082e-01  4.406e-01  3.000e-03 -3.670e-02  2.480e-02
 -2.565e-01 -4.276e-01 -1.107e-01  9.770e-02  7.870e-02  1.282e-01
 -2.587e-01  2.500e-02 -2.751e-01  1.424e-01  5.780e-02 -2.368e-01
 -2.478e-01  7.170e-02  1.799e-01  5.880e-02 -1.119e-01 -9.400e-02
  6.220e-02  2.869e-01  2.236e-01 -5.140e-02  1.313e-01 -4.305e-01
 -5.850e-02 -5.004e-01 -2.479e-01 -5.610e-02  1.428e-01 -1.180e-02
  3.740e-02 -9.900e-02  1.542e-01  3.000e-03  3.353e-01  3.028e-01
 -2.141e-01  2.264e-01  9.900e-02  1.230e-02  4.000e-02  1.029e-01
 -1.276e-01  1.787e-01 -2.516e-01  1.304e-01  7.720e-02  2.760e-01
 -4.540e-02 -1.110e-01  6.060e-02 -6.130e-02  5.368e-01 -1.572e-01
 -1.000e-03 -6.940e-02 -8.000e-03 -1.354e-01 -4.770e-02  1.638e-01
  1.080e-02 -1.315e-01  2.638e-01  1.146e-01 -5.920e-02  1.548e-01
  1.113e-01  3.720e-02  1.500e-01 -6.180e-02 -1.670e-01  1.930e-02
 -1.734e-01  4.600e-02  1.751e-01 -4.812e-01 -6.910e-02 -1.444e-01
 -1.716e-01 -1.449e-01 -6.080e-02 -9.710e-02 -2.589e-01 -1.928e-01
 -2.693e-01 -3.818e-01  1.344e-01  1.741e-01 -2.237e-01 -6.490e-02
 -1.845e-01 -7.510e-02 -1.242e-01  6.350e-02 -2.980e-02  4.101e-01
  9.060e-02  1.148e-01 -8.230e-02  1.891e-01 -7.630e-02  2.513e-01
 -7.400e-03  8.510e-02 -4.127e-01 -9.400e-02  2.100e-02  1.725e-01
  3.338e-01 -1.239e-01 -7.050e-02  7.000e-04  1.837e-01 -1.946e-01
  8.820e-02  1.608e-01  1.201e-01 -5.950e-02 -1.110e-01 -2.930e-02
 -6.690e-02  3.000e-02 -1.271e-01  2.713e-01  1.920e-01  6.510e-02
  2.090e-02 -2.276e-01 -7.500e-02  2.927e-01  2.523e-01  3.383e-01
  2.656e-01  4.540e-02  2.482e-01  4.840e-02  4.141e-01 -5.470e-02
  3.029e-01  1.204e-01  8.800e-02 -6.520e-02 -1.592e-01 -7.070e-02
  1.234e-01  2.860e-02  2.902e-01  1.174e-01  3.036e-01 -1.060e-01
 -1.011e-01  1.280e-01  2.255e-01 -9.160e-02  4.232e-01  3.040e-02
 -1.224e-01 -5.480e-02  5.251e-01  1.298e-01 -1.839e-01 -2.339e-01
 -1.398e-01 -2.100e-01  6.550e-02  2.905e-01 -1.700e-02 -4.750e-02
 -1.418e-01 -1.981e-01  2.536e-01 -1.038e-01 -2.094e-01  1.551e-01
 -9.400e-03  2.110e-02 -8.410e-02  2.794e-01 -1.800e-03  2.130e-02
  1.856e-01  8.500e-02  4.890e-02  2.212e-01  2.195e-01 -9.940e-02
  2.175e-01  2.676e-01  2.434e-01  1.066e-01  4.240e-02 -6.220e-02
  2.210e-02  2.504e-01 -4.697e-01  8.940e-02 -3.100e-02 -6.530e-02
  4.790e-02  7.320e-02 -3.890e-02 -3.290e-02 -6.960e-02 -1.772e-01
  2.104e-01  2.207e-01 -1.179e-01  2.610e-01 -4.620e-02 -2.664e-01
  5.620e-02 -8.587e-01  4.990e-02  1.348e-01 -3.140e-02 -1.742e-01
 -2.681e-01  5.900e-03  2.513e-01 -2.944e-01 -1.610e-01  3.905e-01
  1.338e-01  2.116e-01  2.739e-01  1.655e-01 -2.190e-01  3.020e-02
  1.474e-01 -1.658e-01 -3.262e-01  2.412e-01  1.725e-01  1.254e-01
 -1.320e-01  1.558e-01 -2.600e-03 -3.687e-01  1.722e-01 -2.983e-01
 -1.404e-01 -4.690e-02  7.800e-02 -5.201e-01  1.320e-02 -4.423e-01
 -2.362e-01  2.254e-01  7.170e-02  2.920e-01 -4.160e-02  2.310e-02
 -2.712e-01  1.152e-01  9.800e-02 -3.810e-01  1.105e-01 -2.447e-01
 -2.469e-01  1.943e-01  1.336e-01  5.200e-02  1.064e-01  3.162e-01
 -7.620e-02  2.763e-01  1.141e-01 -1.171e-01  1.940e-01  3.987e-01
 -1.933e-01  1.686e-01 -3.442e-01 -9.020e-02 -6.860e-02 -2.621e-01
  1.192e-01  2.559e-01  1.381e-01 -9.360e-02 -4.204e-01 -1.010e-01
  2.702e-01  2.240e-01 -3.615e-01  4.780e-02 -4.000e-03  3.329e-01
 -1.899e-01 -5.810e-02 -9.630e-02  1.507e-01 -1.038e-01 -7.500e-02]","[-0.14965    -0.015625    0.4932      0.13435     0.018375    0.048125
 -0.018675   -0.337775   -0.12015     0.03645     0.17555     0.099175
 -0.0413     -0.091125   -0.45000001  0.042875    0.0113     -0.12045
 -0.164925    0.0188      0.009475    0.03845    -0.107075   -0.043075
  0.061825    0.154525    0.03085     0.0375     -0.035675   -0.178925
 -0.064275   -0.1975     -0.221925   -0.03905     0.04305     0.014925
  0.087375   -0.03655     0.21515    -0.002125    0.11255     0.0711
  0.0513      0.2282      0.046925   -0.0564      0.015375    0.146025
  0.02915     0.31990001 -0.063       0.1294      0.1539      0.002175
 -0.107225   -0.059875    0.113175    0.059       0.152425    0.1419
  0.014575   -0.1363     -0.062925   -0.0941      0.02455     0.0998
  0.017075    0.016675   -0.03565     0.046775   -0.03125     0.112025
  0.014      -0.169775   -0.04787499 -0.0307     -0.04055    -0.03465
 -0.211925    0.010875    0.13505    -0.155625   -0.095875   -0.049175
 -0.2394     -0.2068      0.016625   -0.1105     -0.003325    0.03785
 -0.15575    -0.039075   -0.0206      0.131725   -0.172975    0.03365
 -0.2128     -0.077675   -0.0581     -0.04555     0.040575    0.38535
  0.010175   -0.089675   -0.13555     0.35892499 -0.033       0.00555
  0.00840001  0.061125   -0.265125    0.279625    0.22305     0.039525
  0.123825   -0.01255    -0.0659      0.074325    0.032875   -0.046275
 -0.06235     0.01485     0.078175    0.078025   -0.30162501 -0.00835
 -0.11465     0.074425   -0.186       0.03585     0.0541     -0.008
  0.0034     -0.10465    -0.04025    -0.04675     0.123875    0.2091
  0.062525    0.18299999  0.10235     0.069875    0.03585    -0.0607
  0.25129999  0.048475   -0.00265    -0.064175   -0.01815    -0.06842499
 -0.01255    -0.09152499  0.286825    0.069025    0.043725    0.051375
  0.04105     0.0571      0.102625    0.010425    0.1865      0.019775
 -0.08085    -0.080225    0.27975     0.030775   -0.097175   -0.09935
 -0.16045    -0.1162      0.052725    0.16214999  0.207725   -0.00285
 -0.151125   -0.035175    0.19425     0.011225   -0.10575     0.079425
  0.0035      0.092       0.050725    0.10085    -0.01675     0.07835
  0.216025   -0.0676     -0.0138      0.103825    0.13415    -0.04165
  0.076175    0.1681      0.209425    0.038825   -0.11175001  0.0141
 -0.061425    0.133275   -0.340075    0.0207     -0.10065    -0.171125
 -0.0777     -0.021425   -0.007525    0.0053      0.100375   -0.11105
 -0.003975    0.1079     -0.177175    0.177475   -0.036675   -0.092525
 -0.02085    -0.72527499  0.018825   -0.08905    -0.015625    0.0449
  0.0621     -0.0838      0.0477     -0.145325   -0.121175    0.192275
 -0.011375    0.07315     0.067325    0.021025   -0.246075    0.053175
 -0.096425   -0.15545    -0.264775   -0.00465     0.17645     0.0211
 -0.060925    0.019675   -0.0496     -0.3298      0.1178     -0.2243
 -0.14515    -0.00855    -0.122025   -0.365825   -0.04885    -0.396125
 -0.173775    0.106175    0.01115     0.34604999  0.1678      0.068275
 -0.1016      0.091525    0.073025   -0.12555    -0.015525   -0.166075
 -0.053825    0.073525    0.110425    0.191825    0.1446      0.133625
  0.010875    0.069325    0.1823     -0.07355     0.12905     0.2097
 -0.047175   -0.095375   -0.105725   -0.127925    0.130925   -0.0879
  0.047175    0.13685     0.046575   -0.020075   -0.196625   -0.0068
  0.035675    0.0802     -0.110775   -0.072025   -0.069925    0.041975
 -0.015475   -0.136275    0.09185     0.118375   -0.012075   -0.01      ]"
活況,"[-2.430e-01  2.197e-01  7.798e-01  1.212e-01 -3.236e-01 -4.290e-02
  5.520e-02 -2.643e-01 -1.252e-01  2.858e-01  2.444e-01  2.700e-03
 -1.110e-02 -2.280e-01 -1.179e-01  3.770e-01  5.770e-02 -1.825e-01
  4.530e-02 -1.109e-01 -2.792e-01  1.146e-01  1.223e-01 -3.770e-02
  4.625e-01 -2.555e-01  2.094e-01  8.840e-02 -5.380e-02  2.813e-01
 -5.569e-01 -4.980e-02  4.075e-01  1.490e-01  1.344e-01 -1.321e-01
 -3.116e-01 -3.107e-01 -2.199e-01  1.096e-01 -1.197e-01 -2.173e-01
 -1.102e-01 -1.380e-02  1.294e-01 -2.807e-01  4.887e-01  2.850e-02
 -3.890e-01  4.798e-01 -2.560e-02  1.450e-01 -1.460e-02 -3.156e-01
  3.621e-01  2.808e-01  8.510e-02 -8.670e-02  2.007e-01 -9.750e-02
  2.708e-01  4.004e-01  6.000e-04 -1.059e-01  2.780e-01  4.094e-01
 -5.218e-01 -2.368e-01 -1.807e-01  3.574e-01 -2.380e-02 -3.305e-01
  1.616e-01  4.189e-01 -2.203e-01  9.300e-03  2.880e-02 -9.270e-02
  4.061e-01 -5.016e-01  3.565e-01 -9.820e-02 -1.217e-01 -6.720e-02
 -6.750e-02  1.836e-01 -5.419e-01 -4.360e-02  3.526e-01  6.148e-01
 -1.910e-02 -1.604e-01  8.740e-02  3.577e-01  3.707e-01 -8.150e-02
  3.388e-01 -1.305e-01 -1.785e-01 -2.233e-01 -2.227e-01  7.336e-01
 -1.000e-03 -1.704e-01  8.840e-02  9.750e-02  2.575e-01 -3.489e-01
 -1.370e-02  1.896e-01 -1.883e-01 -4.110e-02 -2.079e-01 -1.030e-01
  2.861e-01  1.616e-01  4.853e-01  8.850e-02 -3.770e-02 -3.157e-01
 -8.110e-02 -3.311e-01 -2.426e-01 -3.163e-01 -4.843e-01  1.130e-02
  1.902e-01 -9.790e-02  1.996e-01 -2.260e-02 -1.085e-01  1.643e-01
 -4.565e-01 -1.630e-01 -2.110e-02 -2.215e-01 -1.820e-02  3.640e-02
 -8.700e-02 -2.656e-01  4.320e-02 -2.919e-01  3.960e-02  1.518e-01
 -5.080e-02  1.857e-01  1.900e-01  3.714e-01 -4.873e-01 -2.925e-01
  2.470e-01  1.139e-01 -8.410e-02 -1.441e-01 -3.110e-01 -3.075e-01
 -2.463e-01 -1.253e-01 -1.305e-01 -4.720e-02 -2.041e-01 -2.092e-01
 -2.490e-02  3.447e-01 -3.357e-01 -3.327e-01 -2.338e-01 -9.390e-02
 -2.899e-01  1.455e-01 -1.624e-01 -9.430e-02 -2.610e-02  8.210e-02
 -3.734e-01  1.298e-01 -1.216e-01 -3.525e-01  1.240e-01  2.000e-03
 -5.350e-02  9.080e-02  1.640e-02  1.997e-01  2.579e-01  1.162e-01
 -1.928e-01  5.532e-01 -5.000e-02 -1.508e-01  3.700e-02  1.105e-01
 -8.175e-01 -4.060e-02 -2.346e-01  2.706e-01  1.513e-01  1.758e-01
 -1.799e-01  2.249e-01  3.612e-01  9.810e-02  1.705e-01 -4.510e-02
 -1.350e-01 -1.540e-02 -1.299e-01  1.267e-01  5.870e-02 -9.350e-02
 -2.350e-01  2.117e-01 -2.641e-01 -4.114e-01 -7.440e-02  1.771e-01
  2.710e-01 -9.897e-01  1.910e-02  1.675e-01 -2.990e-02  3.240e-02
 -1.940e-02 -6.360e-02  3.606e-01 -3.856e-01 -4.134e-01 -2.130e-02
  2.240e-02 -1.062e-01  5.720e-02  2.943e-01 -2.016e-01 -5.944e-01
  2.050e-02  2.830e-01 -6.439e-01 -2.458e-01  2.598e-01 -1.264e-01
 -1.144e-01  3.165e-01 -2.957e-01 -2.772e-01 -1.145e-01 -4.051e-01
  1.380e-02  3.064e-01  2.750e-02 -4.722e-01  2.478e-01 -8.550e-02
  2.530e-01 -4.548e-01  1.673e-01  8.380e-02 -1.211e-01  2.674e-01
  5.000e-02  1.724e-01 -8.760e-02 -2.873e-01 -1.533e-01  2.318e-01
 -4.995e-01  5.690e-02 -9.520e-02 -4.990e-02  1.548e-01  4.583e-01
 -1.378e-01  2.707e-01 -4.411e-01 -2.125e-01  2.480e-01  2.057e-01
  3.354e-01  9.650e-02  1.730e-01 -7.790e-02  7.336e-01  2.424e-01
 -3.417e-01  2.595e-01 -3.500e-02 -1.977e-01 -4.800e-02  1.952e-01
  1.033e-01  2.037e-01 -2.416e-01  1.165e-01 -2.367e-01  4.124e-01
  2.603e-01  9.820e-02 -1.026e-01  4.290e-02 -6.300e-03  4.920e-02]","[-1.20100000e-01  9.76499971e-02  6.13300001e-01  7.98749980e-02
 -9.12249992e-02 -7.79999979e-02 -2.42499914e-03 -2.06074998e-01
 -7.58750020e-02  2.78699998e-01  1.88399997e-01  1.17050003e-01
 -1.91925006e-01 -1.13099997e-01 -1.44200001e-01  2.30825001e-01
 -8.60000052e-03 -1.04850002e-01 -3.99500001e-02 -6.99996948e-04
 -2.79400002e-01  3.76750008e-02 -2.81000016e-02 -1.11224999e-01
  3.67699999e-01 -2.57949999e-01  1.64424999e-01  2.49349999e-01
 -7.50000004e-02  3.50375012e-01 -3.35500002e-01 -9.90999993e-02
  3.13175000e-01  7.28000011e-02  1.40224997e-01 -1.08050000e-01
 -1.35249998e-01 -1.85575001e-01 -1.90574996e-01  1.35199997e-01
  7.17999954e-02 -4.99989837e-05 -2.69500003e-02 -7.47249958e-02
 -6.89750006e-02 -1.82400002e-01  3.75924995e-01 -1.07750040e-02
 -3.45874995e-01  2.61574995e-01  2.89500006e-02  1.95349999e-01
 -1.22250000e-02 -9.05750012e-02  1.95224997e-01  7.02500716e-03
  1.34025001e-01 -3.58999999e-01  1.03025000e-01 -1.86525002e-01
  3.47999996e-02  2.83750007e-01  1.07075000e-01 -1.38850003e-01
  1.12049999e-01  1.62824995e-01 -3.81474990e-01 -1.12900001e-01
  1.59249995e-02  2.35875003e-01 -3.32000041e-02 -2.04100003e-01
  6.53500035e-02  2.58000005e-01 -2.58825004e-01 -5.65000088e-03
 -7.54750026e-02  3.96499988e-02  1.61200000e-01 -3.37300010e-01
  2.06599998e-01 -5.50499986e-02 -8.90000006e-02 -1.43575002e-01
 -6.69500018e-02  1.45374998e-01 -4.15824994e-01  1.35749998e-02
  2.28724999e-01  1.15649994e-01 -7.88750006e-02 -9.76000018e-02
  4.49000020e-02  2.51675000e-01  3.17775006e-01 -1.63574994e-01
  9.78500033e-02 -4.84500052e-02 -1.49575002e-01 -2.25125006e-01
 -1.35599999e-01  4.93400000e-01  1.35174998e-01 -7.04499992e-02
  1.03325000e-01  1.95125002e-01  2.63249993e-01 -2.49474999e-01
  6.89999969e-03  5.37000006e-02 -9.82999986e-02 -1.28499977e-02
 -1.73999995e-02  3.32000013e-02  2.76350009e-01  1.05099997e-01
  3.61324996e-01  9.53000002e-02  6.74999971e-03 -1.46225002e-01
 -4.97249998e-02 -2.29149996e-01 -1.04374999e-01 -1.34925000e-01
 -9.67999995e-02 -2.39999999e-02  8.17500148e-03 -6.91250013e-02
  1.72599999e-01  8.53250022e-02 -5.41500002e-02 -3.50000197e-03
 -1.90225000e-01 -1.38574999e-01 -4.99499980e-02 -2.23249979e-02
  3.51250009e-02  9.89000001e-02  1.87499993e-02 -1.60525002e-01
 -3.34750002e-02 -2.00900001e-01  1.67525001e-01  3.36250009e-02
 -1.70750013e-02  7.74750002e-02 -4.45000362e-03  2.13450000e-01
 -2.40800003e-01 -2.17524995e-01  1.35549996e-01  1.93675001e-01
 -1.56824999e-01 -3.03199999e-01 -1.19499997e-01 -1.04850003e-01
 -2.32249983e-02 -5.40250028e-02 -3.32500022e-02 -1.38475001e-01
 -2.26350002e-01 -1.49525001e-01 -3.16749988e-02  3.00399998e-01
 -3.29250023e-02 -1.60700005e-01 -3.64824995e-01 -3.19750030e-02
 -1.44750003e-01  1.94750000e-02 -7.74750018e-02 -2.17225000e-01
  2.40249992e-02  2.23500021e-02 -2.21799999e-01  1.67250000e-01
 -1.83400001e-01 -2.05699999e-01  1.37150002e-01 -5.50000003e-03
 -8.82750032e-02  4.43500010e-02 -2.52375003e-01  1.86200000e-01
  2.66025005e-01  9.57499989e-02 -8.76000007e-02  4.52050008e-01
 -1.00699998e-01 -1.21675004e-01  4.30749988e-02  1.56350002e-01
 -5.19374996e-01 -6.29999982e-02  1.37575002e-01  1.35349996e-01
  8.39749994e-02  2.85249986e-02 -1.28924999e-01  9.83250011e-02
  1.19325001e-01 -1.22225005e-01  6.99249981e-02  9.79000004e-02
 -1.97225006e-01 -1.00775000e-01  1.62499771e-03  2.35174993e-01
  1.08074996e-01 -1.24199998e-01 -1.53375004e-01  3.55075007e-01
 -2.71899998e-01 -2.90149993e-01 -8.71249977e-02 -1.68074995e-01
  1.63974995e-01 -8.93875018e-01 -1.17600000e-01  1.32000002e-01
  5.71750011e-02 -1.03499998e-01 -6.25750031e-02 -9.48499963e-02
  2.13349998e-01 -2.31774999e-01 -1.47474998e-01 -6.18250006e-02
  6.82999998e-02  6.73249997e-02  1.97949998e-01  1.16249999e-01
 -3.96249998e-01 -3.29349998e-01  2.30999999e-02  6.68499991e-02
 -6.75699994e-01 -1.94974998e-01  1.39399997e-01 -2.37499978e-02
  3.65500022e-02  1.40224999e-01 -2.97500030e-02 -2.14225003e-01
 -3.35249980e-02 -2.94725001e-01 -1.16650000e-01  2.04724999e-01
 -9.57999984e-02 -3.39950003e-01  4.41499986e-02 -2.99700007e-01
 -3.21250010e-02 -1.90675003e-01  2.18424998e-01  1.88875005e-01
 -1.20250003e-01  1.70974997e-01  4.75499991e-02  3.78000000e-02
 -6.57500010e-02 -4.68450002e-01 -4.59749997e-02  2.53350003e-01
 -3.69500000e-01 -7.28250025e-02  4.72499803e-03  5.46250022e-02
  4.34749969e-02  1.31249977e-02  3.72500030e-02  1.37325000e-01
 -1.76225003e-01 -1.34475004e-01  1.26899999e-01  1.78999983e-02
  3.86450000e-01  1.00375002e-01  4.52499837e-03 -1.11250002e-02
  7.02200010e-01  7.11500021e-02 -1.78324996e-01  1.96500000e-01
 -1.26499967e-02 -8.22250005e-02  9.74997878e-04 -9.73749999e-02
 -7.59999976e-02  3.25324997e-01 -2.98250005e-01 -1.85000151e-03
  6.98500015e-02  2.81549998e-01  7.53500089e-02 -5.64000020e-02
 -1.00900000e-01  3.59499995e-02 -7.43749955e-02  7.88749978e-02]"
値段,"[-6.100e-03 -8.610e-02  6.077e-01  2.086e-01 -8.700e-03  1.095e-01
 -2.350e-02  1.506e-01  2.166e-01  6.450e-02  9.120e-02  1.150e-01
 -1.464e-01 -1.757e-01 -2.928e-01  3.780e-02 -1.264e-01 -1.600e-02
 -1.180e-02  1.910e-02  7.900e-03  1.113e-01 -5.700e-02 -1.260e-02
 -1.744e-01 -2.545e-01 -2.523e-01  1.109e-01 -2.863e-01  1.391e-01
 -2.198e-01 -2.235e-01  1.264e-01  1.232e-01  5.060e-02  4.560e-02
 -1.635e-01  1.543e-01  2.530e-01  1.049e-01 -2.657e-01  1.081e-01
  1.280e-02 -8.000e-04 -4.930e-02 -2.593e-01  2.149e-01 -7.900e-02
  8.930e-02  9.920e-02 -2.950e-02  7.000e-02  1.778e-01  1.085e-01
 -2.200e-02 -8.500e-03  8.030e-02  1.169e-01 -2.418e-01  3.560e-02
 -2.300e-02 -5.360e-02  2.380e-01 -2.360e-02 -5.300e-02 -2.346e-01
 -2.713e-01 -1.088e-01 -2.303e-01  2.617e-01 -1.277e-01  1.183e-01
 -7.390e-02 -7.390e-02 -1.192e-01 -6.300e-02 -9.010e-02 -1.725e-01
  4.350e-02 -5.480e-02 -1.500e-02  2.183e-01 -1.344e-01  1.263e-01
  4.072e-01 -1.250e-02  1.116e-01  1.096e-01  1.772e-01  2.650e-02
  2.101e-01 -5.300e-03  2.600e-03  7.290e-02  6.200e-03  6.170e-02
 -6.000e-04 -1.097e-01 -2.763e-01 -1.966e-01 -3.418e-01  4.748e-01
 -6.980e-02  1.127e-01  6.530e-02  1.605e-01  3.410e-02 -6.770e-02
  3.548e-01 -1.168e-01 -3.242e-01 -1.834e-01 -3.250e-01  8.900e-03
  6.200e-02  9.450e-02  2.104e-01 -7.240e-02  1.706e-01  1.071e-01
  2.380e-02  9.300e-03  5.460e-02  6.730e-02  1.648e-01  6.100e-03
  4.330e-02  9.970e-02  2.177e-01 -8.660e-02 -1.470e-02  3.624e-01
  3.510e-02 -2.047e-01 -1.200e-02  2.491e-01  1.783e-01 -7.420e-02
 -1.126e-01 -6.830e-02  2.650e-02  1.089e-01  2.345e-01  1.043e-01
  1.204e-01 -2.036e-01 -1.444e-01  3.640e-02  1.806e-01  1.804e-01
 -1.453e-01 -8.030e-02 -6.510e-02  1.090e-02 -1.155e-01  1.542e-01
  1.253e-01  9.010e-02  6.360e-02 -1.209e-01  1.030e-01 -3.201e-01
 -1.588e-01  2.534e-01 -1.139e-01 -7.840e-02  5.190e-02 -1.567e-01
 -1.779e-01 -6.340e-02  3.887e-01  1.499e-01 -7.820e-02  1.700e-02
 -2.234e-01 -1.167e-01 -7.830e-02  4.899e-01  2.171e-01  7.210e-02
  1.119e-01 -4.220e-02 -1.009e-01 -1.314e-01 -1.564e-01  3.367e-01
 -8.140e-02  3.911e-01  4.160e-02  4.910e-02 -2.430e-02  2.682e-01
  1.098e-01  8.650e-02 -7.900e-03 -3.820e-02  1.817e-01 -1.204e-01
  1.268e-01 -4.960e-02 -9.850e-02 -1.904e-01  1.700e-02 -4.954e-01
  9.130e-02 -2.027e-01  2.980e-02  3.080e-02  1.716e-01  1.460e-02
 -7.220e-02  2.720e-02 -1.020e-01 -1.320e-02 -8.890e-02 -3.203e-01
  1.478e-01 -7.796e-01 -4.930e-02  3.480e-02 -1.463e-01 -2.263e-01
 -6.000e-02  1.031e-01 -8.160e-02  1.150e-01  2.021e-01 -1.901e-01
 -1.017e-01 -3.123e-01 -1.670e-02 -4.460e-01 -5.386e-01  1.098e-01
 -1.349e-01 -1.143e-01 -3.543e-01  3.600e-03 -2.441e-01  5.752e-01
 -4.100e-02  8.810e-02 -4.690e-02 -1.476e-01  9.520e-02 -4.374e-01
 -1.498e-01 -3.359e-01  2.479e-01 -4.219e-01 -2.460e-02 -6.160e-01
  1.745e-01  1.000e-04 -1.570e-02  1.065e-01 -9.400e-03  3.360e-02
  2.250e-01  8.050e-02 -1.470e-02 -1.357e-01 -4.409e-01  3.403e-01
 -3.004e-01 -5.280e-02  2.201e-01  3.700e-02 -1.426e-01  3.078e-01
  5.540e-02  2.510e-02  7.680e-02 -3.873e-01  1.365e-01 -6.510e-02
  1.784e-01 -9.530e-02 -3.671e-01  4.130e-02  2.377e-01 -5.880e-02
 -2.243e-01  7.130e-02 -1.095e-01  1.525e-01 -1.438e-01  3.134e-01
  1.899e-01  2.080e-01  5.850e-02 -2.702e-01 -1.999e-01  2.280e-01
  1.507e-01 -4.091e-01 -1.346e-01  1.398e-01  2.490e-02 -5.900e-03]","[ 7.16500015e-02 -8.62499992e-02  5.61449997e-01  1.21950001e-01
  1.22550001e-01 -1.00499997e-02 -7.32499920e-03  3.98500012e-02
  1.43700000e-01  1.22075001e-01  1.06675001e-01  1.73250003e-01
 -1.64750004e-02  4.36250018e-02 -3.69524993e-01  1.57499872e-03
 -3.75999983e-02  4.56000009e-02 -9.74999508e-04  3.19749990e-02
 -4.03500017e-02  8.02499941e-03 -9.62499995e-03 -6.34000010e-02
  7.50012696e-05 -1.41574999e-01  3.46499998e-02  1.26275002e-01
 -1.64174998e-01  1.12600003e-01 -7.17749996e-02 -1.15000000e-01
  1.79375000e-01 -5.28000016e-02  1.87250003e-02 -1.38250004e-01
 -3.79750021e-02  2.01999992e-02  1.38074998e-01 -7.24999793e-03
 -2.07050003e-01  2.29749980e-02 -1.35025000e-01  2.26500003e-02
  4.26999964e-02 -2.01025001e-01  7.97500014e-02  5.73750008e-02
  6.92000003e-02  5.29249997e-02  4.06499989e-02  3.16249998e-02
  2.81000026e-02 -2.62500235e-03  1.64549997e-01  7.07749990e-02
  9.27500054e-03  4.31500024e-02 -2.06999997e-01 -1.26000004e-02
  3.91249995e-02  6.85000140e-03  1.52824999e-01  6.24999870e-03
  3.32250008e-02 -1.66774998e-01 -8.46749991e-02 -3.15249991e-02
 -3.61499999e-01  2.14624997e-01 -6.76999995e-02  4.89500016e-02
  3.74999363e-04 -1.18000006e-02 -8.11500009e-02 -8.40750001e-02
  2.86750002e-02 -6.09499998e-02 -2.88749989e-02 -1.13524999e-01
  4.85250004e-02  1.23225001e-01 -1.59149997e-01  1.36925003e-01
  2.10050000e-01  1.31875002e-01 -4.94249975e-02  5.67499998e-02
  9.44499993e-02  7.58749987e-02  1.07349999e-01 -8.54999840e-03
 -3.23750002e-02  9.43499994e-02  1.41100000e-01  3.34000019e-02
 -2.91750001e-02 -2.41750013e-02 -1.37050002e-01 -2.31175000e-01
 -1.94575006e-01  4.05824997e-01 -8.35250001e-02 -1.52499937e-02
  5.44500016e-02  3.19524994e-01 -6.75500045e-02 -5.79999760e-03
  1.71574997e-01 -6.04500002e-02 -1.47675004e-01 -1.83000002e-01
 -1.28249978e-02 -5.96250007e-02  6.48999987e-02  9.75749996e-02
  3.07475004e-01 -1.53575001e-01  1.44074999e-01 -6.44249953e-02
  3.44749978e-02 -8.90000048e-03  3.68749984e-02  6.48999994e-02
  2.29999796e-03  3.52250009e-02  6.58000000e-02  9.27499798e-03
  1.94575004e-01 -6.34999992e-03 -2.44999996e-02  2.61000002e-01
 -7.67249996e-02 -2.14999979e-02 -6.06749994e-02  5.63999973e-02
  1.26125000e-01 -1.19649997e-01 -9.37749967e-02 -1.30100001e-01
 -4.98249996e-02  1.00250030e-02  1.99275002e-01 -1.15549998e-01
  1.69225000e-01 -1.50500024e-02 -1.56949999e-01  1.82250002e-02
  4.31250005e-02  8.72499915e-03 -1.12024999e-01 -3.92500013e-02
 -1.19749997e-02 -9.06500029e-02  1.79274999e-01 -4.05749986e-02
  5.67000012e-02  5.60749974e-02 -4.47499845e-03 -1.35249997e-01
  3.81499957e-02 -1.56725003e-01 -1.55249998e-01  1.73774997e-01
 -1.37999997e-01 -1.61099999e-01 -4.35499991e-02 -1.68000004e-02
 -3.23499981e-02 -1.10499992e-02  1.98849999e-01  7.24750017e-02
 -7.64249992e-02  2.35000001e-02 -1.89000003e-01 -1.35450004e-01
 -2.37999992e-02  9.81250014e-02  4.73499978e-02  6.99000005e-02
  5.32750001e-02 -2.69424997e-01 -1.70124998e-01 -1.26500018e-02
 -1.99549999e-01  9.15249984e-02  4.04499974e-02  3.80725004e-01
  5.57249999e-02  9.11250007e-02  7.92499492e-03  1.32750003e-01
  2.09250059e-02 -3.81750017e-02  1.98250003e-02  2.86000008e-02
  2.97500100e-03 -1.01900000e-01  1.85375003e-01  5.20249973e-02
 -1.17974998e-01 -2.46000020e-02 -6.34999992e-03 -1.98925003e-01
  6.77500009e-02 -1.60325003e-01  5.51249993e-02  2.36400004e-01
  8.93249996e-02 -5.37000007e-02 -2.54500008e-02 -2.62250002e-02
 -3.65749989e-02  5.42499982e-02  3.20750000e-02 -1.75800001e-01
  4.38999981e-02 -7.37675011e-01  2.22000000e-02  1.30699997e-01
 -1.23375003e-01 -1.89325000e-01 -1.57074996e-01 -9.95249981e-02
 -2.13249996e-02  6.29750006e-02  1.58249987e-02 -1.30924996e-01
 -9.39999986e-02 -3.30624998e-01  4.32500010e-03 -2.14725001e-01
 -4.27275009e-01  1.05550000e-01 -1.80174995e-01 -9.99000017e-02
 -3.96450005e-01  4.30000166e-03 -1.27625002e-01  3.60025004e-01
 -3.90000008e-02 -4.22500144e-03 -7.67500093e-03 -1.15199997e-01
  6.99000023e-02 -2.83875002e-01 -1.54250002e-01 -1.54050003e-01
 -1.35175004e-01 -3.22750002e-01  1.09475002e-01 -3.71650003e-01
  1.72825005e-01 -8.75000069e-03  3.97500019e-02  1.54149996e-01
 -1.27175001e-01  1.83750009e-02  2.74449997e-01  1.86525004e-01
 -2.76499994e-02 -1.20500000e-02 -1.95725000e-01  1.15150001e-01
 -2.08799999e-01 -2.29999982e-03  1.48525001e-01  6.40000012e-02
 -8.64749989e-02  1.78049998e-01  9.70249996e-02  8.09749998e-02
 -1.27249984e-02 -2.74675008e-01  1.70349997e-01 -3.91499996e-02
  4.74749991e-02  6.05000090e-03 -2.23350003e-01  4.28250006e-02
  3.03475008e-01 -4.70000226e-03 -1.88525004e-01  8.59500011e-02
 -3.01750004e-02  1.04000010e-02 -3.04775003e-01  1.94525002e-01
  4.23749988e-02  1.47000004e-01 -6.24499992e-02 -2.05925003e-01
 -1.87925003e-01  1.21749999e-01  5.31250015e-02 -1.57650003e-01
 -1.31824999e-01  1.07299998e-01 -7.47500081e-03  6.77500002e-02]"
色合い,"[ 0.1167  0.1958  0.3223  0.0648  0.0257  0.0627  0.1527 -0.0053 -0.0709
  0.1479  0.1179  0.0196  0.0737  0.0495 -0.0349  0.0533  0.1021  0.0123
 -0.0678 -0.0496  0.0512 -0.0539 -0.0163 -0.0316 -0.0616 -0.1316 -0.1898
  0.044  -0.2403 -0.0033 -0.029  -0.0086 -0.037  -0.0774  0.1492 -0.0477
  0.0145 -0.0459 -0.0311  0.0871 -0.0599  0.02    0.0617  0.0139  0.0914
 -0.0923  0.0933 -0.0542 -0.0783  0.0074  0.019  -0.0229  0.1131 -0.2291
  0.0207 -0.0305 -0.0457  0.1385  0.0764  0.1063 -0.0358 -0.0359 -0.0317
  0.0901  0.0253 -0.0507 -0.0354 -0.025  -0.2848  0.1691  0.0926 -0.1435
  0.0806 -0.0124 -0.0343 -0.1209  0.017  -0.0548  0.1554  0.0835  0.1004
  0.1549 -0.0845 -0.0323  0.1368 -0.0017 -0.064   0.0452  0.0601 -0.0137
  0.0216  0.0187  0.1026  0.03   -0.0692  0.123  -0.0192 -0.0868 -0.0109
  0.0506 -0.0835  0.1736  0.0222 -0.045   0.0447  0.0162 -0.0246  0.0689
  0.0183  0.0594 -0.2427 -0.0825 -0.1202 -0.0696 -0.0232 -0.0769  0.1298
  0.1    -0.0272 -0.0557 -0.0159  0.0463  0.1288 -0.1165  0.0936  0.0509
 -0.087   0.1325  0.0472 -0.1306 -0.0695 -0.1055  0.0628  0.0014  0.0785
  0.1358  0.0273  0.0514  0.1111  0.102   0.1297 -0.0475  0.0795  0.0756
  0.1149 -0.0875 -0.1299 -0.0488  0.1076 -0.1357  0.0311 -0.034  -0.0911
 -0.0354 -0.0022 -0.055   0.1062 -0.0397  0.07   -0.0051 -0.0959 -0.0688
 -0.077  -0.0068  0.1695 -0.0491  0.0828 -0.1055  0.0827 -0.0217  0.1174
  0.1672  0.0268  0.028  -0.0572  0.0119 -0.0132 -0.0706 -0.0478 -0.0387
  0.0019 -0.0572 -0.0173 -0.1661 -0.0198  0.1305 -0.0116  0.1631  0.0845
 -0.0805  0.0481 -0.09    0.2104 -0.0198  0.0155  0.0825 -0.0668  0.012
  0.0669  0.039   0.0013  0.0209 -0.0521  0.0081  0.0161 -0.0225  0.0859
  0.1495  0.0466 -0.0813  0.0436  0.3467  0.0532 -0.1386  0.0923 -0.0231
  0.0218 -0.4066  0.0151  0.027  -0.0684  0.1537 -0.2246 -0.044   0.1179
  0.0481  0.0889 -0.0587  0.102   0.0567 -0.0598 -0.0226 -0.2199  0.1157
  0.0955  0.0445 -0.1876 -0.0123 -0.0056  0.0107 -0.0462  0.0406  0.0325
 -0.2782  0.1571 -0.068  -0.0401 -0.0336  0.0714 -0.1855  0.114  -0.2296
 -0.0361 -0.1795 -0.0183 -0.0479 -0.1009  0.0462  0.0711 -0.1407 -0.1686
  0.0894  0.0081  0.1534  0.0179 -0.1516  0.1469 -0.0942 -0.0367  0.0376
  0.0711 -0.033   0.0708  0.175  -0.0196  0.1419  0.2073 -0.1148 -0.1449
 -0.0306  0.1875  0.0029  0.0231 -0.0215 -0.0727  0.0857  0.0372 -0.0517
  0.042   0.0838 -0.0643  0.0415  0.0043  0.122   0.1533 -0.1557  0.0157
  0.0084 -0.1431 -0.1611]","[ 5.00000015e-02  2.23099992e-01  6.07899994e-01  1.30100001e-01
 -1.22500001e-01  1.14100000e-01 -1.06500005e-02  6.91000037e-02
  2.63499981e-02  2.44399998e-01  1.64700004e-01  6.38000034e-02
 -2.06500012e-02 -4.69500050e-02 -2.62550000e-01 -2.46999990e-02
 -4.02000020e-02  1.32300003e-01 -2.95950007e-01 -3.94000020e-02
 -6.84999907e-03  7.92999994e-02 -9.48500000e-02 -7.54000009e-02
 -1.00001344e-04 -2.36650001e-01 -9.04499963e-02  1.17600003e-01
 -1.60349997e-01  2.34999992e-02 -7.50000020e-02 -1.18000004e-02
  2.10499973e-02 -1.30200002e-01  1.62149999e-01 -5.19999973e-02
  1.41249998e-01  2.30000075e-03 -1.10650002e-01  6.93999995e-02
 -1.54700003e-01  1.48249999e-01  1.74850000e-01  5.77999987e-02
  1.45799996e-01  3.39999981e-02  2.48000016e-02 -6.06500003e-02
 -1.02650009e-01 -1.11549999e-01  9.98000037e-02 -4.15999955e-02
  1.71049995e-01 -2.50300005e-01 -1.17250002e-01  5.99500034e-02
  5.52999992e-02  1.52999997e-01  8.40999950e-02  2.46849995e-01
 -1.43299993e-01 -1.95650004e-01  8.85999985e-02  7.64999974e-02
  4.24999991e-02 -3.49998474e-04  6.59999996e-03 -5.55500030e-02
 -2.51650006e-01  3.77700001e-01 -4.99994494e-05 -2.17300005e-01
  3.34500000e-02  6.20999988e-02  5.12499996e-02 -3.66449997e-01
  1.11550000e-01  2.84500010e-02  1.33050001e-01 -1.06950004e-01
  8.42000009e-02  3.67149996e-01 -1.59700003e-01  5.84999938e-03
  1.27050000e-01 -2.80000037e-03 -3.31500005e-02  1.98999960e-02
  2.70350002e-01  1.49199996e-01  6.55499976e-02  1.13050003e-01
  1.15099994e-01  2.93500014e-02 -2.31550004e-01 -1.06300000e-01
 -1.07499994e-02  6.30500003e-02 -1.37899996e-01  6.61499994e-02
 -2.50250002e-01  6.06600001e-01  2.13250006e-01 -2.76500001e-02
  7.17999972e-02  1.49750003e-01  6.50000293e-04  1.20050002e-01
  2.13349998e-01  1.59350000e-01 -4.27850005e-01 -1.01000002e-01
 -1.87250007e-01  3.46500013e-02 -2.60000117e-03 -1.69499964e-02
 -5.44499997e-02  1.58300001e-01  1.65700000e-01  1.85900003e-01
  7.13500006e-02  5.88000026e-02  7.67500028e-02 -7.49000032e-02
  3.00100006e-01  8.50000419e-04 -2.35499996e-02  2.58249998e-01
 -8.99499990e-02 -1.91000000e-01  8.49999487e-04 -1.26300004e-01
 -9.44999978e-03 -1.47949997e-01 -1.30099999e-01  2.28849994e-01
  2.72499993e-02  4.35499959e-02 -2.14999914e-03 -1.14999997e-01
  2.20350005e-01 -9.13000028e-02  1.80999953e-02  7.93499993e-02
  2.10300000e-01 -1.36099996e-01 -5.93500007e-02  3.73500003e-02
  1.56100000e-01  2.25500009e-02 -9.99988988e-05 -9.25000012e-03
 -1.21749997e-01 -1.55100000e-01 -8.20000283e-03 -6.96999994e-02
 -9.74999741e-03  6.10000023e-03  2.74000000e-02 -1.44999940e-03
 -1.64999906e-03 -1.76299999e-01 -7.23500010e-02 -1.55549996e-01
  1.06300000e-01 -7.68999993e-02  2.30999993e-01  1.64500028e-02
  2.52000007e-01  4.05000057e-03  1.75100002e-01  2.30499990e-02
  1.06700003e-01 -9.31322575e-10  4.57999990e-02  4.53999982e-02
 -2.68199995e-01 -4.76000002e-02 -1.20999998e-01 -6.28999993e-02
 -4.84500024e-02 -7.95999989e-02  9.24500013e-02 -1.93949994e-01
  4.10000021e-02  1.34199999e-01  7.69999996e-02  1.25250001e-01
  2.20399998e-01 -1.91849997e-01  1.04150002e-01  1.23749998e-01
  2.95299995e-01 -6.27000006e-02 -1.20050004e-01  5.69999637e-03
 -8.82000024e-02 -9.84999995e-02  1.56249997e-01 -8.85000546e-03
 -2.55000001e-01 -1.64700006e-01 -1.04500040e-02  5.10000028e-02
  1.41500011e-02 -4.52000014e-02 -8.24999996e-03  7.54999984e-02
  3.44000049e-02 -8.14999989e-03  1.67099995e-01  6.30850002e-01
  4.19500002e-02 -2.80100001e-01  2.45250002e-01 -9.53499991e-02
  9.95999961e-02 -9.00250033e-01 -9.36499997e-02  1.91500004e-02
 -1.33500002e-01  8.37500007e-02 -2.83550009e-01 -2.08899999e-01
  2.47500006e-01 -5.91499992e-02  9.20500010e-02 -1.14299998e-01
 -3.38000031e-02 -1.18800007e-01 -1.25800002e-01  6.41500037e-02
 -3.42349991e-01 -1.05000008e-02 -2.86499995e-02 -9.89499977e-02
 -4.65300001e-01 -1.18850003e-01  1.31999999e-02  1.76350001e-01
 -1.16999999e-01  2.58349998e-01 -5.59999794e-03 -3.86849996e-01
  2.84149997e-01 -3.46649991e-01 -4.39500008e-02  2.78799999e-01
  1.82850005e-01 -3.71599998e-01  2.35000020e-03 -4.12400002e-01
 -1.41400006e-01 -2.50000003e-01  3.28499991e-02  2.73099997e-01
 -4.89999913e-03  2.98999995e-02  3.73499971e-02  1.50650003e-01
 -1.00349998e-01  1.52000001e-01 -3.96500006e-02  3.06349991e-01
  1.37450002e-01  3.70999984e-02  1.88599993e-01 -1.24699998e-01
  2.69999998e-02  4.77999998e-02  1.16850001e-01 -1.39500005e-02
  1.37650001e-01  2.19099997e-01  2.71999999e-02  3.40050008e-01
  9.39999968e-02 -8.06000000e-02 -1.51149999e-01 -1.88000016e-02
  8.38999972e-02 -9.41500028e-02  3.84999989e-02  2.00000033e-03
  4.33999998e-02  8.08000015e-02 -8.05500001e-02 -1.42949997e-01
  1.65449996e-01  1.81350000e-01  1.65000185e-03  7.19000027e-02
  4.47999984e-02 -3.73999998e-02  1.82499960e-02 -1.26450002e-01
  1.28649995e-01  1.22850005e-01 -1.19849999e-01 -2.19699999e-01]"
品物,"[ 0.175  -0.0549  0.1157  0.2101  0.1383 -0.2628 -0.1346 -0.1566  0.2631
  0.147   0.1477  0.1037  0.0483 -0.3162 -0.2455  0.1187 -0.0022  0.2739
 -0.1314 -0.0022  0.0681 -0.0436 -0.1553 -0.0099 -0.0364 -0.2354 -0.0799
 -0.1434 -0.489  -0.1433 -0.4328 -0.173   0.0897 -0.2081  0.1228  0.0784
 -0.3873 -0.0978  0.0278  0.0341  0.0125 -0.0324  0.0966 -0.1147  0.0436
 -0.2591 -0.2116  0.1117  0.1532  0.2902  0.0275  0.3716 -0.016  -0.0074
  0.086  -0.1317  0.2507 -0.0484  0.0996 -0.0276  0.0305 -0.065   0.068
 -0.0189  0.1603  0.0841 -0.2344 -0.0806 -0.2448  0.2888 -0.1902  0.0348
 -0.2529  0.1689  0.0462 -0.2245  0.0231  0.1097  0.1061 -0.1031  0.0812
  0.1668 -0.2807 -0.109   0.1081  0.0341 -0.0658 -0.044   0.2528 -0.1581
  0.4259  0.0104 -0.0968  0.0907  0.0613  0.0723 -0.1064  0.0721 -0.113
  0.016  -0.0244  0.2892 -0.1419 -0.2072  0.2302  0.2016 -0.0706 -0.0549
  0.1214 -0.0461 -0.4565 -0.3134 -0.325  -0.0014  0.041  -0.2181  0.2738
  0.12    0.2161  0.2122 -0.0545  0.1721  0.0235  0.0385  0.0308  0.0262
 -0.0919  0.1626 -0.0204 -0.0073  0.0796  0.2958  0.0256 -0.1752  0.0613
  0.3856  0.2234  0.148   0.0143  0.0057 -0.0269 -0.0649  0.2549  0.1908
  0.1243 -0.1178 -0.1346  0.0696 -0.0085  0.2036  0.193  -0.0125  0.0535
  0.217   0.1367 -0.1418  0.1849  0.0762  0.0305 -0.1328 -0.2056 -0.11
  0.0599 -0.0228  0.2601 -0.2982  0.182  -0.2918 -0.1916 -0.096   0.4417
  0.1588  0.1513 -0.1587 -0.2191  0.0103  0.0523 -0.1628  0.126   0.0618
  0.2117  0.0123 -0.1695 -0.2092 -0.0781  0.3483 -0.1579  0.2492  0.1851
 -0.1621 -0.0734  0.1251  0.4963  0.2139  0.1683  0.0989  0.1138  0.2377
 -0.0552  0.0283  0.2802 -0.0412 -0.0201 -0.0294  0.0193 -0.3369  0.0765
 -0.043   0.0751 -0.1912  0.1111  0.0547 -0.2362 -0.2246 -0.214  -0.1644
  0.1337 -1.0029  0.1617  0.2182 -0.1279  0.0192 -0.1192 -0.0488  0.0519
  0.3941  0.1575 -0.0423  0.019  -0.0046 -0.0456 -0.2991 -0.5847  0.0535
  0.0616 -0.1166 -0.327   0.0034 -0.0288  0.2602 -0.0935 -0.1703  0.0822
 -0.166   0.243  -0.0951 -0.0767  0.0096  0.2358 -0.4453 -0.1447 -0.3546
 -0.0854  0.044  -0.4229 -0.0901  0.0813  0.0851  0.1979  0.1098 -0.182
 -0.1345 -0.3883  0.308  -0.197  -0.009   0.2028  0.099   0.0262  0.116
  0.018   0.0607 -0.0583 -0.1969 -0.1043  0.0305 -0.0164  0.1666 -0.0851
 -0.2153 -0.2897  0.0749  0.0523 -0.2709  0.0145 -0.1328  0.0779  0.0255
  0.0215 -0.021  -0.0147 -0.2696 -0.1261  0.3197  0.0719 -0.4016 -0.1497
 -0.0521  0.0589 -0.2129]","[ 1.74699997e-01 -5.19000006e-02  2.85533326e-01  1.66599999e-01
  1.55200000e-01 -2.29666670e-01 -8.42333337e-02 -1.08700000e-01
  1.07133331e-01  9.83999992e-02  1.40133336e-01  1.30733332e-01
  7.28333344e-02 -2.45099997e-01 -2.10866669e-01  1.39999762e-03
  2.91000021e-02  1.37366669e-01 -1.16933336e-01  6.88333338e-02
  8.66000019e-02  7.56666685e-03 -5.88000019e-02 -6.87333308e-02
 -1.84666676e-02 -1.06400001e-01 -1.36399999e-01 -1.07400000e-01
 -3.24533333e-01 -2.94999977e-02 -2.04466665e-01 -9.68333321e-02
 -4.86666709e-03 -1.79999992e-02  7.58999990e-02 -7.23999987e-02
 -1.71500005e-01 -7.51333336e-02  1.41366662e-01  1.30299997e-01
 -1.37999998e-02 -8.71666682e-02  2.52000013e-02 -9.03666678e-02
 -1.06000006e-02 -1.71133329e-01 -4.13333345e-02  1.16833337e-01
  1.41933331e-01  1.21133332e-01  5.08666684e-02  2.21800004e-01
  1.62333356e-02  4.85333274e-02  8.29333353e-02 -7.33999995e-02
  1.67900002e-01  2.14666650e-02  1.07233337e-01  7.36999977e-02
 -6.65333352e-02 -1.39666664e-01  5.33334911e-04  4.82000007e-02
  1.71666679e-02  1.50666659e-02 -1.35633333e-01 -4.53333308e-03
 -3.33700006e-01  1.90966671e-01 -7.56666660e-02 -6.49333323e-02
 -6.80666681e-02  1.32233333e-01  1.24866664e-01 -2.55599995e-01
  3.05333326e-02  7.09666672e-02  1.10633336e-01 -3.42000003e-02
  4.76333325e-02 -8.23332990e-03 -2.05266664e-01  2.55666655e-02
  1.53533335e-01  2.63333321e-03  6.76666460e-03  2.83666675e-02
  1.24933328e-01 -1.13466665e-01  2.89800008e-01 -3.96666583e-03
 -8.46666594e-03  1.00599999e-01  1.08666662e-02  2.51000008e-02
 -1.02499999e-01  9.29333307e-02 -3.36333327e-02  3.32333340e-02
 -2.43333333e-02  2.87099997e-01 -5.76666618e-03 -6.86666680e-02
  1.88233333e-01  1.43666662e-01 -1.11433332e-01  2.64666652e-02
  3.16666688e-02  1.61999998e-02 -4.56166665e-01 -2.14000002e-01
 -2.74999991e-01  4.63000019e-02  8.00001125e-04 -2.13366662e-01
  1.96999996e-01  5.67666665e-02  1.39700004e-01  9.35999996e-02
 -3.05999989e-02  3.66999991e-02  1.07566666e-01 -3.40000006e-02
  1.61466668e-01  2.86666664e-02 -5.58999985e-02  4.09333309e-02
  1.18666645e-02  2.71666671e-02  3.07999998e-02  9.25333332e-02
 -1.31166667e-01 -9.56666673e-02  5.70666650e-02  1.66166663e-01
  1.11099997e-01  1.22900002e-01  8.01999979e-02  1.24166668e-01
  6.27000021e-02  6.93333118e-03  8.82666695e-02  1.61433329e-01
  2.86600004e-01  1.38000002e-02 -4.00001804e-04  2.14333348e-02
  1.39333329e-02  1.15066669e-01  1.17633334e-01 -3.18666669e-02
 -4.99999896e-03  1.23999995e-01  2.53933335e-01 -1.09199999e-01
 -6.63333305e-02  5.59333327e-02  9.79333306e-02 -1.15966665e-01
 -2.59433334e-01  1.84666676e-02  2.35666657e-02 -9.24999990e-02
  2.47200002e-01 -1.32200004e-01  1.65266663e-01 -1.47999998e-01
 -1.56833331e-01 -2.70999993e-02  1.46133337e-01  1.30999997e-01
  9.89333329e-02 -1.60000051e-02 -1.42400001e-01 -7.88000012e-02
 -4.85000014e-02 -1.50566665e-01  9.87333351e-02  2.94333336e-02
  8.08000020e-02 -1.58666658e-02 -1.54800002e-01 -1.84999997e-01
 -7.77666702e-02  1.93166673e-01 -1.18700003e-01  2.42100003e-01
 -2.21666644e-02 -1.75466667e-01 -1.08833330e-01 -3.16666663e-02
  4.86799995e-01  1.37266667e-01  7.98000048e-02 -8.63000005e-02
  7.88999976e-02  1.17399999e-01  2.75333325e-02  1.93000001e-02
  1.09466667e-01 -7.61666670e-02 -5.47666668e-02  1.11666638e-02
  1.30999989e-02 -1.89033332e-01  7.94333344e-02  6.01999971e-02
  1.19333332e-01 -1.80400002e-01  1.07333335e-01 -8.73666654e-02
 -7.19000002e-02 -9.79333346e-02 -2.44800006e-01 -7.68666640e-02
  1.61266667e-01 -7.98866669e-01  8.19333326e-02  1.19499999e-01
 -8.94333360e-02 -1.96333341e-02 -1.71166666e-01 -4.96999994e-02
  1.40000001e-01  9.87000056e-02  1.19199999e-01 -9.11000023e-02
 -2.51333347e-02 -8.74333358e-02 -5.59000007e-02 -1.65100006e-01
 -4.75666662e-01 -1.07633331e-01 -7.89999962e-03 -4.43333387e-03
 -3.35133334e-01 -7.56666988e-03 -6.75000021e-02  2.41666670e-01
 -6.05666687e-02 -1.66833331e-01  4.37666656e-02 -1.43499997e-01
  2.54299998e-01 -6.34000003e-02 -2.21333355e-02  4.44333311e-02
  2.66000008e-02 -4.51300015e-01 -5.73666692e-02 -3.28300004e-01
  8.01666627e-02  3.54666685e-02 -1.80466664e-01  2.33333496e-03
  3.60333325e-02  2.44666675e-02  1.73366663e-01  4.48333348e-02
 -1.21233333e-01  5.22333303e-02 -2.03266665e-01  1.96866664e-01
 -6.02333347e-02 -1.02200001e-01  1.68133335e-01  2.32999995e-02
  8.04666691e-02  1.85066665e-01 -7.43999978e-02 -3.79999991e-02
  3.33666665e-02 -1.72700000e-01 -8.84000001e-02 -6.19666657e-02
 -2.83333336e-02  1.06100003e-01 -5.55666660e-02 -5.91666636e-02
 -1.73933335e-01  2.39666669e-02 -4.84999996e-02 -1.19366671e-01
  1.14699997e-01 -5.42333325e-02 -5.86666663e-02  1.47999997e-01
 -6.28666673e-02  1.05700000e-01  1.01199998e-01 -9.06333346e-02
 -1.31500005e-01  2.86966662e-01  1.19866669e-01 -1.84600001e-01
 -1.22299999e-01  2.10666669e-02 -4.78999987e-02  6.39999782e-03]"
格差,"[ 1.577e-01  1.895e-01  3.712e-01  1.937e-01 -4.760e-01  2.235e-01
 -2.539e-01  1.681e-01  1.645e-01  1.407e-01  1.597e-01 -3.048e-01
  7.270e-02  2.178e-01 -2.691e-01  3.071e-01  9.550e-02 -2.566e-01
 -1.415e-01  2.382e-01 -4.277e-01  1.259e-01 -6.420e-02  2.599e-01
  7.850e-02  1.174e-01  4.028e-01  3.173e-01  5.300e-02  1.900e-03
 -8.080e-02  5.296e-01  2.010e-01 -3.972e-01  1.622e-01  1.993e-01
 -4.690e-02  2.370e-01  1.624e-01 -1.236e-01  1.003e-01  1.508e-01
 -1.567e-01  4.160e-02  1.822e-01 -1.989e-01  1.486e-01  4.180e-02
  5.900e-02 -1.701e-01 -4.700e-02  2.342e-01  1.986e-01 -1.027e-01
 -2.578e-01 -1.369e-01  1.300e-02  6.410e-02 -1.281e-01  1.402e-01
 -1.580e-01  7.040e-02  2.756e-01  8.350e-02 -3.340e-02 -1.599e-01
 -2.677e-01 -3.634e-01  4.540e-02  5.392e-01 -5.080e-02 -5.531e-01
 -4.840e-02  1.894e-01 -2.586e-01  2.147e-01  3.195e-01 -1.204e-01
  3.070e-02 -4.389e-01  3.199e-01 -3.109e-01 -7.040e-02  4.370e-02
 -9.500e-02  2.677e-01 -5.935e-01  6.110e-02  1.983e-01  2.859e-01
  1.461e-01  5.080e-02  8.500e-02  4.940e-02 -6.800e-03  1.785e-01
  9.910e-02  1.923e-01 -2.560e-02 -2.560e-02  2.346e-01  7.261e-01
  1.782e-01  3.795e-01 -1.017e-01 -3.180e-02 -2.130e-02  3.972e-01
  4.650e-02  8.710e-02 -3.598e-01 -1.681e-01 -1.271e-01  8.570e-02
  2.694e-01  1.033e-01  8.420e-02  9.650e-02  3.850e-02  9.600e-03
  2.229e-01  3.220e-02 -1.856e-01  4.400e-03 -2.233e-01 -2.681e-01
  3.408e-01  5.571e-01 -1.780e-02 -1.098e-01 -8.430e-02  1.278e-01
 -8.110e-02 -3.569e-01 -5.120e-02 -1.407e-01  3.420e-02 -1.720e-02
 -6.510e-02  2.600e-02 -1.245e-01 -9.160e-02 -2.660e-02 -3.505e-01
  1.001e-01 -1.224e-01  6.390e-02  3.610e-02  6.310e-02  1.810e-01
  1.027e-01  3.240e-01 -4.460e-01  9.530e-02  7.800e-02 -1.580e-01
 -8.380e-02 -5.390e-02 -1.908e-01 -1.883e-01  4.568e-01 -2.332e-01
  2.506e-01  3.260e-02 -2.995e-01  9.490e-02 -2.915e-01  1.416e-01
 -2.624e-01  3.375e-01 -9.490e-02 -4.600e-03 -2.127e-01  6.940e-02
  1.412e-01  2.263e-01 -9.140e-02  2.866e-01  4.600e-03  2.960e-02
 -2.446e-01  1.582e-01  1.368e-01 -1.366e-01  3.838e-01 -2.528e-01
  3.727e-01  1.545e-01  1.643e-01 -4.743e-01 -1.127e-01  1.309e-01
 -1.775e-01  3.567e-01  2.707e-01  6.770e-02 -1.456e-01  1.822e-01
 -1.155e-01  1.193e-01 -8.700e-02  1.116e-01 -4.354e-01 -2.240e-02
 -2.000e-04 -7.500e-03  3.346e-01 -8.200e-02 -5.540e-02 -3.629e-01
 -8.130e-02  8.980e-02 -3.230e-02  7.310e-02 -1.885e-01  1.888e-01
 -7.100e-02 -9.774e-01  4.250e-02  2.306e-01  8.420e-02 -4.260e-02
 -1.637e-01 -2.390e-02  1.017e-01 -4.117e-01  1.720e-02 -9.700e-02
  2.770e-02 -1.080e-02 -1.042e-01 -5.431e-01 -3.677e-01  4.067e-01
  1.816e-01 -3.310e-02 -4.658e-01  7.670e-02  2.400e-03  5.214e-01
  2.720e-02 -1.490e-02 -2.449e-01 -3.218e-01  1.442e-01 -4.302e-01
 -1.136e-01  7.600e-03 -1.987e-01 -4.473e-01 -1.419e-01 -3.552e-01
  2.622e-01 -2.181e-01 -1.861e-01  3.902e-01 -2.058e-01  5.100e-02
  5.800e-02 -2.564e-01  6.473e-01 -1.214e-01 -4.520e-02 -8.980e-02
  3.290e-02 -1.301e-01  1.497e-01  2.946e-01 -5.130e-02  2.132e-01
  1.595e-01  4.037e-01  1.694e-01  3.220e-02 -3.440e-02  9.270e-02
 -2.094e-01 -1.627e-01 -2.993e-01 -3.815e-01  2.069e-01 -1.809e-01
  1.765e-01  4.380e-02 -1.788e-01 -7.860e-02 -3.695e-01  3.256e-01
 -7.000e-02  4.698e-01 -1.747e-01 -3.445e-01 -1.640e-01 -4.320e-02
  3.672e-01  3.950e-02 -4.046e-01  3.896e-01  1.649e-01  3.615e-01]","[ 1.57700002e-01  1.89500004e-01  3.71199995e-01  1.93700001e-01
 -4.76000011e-01  2.23499998e-01 -2.53899992e-01  1.68099999e-01
  1.64499998e-01  1.40699998e-01  1.59700006e-01 -3.04800004e-01
  7.27000013e-02  2.17800006e-01 -2.69100010e-01  3.07099998e-01
  9.54999998e-02 -2.56599993e-01 -1.41499996e-01  2.38199994e-01
 -4.27700013e-01  1.25900000e-01 -6.41999990e-02  2.59900004e-01
  7.85000026e-02  1.17399998e-01  4.02799994e-01  3.17299992e-01
  5.29999994e-02  1.90000003e-03 -8.07999969e-02  5.29600024e-01
  2.01000005e-01 -3.97199988e-01  1.62200004e-01  1.99300006e-01
 -4.69000004e-02  2.37000003e-01  1.62400007e-01 -1.23599999e-01
  1.00299999e-01  1.50800005e-01 -1.56700000e-01  4.16000001e-02
  1.82200000e-01 -1.98899999e-01  1.48599997e-01  4.17999998e-02
  5.90000004e-02 -1.70100003e-01 -4.69999984e-02  2.34200001e-01
  1.98599994e-01 -1.02700002e-01 -2.57800013e-01 -1.36899993e-01
  1.30000003e-02  6.40999973e-02 -1.28099993e-01  1.40200004e-01
 -1.58000007e-01  7.03999996e-02  2.75599986e-01  8.34999979e-02
 -3.33999991e-02 -1.59899995e-01 -2.67699987e-01 -3.63400012e-01
  4.54000011e-02  5.39200008e-01 -5.07999994e-02 -5.53099990e-01
 -4.83999997e-02  1.89400002e-01 -2.58599997e-01  2.14699998e-01
  3.19499999e-01 -1.20399997e-01  3.07000000e-02 -4.38899994e-01
  3.19900006e-01 -3.10900003e-01 -7.03999996e-02  4.36999984e-02
 -9.49999988e-02  2.67699987e-01 -5.93500018e-01  6.10999987e-02
  1.98300004e-01  2.85899997e-01  1.46100000e-01  5.07999994e-02
  8.50000009e-02  4.94000018e-02 -6.80000009e-03  1.78499997e-01
  9.91000012e-02  1.92300007e-01 -2.55999994e-02 -2.55999994e-02
  2.34599993e-01  7.26100028e-01  1.78200006e-01  3.79500002e-01
 -1.01700000e-01 -3.18000019e-02 -2.12999992e-02  3.97199988e-01
  4.65000011e-02  8.70999992e-02 -3.59800011e-01 -1.68099999e-01
 -1.27100006e-01  8.56999978e-02  2.69400001e-01  1.03299998e-01
  8.42000023e-02  9.65000018e-02  3.84999998e-02  9.60000046e-03
  2.22900003e-01  3.22000012e-02 -1.85599998e-01  4.39999998e-03
 -2.23299995e-01 -2.68099993e-01  3.40799987e-01  5.57099998e-01
 -1.77999996e-02 -1.09800003e-01 -8.42999965e-02  1.27800003e-01
 -8.11000019e-02 -3.56900007e-01 -5.11999987e-02 -1.40699998e-01
  3.42000015e-02 -1.72000006e-02 -6.50999993e-02  2.60000005e-02
 -1.24499999e-01 -9.16000009e-02 -2.65999995e-02 -3.50499988e-01
  1.00100003e-01 -1.22400001e-01  6.39000013e-02  3.61000001e-02
  6.31000027e-02  1.80999994e-01  1.02700002e-01  3.24000001e-01
 -4.46000010e-01  9.52999964e-02  7.80000016e-02 -1.58000007e-01
 -8.38000029e-02 -5.38999997e-02 -1.90799996e-01 -1.88299999e-01
  4.56800014e-01 -2.33199999e-01  2.50600010e-01  3.26000005e-02
 -2.99499989e-01  9.48999971e-02 -2.91500002e-01  1.41599998e-01
 -2.62400001e-01  3.37500006e-01 -9.48999971e-02 -4.60000010e-03
 -2.12699994e-01  6.93999976e-02  1.41200006e-01  2.26300001e-01
 -9.13999975e-02  2.86599994e-01  4.60000010e-03  2.96000000e-02
 -2.44599998e-01  1.58199996e-01  1.36800006e-01 -1.36600003e-01
  3.83800000e-01 -2.52799988e-01  3.72700006e-01  1.54499993e-01
  1.64299995e-01 -4.74299997e-01 -1.12700000e-01  1.30899996e-01
 -1.77499995e-01  3.56700003e-01  2.70700008e-01  6.76999986e-02
 -1.45600006e-01  1.82200000e-01 -1.15500003e-01  1.19300000e-01
 -8.69999975e-02  1.11599997e-01 -4.35400009e-01 -2.23999992e-02
 -1.99999995e-04 -7.49999983e-03  3.34600002e-01 -8.20000023e-02
 -5.53999990e-02 -3.62899989e-01 -8.12999979e-02  8.98000002e-02
 -3.22999991e-02  7.31000006e-02 -1.88500002e-01  1.88800007e-01
 -7.10000023e-02 -9.77400005e-01  4.25000004e-02  2.30599999e-01
  8.42000023e-02 -4.25999984e-02 -1.63699999e-01 -2.39000004e-02
  1.01700000e-01 -4.11700010e-01  1.72000006e-02 -9.70000029e-02
  2.76999995e-02 -1.08000003e-02 -1.04199998e-01 -5.43099999e-01
 -3.67700011e-01  4.06699985e-01  1.81600004e-01 -3.31000015e-02
 -4.65799987e-01  7.67000020e-02  2.40000011e-03  5.21399975e-01
  2.72000004e-02 -1.48999998e-02 -2.44900003e-01 -3.21799994e-01
  1.44199997e-01 -4.30200011e-01 -1.13600001e-01  7.60000013e-03
 -1.98699996e-01 -4.47299987e-01 -1.41900003e-01 -3.55199993e-01
  2.62199998e-01 -2.18099996e-01 -1.86100006e-01  3.90199989e-01
 -2.05799997e-01  5.09999990e-02  5.79999983e-02 -2.56399989e-01
  6.47300005e-01 -1.21399999e-01 -4.52000014e-02 -8.98000002e-02
  3.29000019e-02 -1.30099997e-01  1.49700001e-01  2.94600010e-01
 -5.13000004e-02  2.13200003e-01  1.59500003e-01  4.03699994e-01
  1.69400007e-01  3.22000012e-02 -3.44000012e-02  9.26999971e-02
 -2.09399998e-01 -1.62699997e-01 -2.99299985e-01 -3.81500006e-01
  2.06900001e-01 -1.80899993e-01  1.76499993e-01  4.38000001e-02
 -1.78800002e-01 -7.85999969e-02 -3.69500011e-01  3.25599998e-01
 -7.00000003e-02  4.69799995e-01 -1.74700007e-01 -3.44500005e-01
 -1.64000005e-01 -4.32000011e-02  3.67199987e-01  3.95000018e-02
 -4.04599994e-01  3.89600009e-01  1.64900005e-01  3.61499995e-01]"
購入,"[ 7.850e-02  9.640e-02  5.500e-01  1.307e-01 -1.130e-02 -1.332e-01
 -5.950e-02 -1.119e-01 -6.600e-03 -1.559e-01  2.388e-01  9.020e-02
 -1.201e-01 -8.270e-02  3.024e-01  9.260e-02  8.910e-02  3.890e-02
  2.530e-02  1.759e-01  2.807e-01  7.000e-04  1.230e-02 -4.250e-02
 -5.430e-02 -2.600e-02 -3.945e-01 -5.120e-02 -2.694e-01  2.406e-01
 -3.569e-01 -1.611e-01  1.401e-01  8.640e-02  1.388e-01  1.640e-02
 -2.472e-01  1.050e-02 -1.018e-01  6.610e-02 -1.512e-01 -1.850e-02
 -1.699e-01 -2.823e-01 -2.050e-02 -3.510e-02 -1.276e-01  5.970e-02
  1.716e-01 -1.910e-02  1.165e-01 -1.060e-01  2.782e-01  1.150e-01
  5.310e-02 -1.352e-01  1.164e-01  2.371e-01  9.400e-02  1.319e-01
 -4.070e-02  5.730e-02 -1.481e-01  8.900e-03  2.450e-02 -1.520e-02
 -1.294e-01  9.740e-02 -3.416e-01 -2.363e-01 -4.680e-02 -1.024e-01
 -7.040e-02 -3.420e-02 -6.060e-02 -1.685e-01  1.168e-01 -3.770e-02
  1.113e-01 -7.040e-02 -6.680e-02  1.354e-01 -1.933e-01  1.334e-01
  4.200e-01 -6.770e-02 -1.380e-02 -9.150e-02  3.210e-02  2.710e-02
  2.353e-01 -1.030e-01  6.860e-02  1.251e-01  1.500e-03  8.140e-02
 -2.003e-01 -7.860e-02  4.150e-02 -6.800e-02 -1.114e-01  2.912e-01
 -4.620e-02 -2.260e-02  6.310e-02 -1.920e-02  3.895e-01 -1.600e-02
  4.170e-02 -1.760e-01 -1.406e-01 -9.930e-02  1.133e-01 -1.493e-01
  1.549e-01 -9.120e-02  3.757e-01 -4.100e-02  7.080e-02  3.260e-02
 -9.530e-02  3.789e-01 -1.334e-01 -3.010e-02  2.704e-01  8.890e-02
 -9.200e-03  1.243e-01  2.034e-01 -7.420e-02  8.020e-02  1.753e-01
 -9.580e-02 -1.489e-01 -2.040e-02  1.450e-01  2.170e-02  7.990e-02
 -6.090e-02  1.143e-01 -4.400e-02  6.670e-02  8.800e-03  5.500e-03
  3.310e-01  1.053e-01  1.121e-01 -1.401e-01 -7.860e-02 -1.505e-01
  1.000e-04  9.730e-02  2.153e-01 -4.590e-02  2.995e-01 -1.024e-01
 -3.990e-02  7.370e-02  1.190e-01 -1.890e-01  1.580e-01 -8.480e-02
 -7.100e-03 -3.148e-01 -5.470e-02  1.180e-02 -1.125e-01  6.530e-02
 -1.720e-01  5.530e-02  1.653e-01  9.700e-02 -1.666e-01 -4.380e-02
 -7.540e-02 -7.300e-02 -1.338e-01 -1.270e-02 -5.220e-02  1.684e-01
  1.211e-01  1.200e-03 -4.037e-01 -2.371e-01 -3.964e-01  2.682e-01
 -1.830e-01  3.930e-01 -3.140e-02  1.109e-01  8.900e-03  1.850e-02
  2.964e-01 -2.870e-02 -9.800e-03  2.140e-02 -1.708e-01 -1.618e-01
  5.760e-02 -6.880e-02  4.340e-02  8.950e-02 -1.900e-02 -1.212e-01
  6.600e-03 -2.310e-01  1.179e-01  1.730e-02 -3.520e-02 -2.830e-02
  1.138e-01 -2.676e-01 -9.010e-02  1.674e-01 -1.897e-01 -3.152e-01
  1.380e-02 -6.495e-01  1.330e-02  1.950e-02 -1.168e-01 -2.100e-02
  3.171e-01 -3.250e-02 -2.650e-02 -4.400e-03  2.330e-02  8.750e-02
 -5.770e-02 -2.952e-01  1.158e-01 -7.600e-03 -3.893e-01 -6.250e-02
 -2.630e-02 -6.850e-02 -1.647e-01 -1.799e-01  1.200e-03  9.510e-02
 -2.047e-01 -1.062e-01 -3.650e-02 -1.690e-01  1.509e-01 -4.553e-01
 -2.447e-01 -4.230e-02  6.740e-02  6.784e-01 -2.233e-01 -2.915e-01
  5.710e-02  2.230e-02 -4.530e-02 -2.627e-01 -4.710e-02  8.620e-02
  2.302e-01 -1.040e-02  7.900e-03  2.935e-01 -2.567e-01  6.470e-02
  1.016e-01  4.240e-01  1.175e-01 -1.825e-01 -6.460e-02  1.994e-01
 -1.935e-01 -2.233e-01  3.943e-01 -1.065e-01 -1.720e-02 -6.630e-02
  1.275e-01  5.000e-04 -1.086e-01  5.900e-02  7.029e-01  1.300e-02
  7.600e-03 -1.200e-03  6.050e-02  1.858e-01  1.041e-01  3.220e-02
  1.217e-01  2.110e-02 -9.330e-02  9.400e-02 -4.260e-01  8.480e-02
 -7.850e-02 -1.007e-01  1.045e-01  4.080e-02 -2.434e-01 -2.353e-01]","[-8.11571398e-02 -1.85142846e-02  5.21271425e-01  1.18571429e-01
  1.87242859e-01 -9.18714284e-02 -1.57085716e-01 -1.04128570e-01
  4.94999997e-02 -4.03428566e-02  2.29971428e-01  7.36142887e-02
 -1.07771428e-01 -4.13000014e-02  5.23428555e-02  4.59999990e-02
 -7.41857132e-02 -7.71428192e-04 -9.05857151e-02  9.92857399e-03
  1.93485711e-01  6.83000002e-02 -1.38714294e-02 -1.79714276e-02
 -4.79285680e-02 -1.18999964e-02 -6.82857113e-02 -8.25428553e-02
 -1.37828575e-01  1.38900002e-01 -5.67428587e-02 -1.26271428e-01
 -1.93571410e-02 -5.06428565e-02 -4.94285704e-02 -1.19142854e-02
 -1.42785714e-01 -1.66428556e-02 -4.30999964e-02  5.15714298e-02
 -9.91428421e-03  1.24285711e-02  2.93999988e-02 -1.73199998e-01
  9.30571431e-02 -3.75571424e-02  3.14857140e-02 -5.78571445e-02
  8.41857134e-02  2.50571439e-02  2.73428554e-02 -1.14857147e-01
  3.78714276e-02 -9.19999927e-03 -1.60285708e-02 -1.35085712e-01
  9.63428603e-02  1.60285713e-02 -9.81428527e-03  2.91428479e-03
 -5.33428577e-02  9.22857418e-03  5.38571434e-02 -3.11571443e-02
  1.95285702e-02  6.29428598e-02 -8.48285721e-02 -5.22142867e-02
 -3.11385720e-01 -5.19714280e-02  1.46285727e-02  1.01428479e-03
 -1.16185713e-01 -1.62857140e-02 -2.33999991e-02 -2.19285714e-01
  1.25814288e-01 -7.76857122e-02 -7.06571439e-02 -7.06857155e-02
 -3.27571432e-02  5.57571426e-02 -1.11928571e-01  5.66142849e-02
  1.39442855e-01  6.73714288e-02 -4.33714286e-02 -1.65428571e-02
  2.31571426e-02  1.94285650e-03  1.82114286e-01 -9.41714299e-02
  4.30571432e-02  1.19742856e-01  1.67157143e-01 -1.31285722e-02
 -1.55942855e-01  3.67142851e-02  5.74285866e-03  5.03857136e-02
 -2.03585715e-01  3.42471437e-01 -3.32285735e-02  1.32857135e-02
  1.73771427e-01  1.14871429e-01  2.11071428e-01  7.15714241e-03
 -7.75714272e-03 -7.92857150e-02 -2.26400001e-01 -1.02028569e-01
 -1.48571602e-03 -2.02428548e-02 -7.15000039e-02 -1.81471426e-01
  1.32899997e-01  6.22142870e-02  1.15200000e-01 -3.62142841e-02
 -3.62714274e-02  9.44571410e-02 -2.71142878e-02 -6.61428572e-02
  1.53814284e-01  6.09999948e-03  5.00000042e-03  9.03285699e-02
  2.09971429e-01 -1.01071426e-01  2.78142856e-02  1.63857143e-01
 -3.86857122e-02 -5.09285730e-02 -2.96857152e-02  2.10185712e-01
 -2.46142855e-02  1.60142845e-02  7.20000081e-03  1.49428586e-02
 -7.13142844e-02  6.28285714e-02  3.44000017e-02 -1.26628571e-01
  2.37871429e-01  6.26571413e-02  6.82999977e-02  4.26857142e-02
 -1.30428597e-02 -3.62999993e-02 -5.00428582e-02 -2.32857146e-02
 -6.63428587e-02  1.13285715e-01  3.67871427e-01 -2.32100000e-01
 -1.12714287e-01  9.10142889e-02 -3.64714286e-02 -9.40142870e-02
  2.33857147e-02 -1.13657141e-01 -7.78571419e-02 -3.43914281e-01
  9.61285701e-02 -3.04428573e-02 -1.21314288e-01 -7.02857125e-02
 -3.22714304e-02 -8.29999847e-03  2.12428580e-02 -1.01742857e-01
 -1.47085715e-01 -8.25142863e-02  4.37714277e-02 -4.01428342e-03
 -9.59142815e-02 -9.81428594e-03 -2.68571518e-03  2.19042859e-01
 -5.70857150e-02  1.35385713e-01 -2.39257139e-01 -4.74142871e-02
 -9.54571438e-02  1.19928570e-01 -1.94785716e-01  3.53600004e-01
  2.54142859e-02 -3.41285733e-02 -4.34142854e-02 -2.81571424e-02
  2.05857143e-01  6.29571421e-02 -5.25571419e-02 -2.31285718e-02
 -4.54285714e-02  7.30000090e-03  1.41214285e-01 -1.04714278e-02
 -3.09285708e-02 -3.81000017e-02  1.59714299e-02 -9.53857121e-02
 -1.81571435e-02 -1.61257145e-01  1.03942857e-01  3.42714284e-02
 -1.47571404e-02 -6.87000004e-02  3.82428571e-02 -2.12342855e-01
 -2.12428582e-02  9.50857153e-02 -1.83628568e-01 -7.51714285e-02
 -3.35571431e-02 -7.76985713e-01  1.26957140e-01  8.36142858e-02
 -9.41285725e-02 -5.00999995e-02  9.76142831e-02 -1.25114284e-01
 -3.39999989e-02 -1.04242855e-01 -2.10428579e-02 -2.96142857e-02
 -2.09428567e-02 -3.50428543e-02  1.08342860e-01  2.47571443e-02
 -4.05957141e-01  4.13857137e-02 -2.87714279e-02 -1.82142856e-02
 -2.79471429e-01 -4.45142849e-02  1.20428601e-02  2.00914287e-01
 -4.88428564e-02 -4.23999993e-02 -5.08714276e-02 -2.59142853e-01
  1.82714279e-02 -3.65099996e-01 -8.54142856e-02 -9.71999987e-02
 -4.12857027e-03  2.39971418e-01 -8.03857126e-02 -3.12614286e-01
  6.44285711e-03 -9.90000208e-03 -9.38857134e-02 -6.92857138e-02
 -8.91142862e-02  3.66285709e-02  1.48714286e-01  9.14000003e-02
  9.39999989e-02  9.28571381e-03  1.09714280e-02  1.10600000e-01
  1.07342859e-01  6.56857134e-02  1.83400000e-01  3.32142846e-02
  1.60857143e-02  9.47428580e-02 -1.50585715e-01  1.74857154e-02
  2.92285711e-02 -1.18500001e-01 -8.36571412e-02 -1.64785719e-01
  3.02714288e-02  1.33300000e-01  2.39571423e-02 -1.04285729e-02
  4.94985708e-01 -1.09799998e-01  9.78142872e-02 -6.68571494e-03
  1.87428580e-02 -3.27714309e-02  8.34285441e-03  6.99142856e-02
  1.02971430e-01 -6.69142867e-02  3.27142839e-02  1.26114282e-01
 -1.51214287e-01  1.33142858e-01 -2.63714290e-02  4.32714325e-02
 -5.97714282e-02  1.36514284e-01 -3.15428550e-02 -1.57000002e-01]"
活き,"[ 8.230e-02  6.730e-02 -1.791e-01  1.740e-02 -1.372e-01 -1.100e-03
 -2.937e-01 -2.728e-01 -1.788e-01  3.380e-01  2.394e-01  2.494e-01
 -1.318e-01 -2.879e-01  1.661e-01 -3.039e-01 -2.505e-01 -2.495e-01
 -2.551e-01 -2.705e-01 -2.624e-01 -1.139e-01 -1.079e-01 -5.300e-03
  9.010e-02  9.690e-02  1.310e-02 -1.200e-02 -9.610e-02  1.484e-01
 -5.080e-02  7.780e-02 -2.630e-02  7.590e-02 -1.931e-01  9.100e-02
 -8.250e-02 -1.191e-01  1.899e-01  1.394e-01 -2.250e-02 -4.200e-03
  6.300e-02 -1.274e-01 -7.750e-02 -2.651e-01  1.500e-03  1.235e-01
 -1.744e-01  1.371e-01 -1.620e-01  3.420e-02  3.394e-01 -2.292e-01
  3.999e-01  3.243e-01  1.547e-01 -2.374e-01 -9.250e-02  4.590e-02
 -7.050e-02 -3.000e-02  3.800e-02  2.960e-02  1.748e-01 -4.202e-01
  1.692e-01 -2.195e-01 -4.444e-01  9.210e-02  9.560e-02  5.830e-02
 -2.672e-01  2.763e-01  1.034e-01 -4.006e-01  9.900e-03 -3.100e-02
  7.000e-04 -1.655e-01  1.560e-01  1.301e-01 -7.290e-02 -5.990e-02
 -2.483e-01 -3.048e-01  1.953e-01 -8.320e-02  2.700e-03  8.520e-02
  1.360e-02 -1.751e-01 -8.080e-02  1.170e-01 -3.900e-02 -3.245e-01
  1.850e-02  7.800e-03  3.830e-02 -2.574e-01 -2.830e-02  2.112e-01
 -1.280e-01 -1.529e-01 -1.572e-01  1.972e-01  3.980e-01  2.758e-01
 -7.570e-02  3.440e-02  7.860e-02  1.148e-01 -4.515e-01  3.790e-02
 -1.835e-01  4.110e-02  1.214e-01 -1.720e-02  1.112e-01 -2.512e-01
 -1.450e-02 -1.190e-01  6.650e-02 -7.920e-02 -7.220e-02 -1.149e-01
 -4.860e-02 -4.460e-02  3.115e-01  7.510e-02 -7.370e-02  2.900e-02
  7.880e-02 -7.350e-02 -1.232e-01 -4.417e-01  1.398e-01  2.200e-03
 -3.357e-01  1.900e-02  2.937e-01  5.380e-02  2.770e-02 -1.342e-01
  3.000e-01 -1.350e-02 -9.680e-02  1.100e-02 -4.440e-02 -1.871e-01
 -2.081e-01  9.920e-02 -1.898e-01 -1.117e-01  6.530e-02 -7.180e-02
  3.201e-01  2.470e-01  2.899e-01  8.700e-03 -8.100e-03 -1.257e-01
  3.233e-01  2.489e-01  1.746e-01  7.000e-02  5.140e-02  1.022e-01
 -1.438e-01  3.970e-02  7.530e-02  5.000e-03 -2.932e-01  3.396e-01
  2.225e-01  1.777e-01  4.969e-01 -2.579e-01  4.830e-02  1.756e-01
  2.585e-01  3.259e-01 -1.304e-01 -2.521e-01  5.650e-02  1.156e-01
  2.270e-02  4.253e-01  5.780e-02 -1.420e-02  1.842e-01 -9.320e-02
  3.000e-02  3.140e-02  4.390e-02 -8.520e-02  1.900e-03 -5.050e-02
 -1.963e-01 -8.380e-02 -9.800e-03 -5.269e-01  1.229e-01 -1.448e-01
 -1.122e-01 -7.380e-02  1.941e-01  1.020e-02 -4.950e-02 -2.301e-01
 -4.930e-02  2.490e-01 -1.108e-01 -1.814e-01 -3.290e-01  1.900e-02
  1.018e-01 -7.470e-01 -1.906e-01 -6.710e-02  6.100e-03 -1.318e-01
 -8.730e-02 -4.320e-02  6.400e-03 -1.856e-01 -4.130e-02 -1.819e-01
  1.561e-01 -3.409e-01 -1.333e-01  1.605e-01 -4.288e-01 -1.866e-01
 -1.920e-02  3.900e-02 -5.393e-01 -2.380e-01  1.376e-01 -1.030e-02
  4.630e-02  1.030e-01 -3.680e-01 -6.970e-02  3.600e-01 -2.248e-01
 -1.589e-01 -2.543e-01  6.240e-02  1.161e-01  2.625e-01 -3.665e-01
 -6.080e-02 -7.140e-02  6.160e-02  1.400e-01  1.235e-01 -2.900e-03
 -5.100e-02 -1.712e-01  3.170e-02 -2.962e-01  1.767e-01  2.242e-01
  4.340e-02 -3.459e-01 -2.644e-01  4.570e-02 -7.390e-02 -1.483e-01
  1.137e-01 -7.530e-02 -2.907e-01  2.398e-01 -4.456e-01 -1.325e-01
  5.410e-02  1.910e-02 -9.760e-02  2.677e-01  7.499e-01  1.232e-01
  9.910e-02  2.462e-01  1.794e-01  2.216e-01  2.892e-01 -2.879e-01
 -1.692e-01  4.100e-01  1.035e-01 -1.672e-01  1.177e-01 -3.892e-01
  2.899e-01  2.055e-01  1.429e-01  1.840e-02 -1.920e-02 -2.920e-01]","[ 4.32999983e-02  3.39777773e-02  3.12855551e-01  1.61211116e-01
  3.59666652e-02  7.11108661e-04 -9.50333366e-02 -5.00777778e-02
 -1.30633334e-01  2.28400003e-01  1.56166666e-01  1.56588891e-01
 -1.44277775e-01 -2.50188889e-01 -9.04444506e-02 -1.45322221e-01
 -6.44333332e-02 -1.56666628e-03 -3.03900002e-01 -1.57344446e-01
 -1.03588890e-01 -3.61111181e-03 -2.56999992e-02 -9.55556209e-04
 -4.04777804e-02  8.62777788e-02 -4.49888897e-02  1.89777772e-02
  7.03333484e-03 -3.96333338e-02 -1.63933331e-01  4.09444442e-02
  7.08222222e-02 -1.75888922e-02 -1.21299998e-01 -1.93222229e-02
  2.29666657e-02 -7.60000029e-02  1.07777496e-03  1.91966669e-01
 -1.54311113e-01 -8.01000017e-02 -2.25666659e-02 -9.39111086e-02
 -5.98444409e-02  5.20000048e-03 -8.26333306e-02  2.68222229e-02
 -1.88844444e-01  6.60666674e-02 -8.05555553e-03 -1.28111133e-02
  1.06777779e-01  4.62444429e-02  1.89977776e-01  1.25922223e-01
 -4.98222244e-02 -9.18888886e-02 -1.27777786e-02  4.86666645e-03
 -1.98666661e-02 -5.06666572e-03  2.41555554e-02 -1.27111111e-01
  1.71466666e-01 -1.07888890e-01  2.06333362e-02 -9.27666606e-02
 -3.13944444e-01  2.52211111e-01  1.12500001e-01  1.72677777e-01
 -3.90888864e-02  1.88944448e-01  1.15777779e-01 -8.18666642e-02
  6.92888894e-02 -1.96333362e-02 -2.93222221e-02  4.28333332e-02
  1.21266669e-01  6.07555524e-02 -1.30733332e-01 -5.31555563e-02
  2.28444452e-02 -5.48555586e-02  5.68222230e-02 -1.17288887e-01
  1.23633337e-01  6.38222239e-02  1.16666769e-03  2.26444427e-02
  1.18355554e-01  8.44000003e-02  1.34555557e-01 -2.50488889e-01
 -3.50222214e-02  5.10000008e-02 -9.07444461e-02 -2.92444453e-02
  1.51444450e-02  3.87322215e-01  1.28111125e-02 -1.00644444e-01
  6.04777808e-02  1.72100002e-01  1.53177781e-01  6.86444449e-02
  3.51744440e-01 -5.11111122e-03 -1.70344442e-01  1.01066667e-01
 -1.38344445e-01  6.24444422e-02  3.04888867e-02  1.06755557e-01
  4.90888879e-02 -6.39000003e-02  1.77111111e-01 -1.35577773e-01
  3.62777758e-02 -1.50677780e-01 -1.07777797e-02  1.08222239e-02
  1.07944444e-01 -3.74555575e-02 -1.48888791e-03  2.03111083e-02
  1.94300000e-01 -4.03666678e-02 -3.96555563e-02  4.17666678e-02
 -3.16333331e-02  1.01222209e-02 -7.80000165e-03 -2.57566671e-01
  1.27677776e-01  1.87333345e-02 -1.66522221e-01 -1.55733332e-01
  1.56044443e-01  2.59999931e-03  4.16888892e-02 -4.78111131e-02
  2.73222221e-01 -6.39777790e-02 -9.54555550e-02  1.25655554e-01
 -2.26666654e-02 -1.24144447e-01 -4.72555577e-02  1.09988893e-01
 -8.29111106e-02 -2.15888872e-02  3.20666648e-02 -1.01400000e-01
  1.31311113e-01  9.41111115e-02  1.00633332e-01  3.19888885e-02
 -7.21333320e-02 -1.06022222e-01  1.23188887e-01  3.36999968e-02
  1.41666664e-01 -2.79999992e-02  3.47777777e-03 -5.15555554e-02
 -5.35444477e-02  5.76666659e-02  1.12877779e-01 -4.38666657e-02
 -1.81110866e-03  7.73222239e-02  1.22833333e-01 -5.48555562e-02
  1.49433333e-01 -1.02944444e-01  3.95888895e-02  1.48477780e-01
  7.56222237e-02  2.22333332e-01  1.56777745e-02 -1.52599998e-01
  7.57222186e-02  1.20666664e-01  1.78444457e-02  2.83588890e-01
 -1.93000000e-02 -4.08333357e-02 -3.16111102e-02 -1.72777768e-02
  3.97555545e-02  1.23199997e-01  1.14811110e-01 -8.01777788e-02
 -4.80333313e-02 -9.84333339e-02  1.44877779e-01 -7.68444443e-02
 -1.25111110e-01 -1.54633334e-01 -8.46666665e-02 -3.48011110e-01
 -6.44111109e-02 -1.54433331e-01  1.09811108e-01 -6.28777781e-02
 -9.80999980e-02 -4.32000009e-02  4.59222206e-02  1.79677778e-01
 -1.64466665e-01 -1.39099999e-01 -1.03577777e-01 -1.36666673e-02
  5.72111097e-02 -9.19399997e-01 -4.73999993e-02 -7.41000003e-02
  4.82222202e-02 -3.03777781e-02  7.58000017e-02  3.96666810e-03
  8.89999840e-03 -1.09833333e-01 -3.62222235e-02  2.73777766e-02
 -1.27777716e-03 -1.07444444e-01 -1.08811111e-01 -6.49555574e-02
 -4.48900001e-01  1.28555554e-02 -9.96666671e-02  6.75666676e-02
 -4.90400005e-01 -1.67655553e-01 -2.30222211e-02  2.13466671e-01
  1.07177778e-01  7.42222094e-03 -1.81144446e-01 -2.28366668e-01
  7.32000027e-02 -3.01255559e-01 -9.51111084e-02 -2.93333303e-03
 -1.87888928e-02 -3.05833330e-01  4.72999985e-02 -3.83222217e-01
 -8.90777766e-02 -1.46999999e-02  6.00111102e-02  8.90999997e-02
  7.68333296e-02  8.02222214e-02 -5.82666631e-02  6.98777756e-02
  2.13222236e-02 -1.23955559e-01  5.24333330e-02  2.67677781e-01
 -9.06888866e-02 -1.51411108e-01 -6.59777798e-02 -5.96666833e-03
 -4.69333345e-02  1.49611110e-01  4.32777780e-02  2.47555564e-02
 -2.84044445e-01 -4.42333334e-02 -8.72000005e-02 -1.53044447e-01
 -2.25777791e-02  1.60888894e-02 -1.33822221e-01  1.48022221e-01
  3.99155555e-01  8.02777768e-02  6.83666673e-02  6.05111117e-02
 -6.11110942e-03  3.03222204e-02 -5.41110978e-03 -1.08555555e-01
 -4.33777794e-02  1.30866669e-01  4.04333350e-02 -1.07333332e-01
  1.27422223e-01 -5.93777770e-02  4.84133330e-01  4.48888900e-02
  4.36777780e-02  1.73933333e-01 -5.44222219e-02 -2.22322220e-01]"
土産店,"[-0.31620002 -0.2148      0.7688      0.3089      0.4024     -0.2157
 -0.4386     -0.263       0.0062      0.3994      0.2191      0.0685
 -0.1491     -0.3147     -0.58640003  0.00209999 -0.0992      0.1397
 -0.4537      0.22219998  0.5928      0.179      -0.3875      0.0126
  0.23869999 -0.1956     -0.0105      0.45200002 -0.3164      0.1019
 -0.16170001 -0.2332      0.07880001  0.005       0.11939999  0.08279999
 -0.3449     -0.0194     -0.1153     -0.1436      0.52349997  0.1399
  0.32250002  0.0204      0.1145     -0.4157      0.15089999  0.0818
  0.2518      0.1674      0.15140001  0.3438     -0.01809999 -0.222
  0.20899999  0.4414      0.1158     -0.506       0.4451      0.04390001
 -0.2435     -0.2095     -0.1866     -0.0564      0.1723      0.151
 -0.2532     -0.2171     -0.0933      0.1454     -0.371       0.12979999
 -0.04119999  0.1859      0.0789     -0.3965      0.306       0.072
 -0.182      -0.7413     -0.174       0.5819     -0.2153     -0.0137
  0.21640001  0.2642      0.16749999  0.5071      0.521       0.122
  0.1695     -0.0944      0.1602      0.2662      0.1066     -0.49519998
 -0.19929999  0.10649999 -0.1523     -0.0613     -0.2534      0.9332
 -0.086       0.0227      0.59819996  0.4882     -0.00780001 -0.3712
  0.0022      0.1733     -0.8763     -0.8502      0.0064     -0.1707
  0.2658      0.20220001  0.1094     -0.1505      0.31089997  0.0981
 -0.0377     -0.206       0.1141      0.204      -0.4666     -0.3746
 -0.28350002 -0.0602     -0.2613     -0.19530001  0.4432      0.0296
  0.5882     -0.1428     -0.0336      1.0452      0.3627      0.02
 -0.1751     -0.045      -0.1767      0.0436      0.2818      0.0204
  0.4054      0.1982      0.0251      0.18720001 -0.2135      0.01990001
 -0.2281      0.43809998  0.4959     -0.3334      0.8146     -0.16229999
 -0.274       0.098      -0.0033     -0.12279999 -0.26160002 -0.0607
 -0.0388      0.0113     -0.0249     -0.1481      0.1073     -0.6581
 -0.064       0.1315      0.2033      0.11279999  0.8655     -0.0472
 -0.0333     -0.23730001  0.039      -0.028       0.1636     -0.15849999
  0.0659     -0.5231     -0.3211     -0.0979     -0.1178      0.3915
 -0.0192      0.29360002  0.0214      0.0647     -0.0516      0.0733
  1.0019      0.0276      0.1921      0.1948      0.2055     -0.3587
  0.21489999  0.4875     -0.1464     -0.20989999  0.1697     -0.3502
 -0.255      -0.1412     -0.2329      0.0949     -0.4529      0.1686
  0.2514     -0.2725      0.0116      0.128      -0.1806     -0.4174
 -0.04229999 -1.513       0.1159      0.0685     -0.2261     -0.3055
 -0.1945      0.2308     -0.0834     -0.321       0.3107     -0.1038
 -0.0525     -0.16260001  0.2078     -0.0377     -0.85740006  0.11229999
  0.146      -0.4208     -1.0688     -0.06030001  0.0122      0.3531
  0.1315     -0.0475      0.6        -0.528      -0.0172     -0.4908
 -0.0325      0.2716      0.0112     -1.1271     -0.23709999 -0.92280006
 -0.3425      0.0528      0.0401      0.1612      0.3183      0.17609999
  0.22459999  0.0287     -0.23660001 -0.2008     -0.07440001  0.1649
  0.31        0.0914      0.2778     -0.1724     -0.1993      0.4153
  0.3496     -0.0528      0.3862     -0.23460001 -0.064      -0.4268
  0.0232      0.2307      0.092       0.32        0.4677     -0.0748
 -0.3575     -0.4939     -0.1744     -0.035      -0.2926      0.11619999
  0.2774      0.101       0.28440002 -0.1207     -0.7794      0.5001
 -0.5037     -0.43850002 -0.45270002  0.24350001 -0.00240001 -0.3412    ]","[ 1.34278691e-02  8.80819547e-03  5.65659016e-01  2.53516394e-01
  1.34295066e-02 -4.76672124e-02 -6.09360648e-02 -6.00721307e-02
 -8.43508189e-02  2.44336065e-01  1.57004918e-01  7.48393439e-02
 -7.12622953e-02 -7.91393429e-02 -3.19340985e-01  3.22213110e-02
 -1.48852465e-02 -4.30491802e-02 -3.66726229e-01  3.06852454e-02
 -3.92737705e-02  9.97081964e-02 -2.59985247e-01  2.27180324e-02
  2.72229505e-02 -5.55475402e-02  1.97475419e-02  3.06213120e-02
 -1.06877048e-01  4.06934418e-02 -8.84819664e-02 -3.23065581e-02
  2.72459005e-02  4.11967204e-02  4.02295088e-03  6.04672123e-02
 -1.32540984e-02  1.69836033e-03  2.92475416e-02 -5.21409857e-02
  5.34819682e-02 -4.46836070e-02  1.25193442e-01 -6.45737702e-02
 -2.52754101e-02 -4.36590186e-02 -2.03459019e-02  5.88672122e-02
  3.98590156e-02 -6.70491742e-03  2.17655740e-02 -1.08245903e-02
 -3.40737691e-02 -7.72032778e-02  1.78685246e-01  8.96393458e-02
  4.80950825e-02 -2.53832788e-01  1.29481968e-01 -9.57375669e-04
 -4.04393447e-02 -7.01737719e-02 -4.58754094e-02  1.34885255e-02
  1.06590164e-01  2.05590161e-02 -5.52491806e-02 -3.82622963e-02
 -8.52065577e-02  4.50918046e-02  8.96393474e-03  1.03613115e-01
 -1.04655736e-02  7.78245910e-02  6.52442627e-02 -3.35981968e-01
 -4.29803288e-02  2.79803284e-02 -6.00196731e-02 -1.45849181e-01
  2.24049172e-02  1.01819671e-01 -1.49739344e-01  4.33836071e-02
  2.98344271e-02  2.43754097e-02 -5.57049252e-03  7.33540968e-02
  7.91032791e-02  3.54426208e-02  7.72229509e-02  2.45393435e-02
 -7.10590178e-02  1.13798360e-01  9.96885208e-03 -1.62157377e-01
 -2.70229509e-01  4.92737699e-02 -1.24960655e-01 -3.77295072e-02
 -9.31524581e-02  4.85616393e-01 -3.37819671e-02  8.42131061e-03
  1.54436065e-01  3.68472130e-01  4.06885240e-02 -3.81426229e-02
  4.63311476e-02  7.51803282e-02 -3.97113113e-01 -1.70467213e-01
  4.23950828e-02  9.76065516e-03  9.39688548e-02  9.58393436e-02
 -3.48770493e-02  7.46049169e-02  1.43027868e-01  2.04131140e-02
  3.68557380e-02 -9.74721318e-02  8.08229515e-02  5.62819678e-02
 -1.81278684e-02 -8.03721302e-02 -6.74065564e-02 -6.86065558e-02
 -1.04560658e-01 -2.87229502e-02  2.09180197e-03  1.91344260e-02
  5.23918045e-02 -8.83229513e-02  1.50262290e-02  2.63983600e-02
  1.35714755e-01  3.34163928e-02 -1.36450819e-01  7.41098367e-02
  4.73459010e-02  4.11377041e-02  6.78836063e-02  1.90409829e-02
  4.65526231e-01 -1.24967200e-02 -3.00163949e-03  3.99196728e-02
 -5.68803273e-02 -1.49178660e-04  4.74590160e-02  5.77786879e-02
  1.69465573e-01 -3.38360658e-02  2.52688525e-01 -3.08344255e-02
 -9.38524679e-03  4.78754102e-02  6.32721316e-02 -4.22885239e-02
 -1.15881967e-01 -9.82967218e-02 -9.10147546e-02 -4.59901631e-02
  2.19032788e-02 -1.07524598e-02 -1.88927869e-01 -1.16622951e-01
  3.54999993e-02  5.65540997e-02  9.29803277e-02 -4.29885252e-02
  7.95032780e-02  6.75196720e-02  2.30409849e-02 -2.81573769e-02
  4.17475404e-02 -1.61590159e-02  6.59540999e-02  1.40424590e-01
  3.32344263e-02 -3.90655759e-03 -5.02278697e-02 -2.37983615e-02
 -2.23114749e-02  1.16991803e-01  9.81311560e-03  1.02160656e-01
  3.55786886e-02 -2.43606552e-02 -3.83983605e-02 -8.45803279e-02
  4.31762295e-01  7.64065559e-02  1.72696721e-01 -6.98163927e-02
  2.70490324e-04 -6.87901641e-02  1.55590171e-02  1.51639374e-03
 -2.19180328e-02 -2.66786895e-02  6.28885254e-02 -8.65016404e-02
 -1.22337704e-01 -1.79706558e-01  9.47901649e-02  2.83606566e-02
 -2.92540983e-02 -3.39704928e-02  9.08426242e-02  1.45098358e-02
 -1.20729508e-01 -3.96065565e-03 -3.83114747e-02 -7.03311491e-02
  4.21836074e-02 -1.30001148e+00  9.74262351e-03 -7.42950822e-02
  2.67622957e-02 -8.45393437e-02  5.51426218e-02  1.42295091e-02
  6.75163932e-02 -2.13136064e-01 -4.01016384e-02 -7.18475413e-02
  3.62688524e-02 -6.23622950e-02  5.32950873e-03 -1.79721291e-02
 -5.83493443e-01 -2.96229516e-02 -7.39999926e-03 -2.73393448e-02
 -6.35854102e-01 -7.16770498e-02  3.56573779e-02  1.22254099e-01
  6.16557291e-03 -3.01475397e-02  1.42293444e-01 -4.14239343e-01
  8.29360650e-02 -3.49057377e-01 -1.22568853e-01  2.46540989e-02
 -5.47000008e-02 -2.19160655e-01 -4.03098360e-02 -5.95862297e-01
 -1.17272131e-01  4.71967186e-03  7.15360641e-02  1.69595080e-01
 -4.59540968e-02  1.71147484e-03  6.29360670e-02  1.33067213e-01
  6.69311475e-02 -5.81508199e-02 -4.86131145e-02  2.09737690e-02
 -6.91803565e-04 -3.78049168e-02  1.01122953e-01 -5.01655739e-02
 -5.35836070e-02  9.37541077e-03  2.17327862e-02 -3.76999992e-02
 -1.50409826e-02  6.00114746e-02  3.35409812e-03 -8.92508213e-02
  2.13573774e-02  7.30032782e-02 -9.49508194e-02  1.01204919e-01
  1.75095080e-01 -1.50475412e-02 -3.61704916e-02 -1.12178689e-01
 -3.31967232e-03 -1.75903277e-01 -3.55131155e-02  4.26426225e-02
 -2.57376055e-04  7.01327872e-02  7.73065586e-02  6.15573701e-03
 -2.39975413e-01  8.61311481e-02 -1.23552459e-01 -6.65491799e-02
 -7.09524574e-02  1.10885248e-01  5.51065570e-02 -1.59416392e-01]"
海鮮,"[ 1.6600e-01  1.1000e-01  3.4000e-02 -6.0000e-03 -6.6400e-02  1.0970e-01
 -2.8840e-01 -2.2540e-01 -1.6050e-01  4.6710e-01  1.4070e-01  2.6280e-01
 -4.2150e-01 -3.7290e-01 -4.7600e-01 -1.4560e-01  3.6400e-02  1.6410e-01
 -3.7510e-01 -2.8300e-02 -4.1830e-01 -4.1800e-02 -3.1210e-01  9.3600e-02
  3.1440e-01 -4.5830e-01 -1.6530e-01 -1.5400e-02 -2.7330e-01 -2.6000e-03
  3.8530e-01  1.4300e-02  1.6290e-01  6.8100e-02 -3.0390e-01  3.0480e-01
  2.4600e-01 -1.0100e-02  2.6750e-01  1.7640e-01 -1.6200e-02  7.2400e-02
  3.3040e-01 -9.4100e-02  3.3700e-02 -2.8860e-01 -2.9250e-01  5.7300e-02
  9.1300e-02 -4.3300e-02  6.1700e-02  1.5110e-01  1.9000e-02 -4.2500e-02
  2.1170e-01  1.5040e-01  3.1500e-02 -4.9620e-01  2.3010e-01 -1.3490e-01
 -9.1200e-02 -3.4400e-01 -2.0000e-03 -1.0600e-02 -3.6600e-02 -7.4400e-02
 -3.0400e-02 -2.6650e-01 -3.1170e-01  1.8760e-01  3.1940e-01 -9.3400e-02
 -3.4100e-02 -1.5160e-01  3.8360e-01 -4.6670e-01 -1.0390e-01 -1.1810e-01
  8.5500e-02 -4.0000e-01  6.8000e-03  3.6400e-02  2.3400e-02 -2.5800e-02
  1.8790e-01  1.4000e-03 -1.6800e-02 -1.1620e-01  1.2400e-01 -1.1450e-01
 -2.0780e-01  4.2000e-02 -2.2260e-01  2.4090e-01  1.2490e-01 -4.8280e-01
 -2.8400e-01  1.1300e-01 -5.1300e-02 -1.1910e-01 -6.2000e-03  2.7980e-01
 -2.6600e-02 -2.3000e-02  2.3590e-01  8.4710e-01 -7.4800e-02 -4.6000e-02
  1.6700e-01  4.0700e-02  1.6000e-01 -2.1540e-01  7.0000e-04 -4.9400e-02
 -7.3200e-02  2.8090e-01 -2.0380e-01  1.1670e-01  1.3690e-01  1.5840e-01
  1.7840e-01 -2.8680e-01  2.5020e-01 -7.2600e-02 -2.7870e-01 -3.8750e-01
  2.1600e-02 -3.3010e-01 -3.5220e-01 -3.2040e-01  1.0270e-01 -9.4400e-02
 -2.9700e-01  7.2800e-02 -4.3200e-02  3.5710e-01  1.7570e-01  2.1610e-01
 -1.3920e-01  1.4670e-01  1.9740e-01 -4.0800e-02 -1.6230e-01  2.1990e-01
  3.3800e-02  1.8070e-01  1.8960e-01 -9.7400e-02 -8.6200e-02  2.1900e-02
  5.1600e-02  3.8400e-02  4.1200e-02 -3.6200e-02  4.4470e-01 -1.9070e-01
  6.6600e-02 -1.0000e-02  5.6100e-02 -7.3100e-02 -3.4630e-01 -4.7800e-02
 -3.4950e-01 -2.9590e-01 -6.2200e-02 -2.9990e-01 -1.5840e-01  2.5000e-03
  1.2120e-01  1.7870e-01  3.1200e-01 -1.7300e-01  2.3710e-01  1.6250e-01
  2.2800e-02  1.1220e-01 -2.9260e-01 -2.4400e-01 -7.3100e-02  1.6490e-01
  3.2200e-02 -1.7240e-01  4.4460e-01 -3.4470e-01 -1.2730e-01  5.7000e-02
  1.8260e-01 -1.3580e-01  1.1780e-01  5.2500e-01 -8.6700e-02  2.2940e-01
  2.0500e-01  1.0230e-01 -7.5800e-02  9.6300e-02 -1.3080e-01 -1.8660e-01
 -1.8000e-02 -7.5100e-02  2.0470e-01 -1.9740e-01  3.5100e-02 -1.2560e-01
 -1.7370e-01 -4.5800e-02  1.0040e-01  2.0190e-01 -1.2780e-01 -2.1400e-02
  5.2840e-01  2.3230e-01 -1.2170e-01  3.9200e-01  4.5010e-01 -1.1010e-01
  2.3530e-01 -1.2011e+00  2.7400e-01 -3.5400e-02  4.5400e-02  1.9900e-02
  1.9920e-01  2.9280e-01  1.0960e-01 -7.0800e-02 -1.9500e-01  1.1700e-01
  4.8300e-02 -2.9220e-01  2.6600e-02  3.1000e-02 -3.9860e-01 -5.5700e-02
 -1.1670e-01  1.3400e-02 -4.3640e-01 -1.6850e-01 -8.9100e-02  4.9720e-01
 -5.9200e-02  5.8900e-02  2.2330e-01 -2.8070e-01  4.2420e-01 -3.4900e-02
  1.1150e-01  1.7710e-01 -2.2480e-01 -1.2800e-02  6.9800e-02 -5.1700e-01
 -3.1290e-01 -2.7000e-03  1.4800e-01 -6.4000e-03 -3.6700e-02 -2.4700e-01
  6.4500e-02  2.3970e-01  1.9980e-01 -3.8490e-01  4.4900e-02  3.0480e-01
 -2.5250e-01 -3.4290e-01  1.8440e-01  1.5660e-01 -8.8600e-02  2.6550e-01
  5.0800e-02 -9.8800e-02 -1.2200e-01 -2.2170e-01  6.4800e-02 -1.5300e-02
  1.6990e-01  8.1300e-02  1.1200e-02  2.4900e-01 -1.0420e-01  1.1790e-01
 -5.9100e-02 -3.1000e-03 -3.4790e-01 -2.3200e-02  3.0470e-01  2.8920e-01
 -3.5080e-01  3.8630e-01  9.0700e-02  2.0640e-01 -2.1520e-01  1.1250e-01
 -1.1790e-01 -7.8800e-02 -8.0800e-02  3.6300e-02  1.1090e-01 -1.4030e-01]","[ 1.29889474e-01 -6.34789492e-02  4.37957891e-01  2.38956138e-01
 -5.77824549e-02 -1.71140329e-02 -2.12528067e-01 -1.44950879e-01
 -1.94477194e-01  4.27350874e-01  1.17985966e-01  1.66338596e-01
 -3.30707020e-01 -1.78405262e-01 -4.93549124e-01  4.21263138e-02
  3.30000008e-02 -2.33403513e-02 -5.44136841e-01 -1.35770174e-01
 -2.22438598e-01  1.63622807e-01 -5.47478950e-01 -1.10035090e-02
  2.22589473e-01  1.74014036e-01 -9.89631573e-02 -6.25403505e-02
 -1.80001754e-01  3.65052608e-02  5.37228062e-02 -1.06992983e-01
  8.33736839e-02 -8.44315800e-02 -1.60229824e-01  8.10421050e-02
  1.72387721e-01  6.32982515e-03  1.59484212e-01  4.10157901e-02
 -2.10263155e-02 -3.02491231e-02  1.59899997e-01 -7.64298247e-02
  8.04701755e-02 -5.00368417e-02 -6.65719296e-02 -1.37315770e-02
 -8.42280535e-03  6.69298319e-03  9.63000014e-02  9.57192981e-02
 -1.90701634e-03 -4.80842080e-02  1.71270175e-01  2.27956144e-01
  2.29649117e-02 -3.64424559e-01  1.61777194e-01 -4.30842106e-02
 -1.67329826e-01 -5.12912266e-02 -2.41280702e-02  5.03157888e-02
  1.00249123e-01 -1.49678947e-01  5.91226803e-04 -2.04928069e-01
 -2.62985963e-01 -2.48350889e-02  9.17421049e-02  1.26526316e-01
 -5.01210538e-02  2.66578957e-02  1.61159649e-01 -3.55470171e-01
  4.49298102e-03 -6.87807035e-02  5.71754384e-02 -3.13626315e-01
  3.44896486e-01 -1.07385963e-02 -9.51087709e-02  8.18964898e-02
  1.26333345e-02  5.37543869e-03  2.35736845e-02 -4.22456453e-03
  1.26703508e-01 -1.25187719e-01 -1.11568423e-01  2.74789475e-02
 -2.53263149e-02  2.62164911e-01  1.18342104e-01 -3.28842105e-01
 -3.95833336e-01  1.47287720e-01 -1.66040352e-01 -2.33078946e-01
 -1.11757891e-01  4.79687714e-01 -3.07526321e-02 -8.16087724e-02
  2.65840348e-01  6.22812285e-01 -4.60473699e-02 -2.12350859e-02
  1.46845614e-01  9.06140618e-03 -2.80129824e-01 -3.74122787e-02
  1.05910527e-01 -2.74666676e-02  2.83912290e-02  3.80054385e-01
 -2.78373682e-01  5.69859630e-02  2.04950874e-01 -1.02591227e-01
  1.27561404e-01 -2.25152635e-01  4.80245616e-02  6.48807038e-02
 -7.47719296e-02 -2.05771930e-01  3.25210528e-02 -1.32605264e-01
 -1.98498245e-01 -1.52728070e-01  7.05859655e-02  6.93561392e-02
 -1.15829823e-01 -6.35877198e-02 -1.12612278e-01  9.73210582e-02
  1.91029825e-01  9.63263157e-02 -1.91021054e-01  3.91070156e-02
  1.64963157e-01  4.39456145e-02 -3.83228069e-02  1.14459649e-01
  2.98763157e-01 -1.14685964e-01 -6.83368426e-02  9.65666671e-02
 -7.06192995e-02 -1.11201752e-01  3.86035088e-02  1.01326316e-01
  1.19510527e-01  2.95789501e-03  4.04724564e-01 -2.98796492e-01
  1.94840350e-01 -6.15350892e-02  8.11017538e-02 -1.10470173e-01
 -1.73754386e-01 -9.34315791e-02 -1.19891229e-01 -1.12645612e-01
 -7.14385797e-03 -2.23601752e-01 -6.43508788e-02 -5.43614025e-02
  6.04508775e-02  9.28052622e-02  2.15040349e-01 -1.70803508e-01
  2.28968424e-01  1.60419296e-01  4.96175436e-02  8.25613937e-03
  7.40105266e-02  1.39631565e-02 -3.62140353e-02  1.73677194e-01
  5.37859635e-02 -1.06954388e-01  3.03519296e-01 -2.59992984e-01
 -9.29105247e-02  1.35449125e-01  5.19824574e-02 -5.51105257e-02
  6.49894737e-02  1.51208772e-01 -7.30859635e-02 -9.79350880e-02
  2.38585965e-01  8.48912302e-02  1.75022811e-01 -9.83771933e-02
  1.27526310e-02 -1.50596477e-02  1.36464914e-01  1.78754384e-02
  4.21754361e-03 -1.50361405e-01  4.91561406e-02 -1.46001754e-01
 -1.53421053e-01 -1.17210526e-01  6.80315797e-02  1.02612280e-01
 -3.83701761e-02 -8.42491210e-02  1.58994736e-01  5.16543868e-02
 -1.99752631e-01  9.43192978e-02  6.67842112e-02 -4.80543880e-02
  1.12992981e-01 -1.68109823e+00  5.30754374e-02 -1.17473694e-02
  8.03491239e-02 -2.88649140e-02 -2.38631574e-02  1.22273686e-01
  1.13817542e-01 -2.26842105e-01  2.40982450e-02 -7.39912294e-02
  9.50561391e-02 -4.92245617e-02 -6.98245619e-02  1.03221055e-01
 -5.94540351e-01 -3.65017538e-02 -1.79529825e-01  3.93649114e-02
 -7.47415794e-01 -2.14454390e-01 -8.43298265e-02  1.91828072e-01
  7.60403529e-02 -6.71824540e-02  2.70938599e-01 -5.56987717e-01
  1.93610525e-01 -3.11745614e-01 -9.01368419e-02  1.08412281e-01
 -2.94366672e-01 -1.59035090e-01  4.33333323e-02 -7.78850886e-01
 -2.11617545e-01 -4.80385975e-02  5.16701764e-02  2.06710524e-01
  1.25784212e-01  7.00649130e-02  1.89249123e-01  2.39829826e-01
  1.95910527e-01 -2.02315788e-01  1.85754390e-02  1.27745613e-01
 -1.43391228e-01 -1.23438598e-01  1.27494741e-01  9.95456128e-02
 -2.21521052e-01  1.30119301e-01  6.44912211e-03 -6.17824562e-02
 -2.76921050e-01 -4.32561401e-02 -1.31649123e-01 -3.63912271e-02
  4.65262827e-03  9.75964917e-02 -4.95684211e-02  1.78128070e-01
 -1.51391225e-01 -2.94491216e-02 -7.54596477e-02 -1.31807032e-02
 -2.29970175e-01 -1.66257896e-01 -1.76105273e-02  5.76649132e-02
 -8.88385949e-02  1.71842105e-01 -4.98614013e-02  7.19912309e-02
 -1.57901756e-01  1.05291224e-01 -2.00401756e-01 -1.67847370e-01
 -6.93614040e-02  7.94175440e-02 -3.04824533e-02 -2.73231579e-01]"
